NAME : synthetic_000585
TYPE : CTSP-D
DIMENSION : 100
GROUPS : 8
RELAXATION_LEVEL : 1
EDGE_WEIGHT_TYPE : EXPLICIT
EDGE_WEIGHT_FORMAT : FULL_MATRIX
EDGE_WEIGHT_SECTION
999999999 458241 656576 619323 631021 351608 958687 584418 945944 291965 494439 657104 453731 718085 640341 559778 331605 607418 914517 150797 781205 737815 609950 611435 460262 848524 275898 226499 444557 622372 519246 414579 539005 305137 536145 722409 828876 461972 781357 575219 911057 325326 988171 287527 318460 482648 602782 179136 857713 914008 136804 831651 330336 747160 721433 844797 114849 462188 237388 291125 753394 429929 786312 522955 283858 385523 467044 555507 365547 481938 697381 482891 654082 395286 462121 174927 527793 355600 822859 369362 358248 694974 717817 451323 239104 430849 577974 498767 198737 590806 248889 602505 459631 570758 717234 914186 769646 407666 457102 426265
458241 999999999 269514 405452 179804 158895 539189 371435 617673 185380 36957 383730 80100 356520 406550 228179 130674 333618 604828 308229 428913 384079 374936 204686 157004 475982 440335 496311 518876 282650 358706 566411 117908 293637 229225 355997 385659 145797 465573 277899 479060 327948 535213 231405 483404 375561 244412 381778 418172 466237 402873 431240 191453 289392 516561 450719 358324 496040 230565 178825 313870 302676 455882 161740 425978 431522 600576 116645 274943 182697 392444 347130 230893 128373 398205 300013 404765 240583 367869 323597 379283 335623 379861 323098 397974 306626 293950 127705 404216 134433 216783 275487 393638 539976 307948 462136 326420 548309 528056 431535
656576 269514 999999999 243255 157259 425806 303064 610611 756043 367757 242819 595885 341943 515019 632456 106184 378037 555919 759160 522353 578273 542500 605659 66493 196381 595694 521284 747971 788379 480503 273195 834640 320884 560045 135359 510083 408449 403040 636736 502365 508293 596081 376830 371573 748026 638276 441506 519921 442722 293523 556732 175524 326624 268279 320101 550210 542658 764961 468327 372054 144302 295385 193108 391186 502976 700954 599399 294399 544456 434130 156273 608201 361021 263754 361524 532682 318790 509928 344702 359127 414571 72186 122183 587584 501617 572978 142633 164351 527842 192390 454295 90887 659799 457075 67338 431610 368955 568381 514636 700623
619323 405452 243255 999999999 382123 524237 461905 776883 980848 386696 398446 783590 485077 727763 810585 189770 454133 736065 978409 525149 796204 756095 779647 278482 252727 823440 396482 776343 882463 674125 101333 908173 502076 641269 178549 724358 649407 550612 847202 680154 750193 682120 592605 352037 808947 770710 634096 446794 684148 510571 490261 334566 328113 509393 115335 782061 509317 869438 510403 398549 383042 189698 208789 562693 379143 792978 398632 483206 648926 588040 128691 744942 576034 314491 184664 555849 114830 612371 587735 251720 281401 203354 179243 717035 401638 697452 118415 280375 439442 399081 499151 161088 781926 224998 295755 674631 606113 385893 316439 805734
631021 179804 157259 382123 999999999 333030 366462 464760 601773 343747 143179 442340 227823 357777 481599 198858 309941 405448 603107 483283 421653 385315 456725 103976 217605 442608 563825 674783 674434 326498 381710 730831 179803 465200 221510 352908 275450 277599 479486 353972 377383 495594 357464 372699 654867 508295 288489 530359 310859 286557 558861 274163 325806 142715 472176 400007 524969 646005 409602 341702 137004 367753 345084 250789 546898 591347 685605 150477 435789 301823 312849 476975 203763 250700 454269 478884 431130 405257 228340 415976 475605 228115 278526 461269 531032 450257 266076 160229 546997 50363 395643 221331 534670 574678 159073 324534 226399 643603 603977 583497
351608 158895 425806 524237 333030 999999999 696942 292741 617173 174938 192340 340225 112618 372628 342255 368922 74916 286259 592722 206578 439994 394941 308451 362360 274749 503261 429518 343258 366459 278533 455154 408842 194707 134798 361772 375962 481738 110773 452844 241222 560220 170343 679502 235378 324519 250797 254042 338539 508898 615879 342467 590090 222782 418301 639284 495120 278252 348162 117365 160514 469519 376672 606633 171395 420355 277439 621615 216793 125247 135876 535826 228958 304366 209991 464995 177223 493587 88692 485187 367941 410004 488848 530169 197609 378557 176179 425536 270396 368327 283988 109439 418555 258181 610859 466775 571533 423429 562016 563609 283646
958687 539189 303064 461905 366462 696942 999999999 805102 818165 668044 504634 760865 594241 641332 808495 405880 663457 737327 838668 821057 681692 662476 790351 349095 499117 665243 814680 1034486 1039436 651002 535636 1097242 539915 830560 433385 633421 440860 642386 752024 693955 506736 861837 189312 674607 1020542 867093 620176 821977 461215 149008 859455 133863 629391 350840 467865 609844 845226 1009503 759671 671054 229963 584028 263257 607879 796229 957435 859033 510152 802222 663155 333277 835356 513289 563948 629928 826777 570046 771628 364731 651631 702547 281523 285239 823018 800000 813794 415422 461216 828382 416789 745471 373147 896184 683924 241670 393308 441634 839863 775349 947996
584418 371435 610611 776883 464760 292741 805102 999999999 369793 467108 381553 88408 292132 214538 55985 595911 364563 72327 333526 468303 243391 215820 30554 545185 526695 316412 719492 458607 303878 157589 725303 386507 289728 279290 599950 223184 430835 227217 213173 111837 459177 263399 716542 527742 372065 123266 184964 621715 439482 681416 617310 735503 510725 458316 887412 340647 546355 262009 390837 452856 584540 657055 803696 220081 711390 265440 914243 316736 219862 189143 753621 107271 293148 479457 749620 423397 768700 237886 479395 657296 701975 682476 731351 134485 667661 153708 664175 497696 652950 420370 388961 640207 161412 895411 623822 528071 393498 854336 855863 227237
945944 617673 756043 980848 601773 617173 818165 369793 999999999 773696 605838 289428 559335 261221 315413 792004 674233 338620 48262 816840 188970 233611 340981 705365 764415 161187 1039273 827468 646514 343310 962217 731264 500479 643023 808378 262283 379686 514716 165175 376349 317264 631774 660313 831708 736337 489781 376883 955160 356971 669716 959285 807712 800950 502193 1073940 212355 892679 604115 731143 761411 659630 918608 928314 466314 1027751 628905 1215689 509853 581451 482461 912202 477034 405651 745755 1013933 776823 1011033 590759 457249 940601 994640 822853 872278 503255 990535 520536 862743 715768 984235 581940 725441 821779 525339 1151760 734892 431884 396273 1160758 1145356 586939
291965 185380 367757 386696 343747 174938 668044 467108 773696 999999999 217423 508546 217025 517630 515220 277677 103151 454505 753859 155169 588943 543139 481389 319767 173850 644480 265866 395759 501284 430388 302125 521929 292546 262092 258375 518998 571011 260111 612684 404641 663538 303286 698844 60671 422250 420172 398049 196577 603350 623172 218242 543279 58821 470184 500856 625764 181844 493093 123883 14625 461861 214580 515885 308258 254055 412965 448916 298951 284444 295367 432138 401217 410960 104170 295529 173553 333539 250342 551259 194722 235074 412944 442555 368497 218774 345974 311762 207107 220212 308190 113333 324613 421192 440124 426375 646463 511708 390648 388793 431812
494439 36957 242819 398446 143179 192340 504634 381553 605838 217423 999999999 385408 99192 344982 412519 214388 167631 337650 595734 344709 416912 373073 382153 176739 159419 459534 465975 532096 547061 278610 360628 597349 107002 326476 220050 343562 355553 162063 458405 281758 451058 359462 498257 259435 516513 396464 239073 412794 388810 429444 435614 399483 216851 254127 506753 430810 393235 522526 267521 212037 278095 312949 432660 164329 450943 460770 618645 96767 303870 196063 374191 366952 209642 147609 408138 336969 408237 270656 333976 340789 398168 311335 357424 345144 425533 330188 283368 118162 434023 97488 253734 259068 417070 546801 276543 429041 296851 568323 543704 458384
657104 383730 595885 783590 442340 340225 760865 88408 289428 508546 385408 999999999 309966 136817 52635 596756 405666 54110 257711 531892 155616 132181 57917 533040 540569 228316 769419 544089 390978 115862 742436 474219 282322 353605 605044 145844 361353 251588 127449 106688 378487 343188 656492 568806 459844 211362 154379 677687 365483 629255 677761 703800 545435 410116 890010 255223 608965 348726 448950 495012 549562 682285 787070 222225 759711 353577 957310 304478 292094 214179 745877 192724 249897 503437 776993 489942 788286 302970 417938 691065 740016 668006 718039 215699 718718 231744 667288 503554 708000 403556 444827 637332 249739 921199 599613 455978 331718 899154 893799 315645
453731 80100 341943 485077 227823 112618 594241 292132 559335 217025 99192 309966 999999999 301101 329236 307959 127328 258198 542334 303887 372866 327130 296992 275729 234675 427457 482517 454719 449775 217329 434692 503352 85284 238754 309307 302192 375148 65706 401455 203302 459351 267862 567753 273110 427607 297611 182476 408724 404215 505924 422204 495139 241816 305689 596569 409972 366850 424104 216504 206069 364748 372332 531681 93252 470036 364786 656804 104580 208392 103025 471174 268473 202068 193561 467176 283107 479461 177443 373768 384268 436327 410471 456230 246010 435782 231035 374049 207745 434974 177599 204863 354727 317884 611235 373091 462023 315978 601432 588677 360251
718085 356520 515019 727763 357777 372628 641332 214538 261221 517630 344982 136817 301101 999999999 189451 538013 421437 146127 251708 578437 72415 28396 187333 458272 504005 130758 783429 640874 516109 95783 703248 596805 239268 429695 552244 9040 225747 263923 121731 149255 244651 430866 524546 574208 568322 328172 120192 705048 228673 503608 713469 598522 541513 292878 826161 133536 650839 475021 489767 506065 443703 657508 698965 209575 771111 466499 955565 249659 369232 237370 670434 302680 154138 484716 752896 543868 751695 367265 286974 679740 734304 585320 635680 315598 736037 324633 609354 456838 732826 329964 482021 571709 367046 891540 505929 319298 202264 901445 884418 433623
640341 406550 632456 810585 481599 342255 808495 55985 315413 515220 412519 52635 329236 189451 999999999 626243 412159 76544 278113 522930 203525 183930 33838 568312 563311 274724 770899 512104 345442 158431 763927 429599 313890 335204 632474 198478 413773 266533 163313 131351 430408 319216 707841 575879 422842 174700 193693 674738 418117 678887 671423 747270 556404 458289 919188 305345 600867 302815 444047 501185 593897 699165 824813 248267 762292 315539 963607 338498 275502 228041 779697 162122 295675 520542 792800 478522 808514 292301 469303 702932 749320 704633 754265 190352 719352 209689 695847 530274 705760 440298 441553 668692 211291 938104 640080 508593 382980 904242 903351 275249
559778 228179 106184 189770 198858 368922 405880 595911 792004 277677 214388 596756 307959 538013 626243 999999999 309137 550759 788823 432576 606667 566353 596299 101300 104483 635665 415141 669185 735310 485705 184422 773152 314471 498324 29485 534660 473163 373398 657471 495061 575062 537091 480852 272475 680701 602997 445645 416144 508487 397978 454116 274452 230023 335930 293273 596066 445067 716507 389183 284412 242105 190978 241767 378039 396851 646062 501771 294257 493207 409206 166926 575036 386678 177626 264713 448939 233381 457036 419253 253270 309461 135689 166393 550054 395767 532520 71424 100905 422798 210100 375722 49845 619151 376565 173384 512171 425256 467064 417745 651833
331605 130674 378037 454133 309941 74916 663457 364563 674233 103151 167631 405666 127328 421437 412159 309137 999999999 351586 652907 180808 491670 445941 378336 318594 209438 550313 365593 371612 429982 331354 381722 464109 210887 190035 298395 423528 499526 159518 511912 302452 586067 229877 665886 163756 372167 325375 301251 283789 529658 596497 295218 548787 147992 416437 569441 535801 239869 415386 99893 89379 441933 301954 550197 212297 354928 340324 552031 224734 195661 193316 474785 303870 329098 140077 390101 169350 419267 159412 491257 293689 337449 436032 474036 272372 316325 250703 360460 215680 311397 265092 86171 358955 331156 535994 426205 582879 440007 493513 491409 351601
607418 333618 555919 736065 405448 286259 737327 72327 338620 454505 337650 54110 258198 146127 76544 550759 351586 999999999 309343 479626 186234 151938 53027 491780 490622 259281 715343 504684 370024 86778 692062 450749 237622 305954 557697 154371 358652 198364 173983 55925 390138 299083 644792 514807 426049 182343 118618 624022 367960 611187 624681 672525 491869 388715 843911 276672 556357 329100 395833 440942 519862 630176 748324 173380 705607 322220 903319 261979 244112 160600 703316 158185 224135 451264 724613 438535 737410 252146 407311 637726 686289 628094 677721 175347 664689 188337 620697 455697 654231 363797 391404 592727 221299 869197 564137 456090 321306 845089 840141 287966
914517 604828 759160 978409 603107 592722 838668 333526 48262 753859 595734 257711 542334 251708 278113 788823 652907 309343 999999999 788969 182235 223335 305827 705755 755068 173854 1018499 788791 602743 325008 954867 687321 489157 610202 803691 254401 397958 493815 141203 351617 345439 596775 686952 812771 695754 451070 361108 931260 378550 691215 933477 820888 784057 512747 1074600 228859 865616 560557 704728 741135 670188 907201 936128 449099 1007604 588486 1199026 501157 549094 459829 915403 440233 402523 732008 1002725 747555 1003208 560664 474919 925876 978651 827509 877416 467875 968960 486156 860018 708518 960902 579565 699774 820936 485646 1142535 742152 458446 407800 1142988 1130598 545909
150797 308229 522353 525149 483283 206578 821057 468303 816840 155169 344709 531892 303887 578437 522930 432576 180808 479626 788969 999999999 644467 599926 490498 472010 329002 709187 274033 251879 405532 483534 431408 405326 389044 199691 412351 582058 678817 317242 651680 441226 762536 233266 840746 173338 301554 384452 460510 164008 708101 768184 150355 697788 205508 596652 635715 701679 78154 409344 89393 150334 609172 339212 669062 377246 272085 326119 479980 404911 250895 341073 583557 376543 505205 258633 398104 49478 452414 230638 672064 293980 307542 568013 596638 342722 222421 320097 462663 359967 196004 441626 99405 478902 371081 530237 579573 763487 619468 417398 443394 357672
781205 428913 578273 796204 421653 439994 681692 243391 188970 588943 416912 155616 372866 72415 203525 606667 491670 186234 182235 644467 999999999 45806 213216 523852 575666 73330 854807 690729 546594 161500 774203 629757 311548 486647 621848 73364 247552 333034 71504 206414 235628 483555 549479 645936 611622 364924 190903 774815 239893 538752 781998 650050 613698 341071 892596 104106 718088 504321 556494 577165 496650 729639 758294 280685 842686 506633 1027909 321123 425138 304129 734360 343323 220292 557127 824975 608057 822834 427180 318732 752155 806671 647410 697550 361568 807043 373868 677823 527697 802982 397331 549387 638756 403727 963132 564382 330268 240645 973647 956833 470117
737815 384079 542500 756095 385315 394941 662476 215820 233611 543139 373073 132181 327130 28396 183930 566353 445941 151938 223335 599926 45806 999999999 186924 486186 532189 111464 809003 653446 519473 116454 731579 601393 267104 445760 580636 32423 239132 287476 94751 164587 246478 444657 540344 600175 577632 333858 145098 729190 238107 522873 736678 623042 568127 315932 854265 125104 673148 477779 511689 531360 468496 685430 725615 234881 796898 474157 982505 277938 384641 259160 698090 310107 181925 512145 780854 564186 779995 384916 304431 707038 761322 612574 662900 325694 761244 336414 637683 485192 757284 358127 504373 599875 372840 919727 532279 329360 221489 928073 911773 439517
609950 374936 605659 779647 456725 308451 790351 30554 340981 481389 382153 57917 296992 187333 33838 596299 378336 53027 305827 490498 213216 186924 999999999 540947 531425 286114 737223 488407 333586 139615 731607 416546 285667 304972 601822 196139 406972 233677 182958 103296 431612 291080 696275 542049 402526 153778 171321 641445 414141 663804 638605 724962 522740 441572 888894 311365 568322 291509 410886 467350 572601 666065 798435 218365 728552 295973 929771 311273 244535 195172 751350 136773 277134 487584 759524 446568 775922 259894 458296 669293 715534 677765 727125 162324 685727 180339 665501 499533 672395 414048 408189 639410 191966 904935 615647 503494 372056 870422 869563 257751
611435 204686 66493 278482 103976 362360 349095 545185 705365 319767 176739 533040 275729 458272 568312 101300 318594 491780 705755 472010 523852 486186 540947 999999999 157958 546504 501079 690008 723160 418247 285548 770865 255567 497015 128104 453898 373766 336558 579628 437718 475447 532292 393345 332243 685892 571803 378818 486342 408946 312619 520382 230198 285492 235356 368884 503910 499200 699196 412144 322204 150854 286399 259034 325417 483207 636140 601272 229827 479414 367691 213529 541709 304282 216173 365173 478352 334251 445262 318100 343442 401830 137428 186226 521193 475501 506745 163817 112682 497778 130166 397980 117474 593505 477004 108232 410880 328105 564265 517725 634965
460262 157004 196381 252727 217605 274749 499117 526695 764415 173850 159419 540569 234675 504005 563311 104483 209438 490622 755068 329002 575666 532189 531425 157958 999999999 615443 348003 564832 638935 437064 202086 672948 266360 399473 89327 502308 485269 299565 617784 434894 585841 439189 550505 175825 578727 518326 397883 328423 520340 470401 363024 371419 130283 359590 366579 583074 346279 622617 285110 180078 308154 157483 345471 318381 330666 549326 472452 254565 399996 337558 266240 492278 363196 73368 251062 344462 249054 363434 445246 198771 258408 239164 270659 464702 319042 445496 151191 57632 340029 203542 271794 152972 530734 387538 258696 541804 430533 427567 393369 558244
848524 475982 595694 823440 442608 503261 665243 316412 161187 644480 459534 228316 427457 130758 274724 635665 550313 259281 173854 709187 73330 111464 286114 546504 615443 999999999 909706 763389 619094 226198 809693 702519 358217 557186 653439 127362 224385 394065 123431 276046 184612 555459 518275 699730 684915 438216 249872 834102 206957 518316 843492 648082 664886 341307 914405 55820 781398 576700 620467 633412 498847 771785 767145 338016 896826 579961 1076539 362776 495987 368125 751695 416626 252498 604123 866376 674491 858928 496301 301121 799205 855266 661978 711284 434515 863237 446361 705808 564259 861409 425810 612605 663483 476993 1001016 573707 291564 235559 1023999 1003011 543334
275898 440335 521284 396482 563825 429518 814680 719492 1039273 265866 465975 769419 482517 783429 770899 415141 365593 715343 1018499 274033 854807 809003 737223 501079 348003 909706 999999999 490110 676905 695994 297477 666960 554523 469673 385935 784687 819905 524864 877476 667735 916869 505804 893576 210242 564080 651181 663915 111921 853845 811567 143639 680893 249259 703516 480121 889083 206963 682904 331705 277879 651596 230906 593864 574123 18451 599828 206098 556942 513406 558815 503761 638957 670980 320396 215105 323279 287047 486055 788500 163120 116009 533420 539234 604879 52536 581735 400185 404167 82034 541637 331527 441825 641790 298211 588525 885307 762002 143508 181567 631653
226499 496311 747971 776343 674783 343258 1034486 458607 827468 395759 532096 544089 454719 640874 512104 669185 371612 504684 788791 251879 690729 653446 488407 690008 564832 763389 490110 999999999 234699 549446 683280 190054 531558 222805 652488 647441 804453 430241 671167 491894 868075 211038 1022455 424330 106106 337798 544084 381450 826711 959024 346532 920179 451759 758694 887496 774346 289285 262674 280423 386687 810129 591091 910056 487617 494388 204312 689504 556719 276193 432013 827685 351660 626653 491561 646763 222276 703596 290568 819813 544025 550574 801884 835489 329508 445400 317078 707503 583895 408487 626527 294214 717721 303586 772288 797789 899643 749506 628642 670740 248750
444557 518876 788379 882463 674434 366459 1039436 303878 646514 501284 547061 390978 449775 516109 345442 735310 429982 370024 602743 405532 546594 519473 333586 723160 638935 619094 676905 234699 999999999 442130 803053 84864 500195 241198 727204 524394 720179 397120 507773 383123 759962 200409 984648 550067 129381 190000 453940 565063 733854 935899 539921 944850 559573 716008 997733 644458 470495 42759 379591 487917 809618 715654 972605 435352 676573 89659 882745 529781 243988 377788 902158 219346 558059 569889 790793 358330 834469 279170 756556 686062 709419 853758 896172 220917 626531 226549 790124 636724 596002 624205 388458 784989 152715 930079 822832 818697 674550 820249 848920 91905
622372 282650 480503 674125 326498 278533 651002 157589 343310 430388 278610 115862 217329 95783 158431 485705 331354 86778 325008 483534 161500 116454 139615 418247 437064 226198 695994 549446 442130 999999999 638960 519325 172374 335187 495845 100647 278600 172060 184192 59904 322656 338593 559053 488579 481902 252146 40060 613792 291831 524434 620515 589150 459066 301964 778458 226582 556708 403022 395236 418119 435517 585153 671329 124114 684443 383809 874053 191618 275460 142712 631505 223323 137718 408187 680624 448300 686093 271872 322478 601189 653653 552559 602686 230247 647468 236071 556779 395759 642262 288375 387952 524664 289790 822579 483819 376986 237119 818280 805805 354980
519246 358706 273195 101333 381710 455154 535636 725303 962217 302125 360628 742436 434692 703248 763927 184422 381722 692062 954867 431408 774203 731579 731607 285548 202086 809693 297477 683280 803053 638960 999999999 823105 467581 562699 160202 701027 656930 498344 818754 636484 758880 603908 645668 260237 722076 705508 599616 345642 692307 562209 389172 403170 243542 520308 204695 773370 410573 793226 425551 315213 417317 92249 298171 520343 279780 714297 328489 453729 577167 536738 209625 681901 557563 247705 94301 465306 49572 541085 603632 150625 181649 258433 251366 651970 300506 631102 130814 246508 338130 385811 415439 182348 712852 193133 336628 696107 607633 304389 243601 730703
414579 566411 834640 908173 730831 408842 1097242 386507 731264 521929 597349 474219 503352 596805 429599 773152 464109 450749 687321 405326 629757 601393 416546 770865 672948 702519 666960 190054 84864 519325 823105 999999999 561886 275325 762192 604909 795779 456720 592263 459680 839623 238590 1052408 564530 103842 268786 528073 555596 811016 1000086 525275 996832 580741 783166 1022696 726492 460622 127553 398047 509702 867383 733035 1013569 500793 668942 141588 870436 590910 295048 442183 938837 296121 629217 601324 801221 362559 850526 326771 828394 696288 712865 897166 937199 292171 618958 293398 823177 677426 584969 680479 409034 822991 230159 935543 873819 894239 748106 808597 844400 164345
539005 117908 320884 502076 179803 194707 539915 289728 500479 292546 107002 282322 85284 239268 313890 314471 210887 237622 489157 389044 311548 267104 285667 255567 266360 358217 554523 531558 500195 172374 467581 561886 999999999 310788 323643 238417 289870 105659 351425 182693 375230 334407 494573 344359 494878 328935 132532 487793 319143 438425 503841 453948 307330 227499 607698 334605 450746 469602 301784 283209 310824 418343 513976 71279 540854 420627 718438 29808 269985 123291 465844 297470 118962 246262 513797 368117 515240 244858 290609 441489 497115 392768 441789 283242 510096 274007 385182 223407 512624 132219 290126 355320 356546 653509 337276 377272 230700 665818 645854 408484
305137 293637 560045 641269 465200 134798 830560 279290 643023 262092 326476 353605 238754 429695 335204 498324 190035 305954 610202 199691 486647 445760 304972 497015 399473 557186 469673 222805 241198 335187 562699 275325 310788 999999999 488380 435387 581979 207815 479545 281210 648270 41230 804491 314431 190051 185052 325094 362426 604884 744475 349644 724868 319669 538285 756535 561769 276771 231001 145288 248283 602136 476609 738315 264822 465435 151829 673888 337159 61855 209753 664523 179802 403923 329293 555639 151048 595580 67788 597350 452067 481913 621905 661921 147049 417235 125888 550444 402105 394496 415423 151577 548167 172155 698042 601560 676878 526745 611656 629041 170357
536145 229225 135359 178549 221510 361772 433385 599950 808378 258375 220050 605044 309307 552244 632474 29485 298395 557697 803691 412351 621848 580636 601822 128104 89327 653439 385935 652488 727204 495845 160202 762192 323643 488380 999999999 549292 496802 375013 670573 501808 598754 527853 510334 248625 668031 600985 455852 389190 532191 427462 427793 301184 207918 360849 287481 615311 421306 709934 373577 266172 271335 161565 257686 384371 367621 637678 473504 305467 486821 411782 176928 573816 402730 162176 237069 431130 209655 450379 444890 223868 279976 159048 184296 547651 367296 529321 64961 102313 394999 227807 360451 66711 615413 353239 202648 538561 447508 438045 389738 645394
722409 355997 510083 724358 352908 375962 633421 223184 262283 518998 343562 145844 302192 9040 198478 534660 423528 154371 254401 582058 73364 32423 196139 453898 502308 127362 784687 647441 524394 100647 701027 604909 238417 435387 549292 999999999 216766 266722 127069 155591 236078 437199 515779 575208 575631 336205 122584 707264 219641 495300 716209 591677 541965 285442 822109 126932 654052 483391 493222 507590 436963 656338 693295 211357 772212 474148 955634 247777 375159 241116 665699 310454 149617 484308 751650 548006 749597 372492 278351 679449 734317 580152 630480 322866 737565 331530 605943 454539 734844 326074 485271 567803 375041 889786 500044 310258 193862 901823 884034 441574
828876 385659 408449 649407 275450 481738 440860 430835 379686 571011 355553 361353 375148 225747 413773 473163 499526 358652 397958 678817 247552 239132 406972 373766 485269 224385 819905 804453 720179 278600 656930 795779 289870 581979 496802 216766 999999999 377687 319055 337071 101952 596054 302202 614974 749855 530396 268051 767427 35412 294339 787783 430440 571718 140206 726897 169106 738662 681495 591617 563957 289195 640354 560442 317791 804254 657538 957487 275105 529591 372443 559038 500889 178732 499527 729008 657412 706245 514234 77580 683146 742516 466717 513216 504032 780828 505818 537439 428104 789409 281883 579994 489141 567528 849662 372300 98525 59591 912519 877177 631730
461972 145797 403040 550612 277599 110773 642386 227217 514716 260111 162063 251588 65706 263923 266533 373398 159518 198364 493815 317242 333034 287476 233677 336558 299565 394065 524864 430241 397120 172060 498344 456720 105659 207815 375013 266722 377687 999999999 352687 145661 451746 229231 599891 319457 389490 235256 144224 441813 402943 544000 449549 549967 294004 331851 662260 384454 387670 368451 227900 247320 412511 432734 594291 61378 513799 315774 707299 134260 164374 38506 535827 205225 198969 254016 526715 287192 542309 140686 389593 439478 488833 472729 519343 185332 475834 172876 439745 273382 470202 227575 219161 419798 258391 671744 429625 470741 320913 650123 642429 305946
781357 465573 636736 847202 479486 452844 752024 213173 165175 612684 458405 127449 401455 121731 163313 657471 511912 173983 141203 651680 71504 94751 182958 579628 617784 123431 877476 671167 507773 184192 818754 592263 351425 479545 670573 127069 319055 352687 999999999 211667 302355 470440 620952 671568 585018 336192 221212 791231 310870 609793 794549 716792 643052 408660 946964 168971 727622 465036 566183 599998 562546 768239 820356 308290 866486 478030 1057972 365677 417773 319062 792062 319533 275775 592051 863774 611711 866612 425915 389859 785370 837768 707042 757396 343146 828101 358996 728890 573195 820627 450765 560687 692342 373729 1004707 627025 400780 310475 1001815 989996 438380
575219 277899 502365 680154 353972 241222 693955 111837 376349 404641 281758 106688 203302 149255 131351 495061 302452 55925 351617 441226 206414 164587 103296 437718 434894 276046 667735 491894 383123 59904 636484 459680 182693 281210 501808 155591 337071 145661 211667 999999999 382448 281632 611554 464491 422384 193355 75160 579712 351339 572661 582958 623804 439649 349149 788145 282523 516515 344548 354860 391436 472708 575604 695145 117462 657349 323906 852713 207988 220283 109274 648534 163934 184185 396749 670308 402946 682034 220767 377201 584879 634494 574476 623868 170393 617758 176857 564885 399782 609287 310809 349102 537343 230535 814536 513013 435581 293070 795171 788072 295351
911057 479060 508293 750193 377383 560220 506736 459177 317264 663538 451058 378487 459351 244651 430408 575062 586067 390138 345439 762536 235628 246478 431612 475447 585841 184612 916869 868075 759962 322656 758880 839623 375230 648270 598754 236078 101952 451746 302355 382448 999999999 657268 343069 710027 804403 570895 323991 860076 66578 357754 878298 515516 667899 240868 825178 133412 825934 719228 673946 655586 383075 741540 652686 390404 901580 706127 1058271 364819 591933 439766 656732 543874 257383 596963 830675 737385 808186 581444 166390 783074 842266 564265 609538 552838 876436 558440 638983 528935 883200 382299 663152 590336 609467 951586 468704 115025 155638 1012531 978367 675635
325326 327948 596081 682120 495594 170343 861837 263399 631774 303286 359462 343188 267862 430866 319216 537091 229877 299083 596775 233266 483555 444657 291080 532292 439189 555459 505804 211038 200409 338593 603908 238590 334407 41230 527853 437199 596054 229231 470440 281632 657268 999999999 828971 355239 160597 157568 333318 397116 617153 771385 381651 758809 360899 561068 797413 564125 308679 189817 185458 289501 632572 517821 776310 282230 502278 110858 710822 362026 66565 224630 703602 158512 419750 369587 596520 183863 636793 90584 616198 492755 521658 659070 699862 128924 453550 111450 590303 439931 429163 445440 192332 586904 138641 738594 635650 692383 542481 648426 667743 129789
988171 535213 376830 592605 357464 679502 189312 716542 660313 698844 498257 656492 567753 524546 707841 480852 665886 644792 686952 840746 549479 540344 696275 393345 550505 518275 893576 1022455 984648 559053 645668 1052408 494573 804491 510334 515779 302202 599891 620952 611554 343069 828971 999999999 721214 989374 800047 536674 877634 312015 83519 909606 267375 673897 269252 624699 462686 880663 949694 765778 697862 242508 671661 420885 551696 875531 910864 973992 467404 764188 610425 468444 768684 428540 600442 736805 835224 687831 739311 238561 733519 790295 390886 415507 763732 868842 759575 515539 499501 890480 400807 751978 465267 833910 817269 310372 228624 324860 944972 889073 893095
287527 231405 371573 352037 372699 235378 674607 527742 831708 60671 259435 568806 273110 574208 575879 272475 163756 514807 812771 173338 645936 600175 542049 332243 175825 699730 210242 424330 550067 488579 260237 564530 344359 314431 248625 575208 614974 319457 671568 464491 710027 355239 721214 999999999 462631 478544 455269 157672 648218 642816 188515 545618 47334 506277 463532 678867 172703 544633 170624 74899 480309 168877 501039 365539 197098 463116 388513 347645 341631 355255 413585 460460 461312 122042 241317 205070 286029 308449 589536 137790 174724 407467 431005 427439 166569 404726 292962 221912 175567 342929 162907 315055 477906 383952 434521 685798 556264 330700 328236 484787
318460 483404 748026 808947 654867 324519 1020542 372065 736337 422250 516513 459844 427607 568322 422842 680701 372167 426049 695754 301554 611622 577632 402526 685892 578727 684915 564080 106106 129381 481902 722076 103842 494878 190051 668031 575631 749855 389490 585018 422384 804403 160597 989374 462631 999999999 248846 483114 452482 768823 931950 423189 914483 480902 721123 922962 701377 357399 156710 298678 410568 791860 631425 922189 440649 565687 107450 768257 522609 225371 382227 844959 268303 576129 506139 698039 259395 748364 250990 774128 593194 609076 807981 846131 252770 515644 245975 727646 587575 482183 604912 310425 730392 211551 831790 791155 847280 698145 706213 740881 150058
482648 375561 638276 770710 508295 250797 867093 123266 489781 420172 396464 211362 297611 328172 174700 602997 325375 182343 451070 384452 364924 333858 153778 571803 518326 438216 651181 337798 190000 252146 705508 268786 328935 185052 600985 336205 530396 235256 336192 193355 570895 157568 800047 478544 248846 999999999 265425 546032 543855 755494 534616 782325 472155 533161 884904 458854 461794 151251 320328 405557 639217 627329 829120 259364 645683 142219 853239 358661 138468 206610 768005 31784 371713 458757 714412 336073 744379 170100 568823 614894 652035 707704 753814 53702 598647 74674 665882 502094 578036 459375 322564 650923 38983 859837 663554 628890 485768 791536 803201 105664
602782 244412 441506 634096 288489 254042 620176 184964 376883 398049 239073 154379 182476 120192 193693 445645 301251 118618 361108 460510 190903 145098 171321 378818 397883 249872 663915 544084 453940 40060 599616 528073 132532 325094 455852 122584 268051 144224 221212 75160 323991 333318 536674 455269 483114 265425 999999999 584862 285724 497584 593633 553943 424091 274107 738417 242022 531800 416519 371405 386268 401287 547087 632847 89799 651866 389488 838950 151587 267970 120980 591912 234865 109036 370961 642613 427944 646937 259177 303452 564833 618097 513630 563661 236059 616176 238011 516723 355937 612645 249187 363124 484689 301320 783998 446560 366347 220610 783876 769597 364389
179136 381778 519921 446794 530359 338539 821977 621715 955160 196577 412794 677687 408724 705048 674738 416144 283789 624022 931260 164008 774815 729190 641445 486342 328423 834102 111921 381450 565063 613792 345642 555596 487793 362426 389190 707264 767427 441813 791231 579712 860076 397116 877634 157672 452482 546032 584862 999999999 799890 798406 43685 690347 204772 662933 544970 818675 95128 571608 230883 204738 635919 260247 626124 496087 113483 488683 317716 495368 409730 472726 535704 535871 606619 279712 283336 213485 350262 384978 745473 195074 179121 546704 562485 501791 63962 478784 420403 378182 32074 499716 233316 452752 534418 394216 585057 841318 708193 255191 289685 521398
857713 418172 442722 684148 310859 508898 461215 439482 356971 603350 388810 365483 404215 228673 418117 508487 529658 367960 378550 708101 239893 238107 414141 408946 520340 206957 853845 826711 733854 291831 692307 811016 319143 604884 532191 219641 35412 402943 310870 351339 66578 617153 312015 648218 768823 543855 285724 799890 999999999 312998 819515 458446 605337 174761 760543 151156 769240 694366 620328 595974 320692 675616 591525 342253 838312 674228 992645 306027 550954 395145 592399 515142 204583 533555 764389 685343 741609 537335 105078 718034 777353 499984 545975 520404 814306 523581 572549 463249 822271 316865 608990 524069 581620 885008 405013 91277 91960 947447 912445 646691
914008 466237 293523 510571 286557 615879 149008 681416 669716 623172 429444 629255 505924 503608 678887 397978 596497 611187 691215 768184 538752 522873 663804 312619 470401 518316 811567 959024 935899 524434 562209 1000086 438425 744475 427462 495300 294339 544000 609793 572661 357754 771385 83519 642816 931950 755494 497584 798406 312998 999999999 831331 192011 595601 223526 547241 462673 804929 902825 696118 622992 162531 588608 346038 500573 793454 858633 890495 409847 708027 558554 387813 723788 388603 523043 653286 765342 604576 680981 220042 650955 707430 308151 334751 715708 787837 709481 432027 420913 810375 332976 682133 381756 787522 734901 226908 244710 301516 861510 805577 844002
136804 402873 556732 490261 558861 342467 859455 617310 959285 218242 435614 677761 422204 713469 671423 454116 295218 624681 933477 150355 781998 736678 638605 520382 363024 843492 143639 346532 539921 620515 389172 525275 503841 349644 427793 716209 787783 449549 794549 582958 878298 381651 909606 188515 423189 534616 593633 43685 819515 831331 999999999 728565 235765 688226 588648 830815 72991 549234 228848 224053 668820 303142 667894 506192 149111 467109 345168 513704 401090 478174 577639 526873 622764 309460 326664 198611 393893 379434 769501 238561 222080 586077 603291 493018 102539 470331 461375 410425 62875 525701 233863 492196 520130 434426 621086 864621 728291 283376 324849 502076
831651 431240 175524 334566 274163 590090 133863 735503 807712 543279 399483 703800 495139 598522 747270 274452 548787 672525 820888 697788 650050 623042 724962 230198 371419 648082 680893 920179 944850 589150 403170 996832 453948 724868 301184 591677 430440 549967 716792 623804 515516 758809 267375 545618 914483 782325 553943 690347 458446 192011 728565 999999999 501394 309140 357378 595359 717451 918068 641763 547461 155033 450184 154122 524800 662442 859688 728655 424517 702895 575745 206517 751071 454463 439245 497349 707115 439317 670109 353677 517886 568690 147661 155475 734702 666837 722825 281584 338719 695851 323020 627639 239660 808038 558977 123328 412515 413101 707559 644471 854807
330336 191453 326624 328113 325806 222782 629391 510725 800950 58821 216851 545435 241816 541513 556404 230023 147992 491869 784057 205508 613698 568127 522740 285492 130283 664886 249259 451759 559573 459066 243542 580741 307330 319669 207918 541965 571718 294004 643052 439649 667899 360899 673897 47334 480902 472155 424091 204772 605337 595601 235765 501394 999999999 460479 442104 641677 216074 550568 182695 71672 433115 157288 463686 335060 234597 470988 414994 308086 338601 331288 378103 451544 422341 75140 242349 229631 276161 303524 544209 146605 195002 365643 391869 419610 209221 397554 257241 174690 221511 297181 172087 274628 475375 388103 388690 640682 513400 359949 348425 488732
747160 289392 268279 509393 142715 418301 350840 458316 502193 470184 254127 410116 305689 292878 458289 335930 416437 388715 512747 596652 341071 315932 441572 235356 359590 341307 703516 758694 716008 301964 520308 783166 227499 538285 360849 285442 140206 331851 408660 349149 240868 561068 269252 506277 721123 533161 274107 662933 174761 223526 688226 309140 460479 999999999 587220 290743 647359 681733 514928 465702 157569 510394 426861 282449 686942 641615 828237 202063 495763 341194 419878 501564 165221 385750 595962 583861 569304 472119 85688 558277 617923 327856 375341 495167 668511 490482 398411 301987 681784 163351 501834 349489 566075 712301 235102 182254 105990 786257 746376 624304
721433 516561 320101 115335 472176 639284 467865 887412 1073940 500856 506753 890010 596569 826161 919188 293273 569441 843911 1074600 635715 892596 854265 888894 368884 366579 914405 480121 887496 997733 778458 204695 1022696 607698 756535 287481 822109 726897 662260 946964 788145 825178 797413 624699 463532 922962 884904 738417 544970 760543 547241 588648 357378 442104 587220 999999999 869959 614523 984767 624711 512997 445169 296881 205829 670922 464229 908270 435551 586843 764097 699212 168792 858741 672624 429707 265799 668290 195295 727529 659470 352196 370392 261120 218896 831273 493993 811936 223393 389718 533628 496239 613687 254680 896730 239629 357418 739548 689019 438814 362772 921039
844797 450719 550210 782061 400007 495120 609844 340647 212355 625764 430810 255223 409972 133536 305345 596066 535801 276672 228859 701679 104106 125104 311365 503910 583074 55820 889083 774346 644458 226582 773370 726492 334605 561769 615311 126932 169106 384454 168971 282523 133412 564125 462686 678867 701377 458854 242022 818675 151156 462673 830815 595359 641677 290743 869959 999999999 771464 602656 612353 615534 447819 740341 717532 325257 875459 598691 1049453 334929 501852 362956 705565 434628 221184 577558 834011 669935 822839 498079 246228 771599 828781 614930 663716 448810 844155 458156 665277 529976 844856 387696 603458 621334 497835 965748 524877 236645 184784 998588 974006 564518
