NAME : synthetic_000771
TYPE : CTSP-D
DIMENSION : 100
GROUPS : 8
RELAXATION_LEVEL : 1
EDGE_WEIGHT_TYPE : EXPLICIT
EDGE_WEIGHT_FORMAT : FULL_MATRIX
EDGE_WEIGHT_SECTION
999999999 499334 321036 499206 512419 535530 496869 624658 602078 424260 306370 512277 359501 453121 271019 564640 510186 47262 75238 336742 549205 563905 601112 426127 503946 481910 385212 552786 471542 495750 462637 485901 192368 304365 170731 360830 410439 637845 89604 334808 502924 197370 113660 286773 237625 289180 14651 536698 532455 474717 504577 516697 614226 367399 496755 148031 642102 510917 578349 687125 409261 24836 535750 400675 488151 327302 137789 216433 508668 406413 187050 391032 472120 539291 533470 561120 390166 139436 327138 383843 372974 414956 205826 497613 604371 511731 536789 551493 636759 307858 346728 444138 399977 443067 302011 339556 80245 220035 310665 294756
499334 999999999 636309 867561 380729 822884 895895 130848 102745 346346 799999 817415 835563 884355 768671 576782 319468 452893 431399 827916 135865 1048809 160840 901233 753338 760654 879126 206799 44714 991485 926722 960346 503205 422768 343698 138919 265064 1129384 587250 828971 971029 485217 610892 324976 384078 770881 503237 77788 982630 971096 33908 17790 1102997 204416 171852 568175 686753 592014 1070426 214240 866654 503002 869042 571659 221784 787617 496270 713993 732695 874429 682993 763567 40333 96645 37288 749570 130532 535284 631506 717265 869793 687210 309503 707606 894882 808438 973568 566914 730738 230079 322950 787054 106622 762612 352629 731160 468044 427225 215969 756353
321036 636309 999999999 231264 421945 218649 264844 765122 726943 706566 461321 200209 549927 275335 414707 348851 774714 339822 311370 349992 614329 499070 782271 353069 816615 789980 397377 770230 629604 494266 653462 398949 153408 224184 431096 515182 412633 591797 337302 478189 395893 517707 345758 312230 253079 487024 334468 701244 380805 482122 623913 649503 558363 436680 711247 455436 383286 271312 542086 850081 293597 344921 822623 155207 502314 552052 195498 326313 192618 318072 304342 675634 627553 626144 673448 879535 505800 181766 12642 685102 489451 728542 355784 815764 901592 813173 359492 338892 353923 407296 626396 151822 571701 743058 289220 119832 261124 531302 423120 231098
499206 867561 231264 999999999 626094 142877 65094 996345 957895 914251 505703 113880 596898 137884 467084 497320 990039 531309 513979 341740 842125 372230 1012507 271928 948566 915123 364854 996504 860308 417390 683539 284518 374606 452209 640243 745089 638627 460758 478299 510009 265079 691681 475672 543373 484002 552685 509621 932009 215381 415445 855051 880762 425960 667553 937414 603327 481192 418287 427389 1081259 209917 519072 919034 339732 726359 622716 403229 398491 238877 243673 394670 779552 858355 855733 904708 1023345 737044 375246 236592 806392 499737 865619 581277 960383 1006673 927732 177612 491957 423372 638337 834290 83902 801056 859314 519335 159702 461607 719219 653928 253777
512419 380729 421945 626094 999999999 533040 675105 474128 426797 649593 792459 540083 862551 696724 748328 204050 664565 486402 442814 738772 279938 917508 539026 767841 959595 950458 791234 581964 404471 898574 968759 817912 373966 227356 463861 348112 140886 1009254 590252 817485 816908 631232 611812 229519 275859 791484 525009 458309 802157 883129 350927 383443 976697 226789 535348 649257 311433 243683 956697 568903 712607 532021 1029497 286372 160566 837765 410109 665570 423933 733854 634031 892243 399792 312570 407882 988190 294632 443047 411254 870348 844570 875369 340982 931875 1084211 990085 778436 196674 364103 269237 588893 543016 392969 927411 210407 541347 437089 600021 283239 630102
535530 822884 218649 142877 533040 999999999 207962 946803 904795 923991 611231 32694 703489 276380 568393 377004 989267 557488 530001 459426 776568 514867 976605 406274 1019311 989578 490845 974877 822863 554846 797611 425162 370668 400410 649023 713755 573319 603635 538026 620265 407129 732899 541483 500894 452880 650974 548277 893310 358080 550974 805476 834026 568835 618529 916465 661402 345266 302932 569623 1036561 341241 558577 1008470 256681 654644 720320 414112 488950 112734 374925 476915 864101 820155 795982 859065 1087213 694706 397908 216073 882156 617051 932806 565843 1023450 1092407 1008055 319446 373958 283773 601497 843967 112189 771387 938235 470716 224632 479495 749240 618893 353220
496869 895895 264844 65094 675105 207962 999999999 1025863 989110 918451 465325 178770 554776 80839 429925 556210 998454 533092 520954 296547 879127 307439 1036180 215090 923071 887943 313130 1014120 885678 356664 636338 221757 395131 489018 648006 768967 677341 395676 464558 466673 200990 683324 458738 574672 512074 515952 505867 957378 150382 356164 885501 909851 360889 699573 955138 587824 544582 476366 362933 1108296 157788 514665 884045 390016 766650 585523 416046 369625 301650 190342 370863 748070 884058 890317 933174 1000878 765575 383816 272546 779319 452101 842494 600764 938685 973177 897451 113561 550191 487784 665825 839221 134965 823662 830198 553478 167560 469168 715921 680458 225789
624658 130848 765122 996345 474128 946803 1025863 999999999 47649 399587 921006 942795 951081 1015136 891680 676947 340644 577706 558927 956218 195579 1178318 100994 1031317 826002 838949 1006971 197962 153138 1118948 1038115 1090559 633872 548344 462947 267464 378398 1258014 711238 950023 1101544 589229 734545 453011 513801 888595 627563 95561 1113475 1098319 141706 116063 1232073 329738 201053 681774 785444 701765 1198896 94802 997348 626546 953569 692823 314969 900243 626990 840496 852967 1004817 809956 860005 152573 161694 93829 809288 260358 665903 759918 808605 991940 768813 439639 775017 969296 887935 1104343 668375 835127 360357 400741 915210 224886 848946 478824 861594 597343 528236 346654 886730
602078 102745 726943 957895 426797 904795 989110 47649 999999999 412107 902400 901603 936641 980927 871335 629867 362979 555632 533905 929994 147940 1150013 137394 1001797 833387 843994 981379 225421 136245 1093845 1026474 1060678 599432 507916 445388 241511 334117 1231224 689966 931386 1070708 581349 713589 414792 477372 872549 605961 99889 1080447 1073528 104004 85460 1204553 290346 216590 668413 738182 655839 1172364 142158 965779 605669 956064 649893 268077 887719 595599 816614 809489 974457 785538 856645 134145 114730 70702 821739 225834 634954 721306 807674 972376 772261 410567 784397 976231 892556 1070043 621417 788340 325669 403937 876163 206624 850440 439040 826046 569722 521741 313266 856467
424260 346346 706566 914251 649593 923991 918451 399587 412107 999999999 644093 906770 642298 877371 630937 806330 99660 385442 400413 740620 477009 966722 315932 841333 428983 445842 781408 219542 302047 881562 707575 899875 553449 565871 275722 303288 508928 1028381 481069 671157 919908 275546 497783 473490 490820 595258 417476 312227 954658 859440 377067 359355 1010322 422869 198570 391762 911020 789381 969805 403920 831507 410149 565145 718486 519629 582110 513967 615249 866609 825569 593317 494089 306849 440831 353850 409995 360856 539101 708096 434337 717218 380656 370059 376112 572273 495235 960713 793793 934313 389133 80259 849487 270255 464963 509080 755702 452787 219780 372174 717949
306370 799999 461321 505703 792459 611231 465325 921006 902400 644093 999999999 579470 92260 388387 46883 793211 742405 350005 380783 171107 855573 349348 884907 276876 484993 445095 177971 820697 768572 248411 192166 318520 422827 567333 458059 663191 708206 392806 216840 29017 347069 368754 192802 580355 520465 60332 299611 829242 407279 226802 807910 817641 380781 672541 770194 253838 842916 722679 337231 974764 312182 298313 421745 601813 790485 123237 382367 135978 641141 285027 163099 295944 769774 845103 832527 571494 695944 351170 473169 341654 73471 417812 511957 514972 512584 444810 434933 781391 815027 613718 582060 499105 696814 382776 587443 389524 364370 427761 616996 258095
512277 817415 200209 113880 540083 32694 178770 942795 901603 906770 579470 999999999 671729 244841 536911 393218 974275 536079 510289 426856 776350 484592 969339 373942 991880 961606 458152 964330 815645 522748 765385 393843 353523 394725 631246 704789 572369 574014 511198 588180 376435 709538 513835 493625 442528 619867 524701 886550 329152 518651 801180 829091 539153 613500 905656 635214 368879 316726 538936 1031505 308773 534909 978622 258235 655771 689356 394521 458279 129382 342416 447045 834709 813111 794270 853916 1060841 688301 376022 199288 853895 584580 905786 552679 997134 1063057 979324 291425 389209 309742 593398 826591 80435 762210 909621 464786 194397 459126 727839 610441 321384
359501 835563 549927 596898 862551 703489 554776 951081 936641 642298 92260 671729 999999999 476632 136534 875814 741910 398135 434618 258541 902908 407183 906030 358391 422255 380347 255279 833926 800915 299662 107057 393321 499553 640788 492089 702347 769236 433642 273941 88565 422911 373869 251355 643442 587494 71129 349917 857137 486628 280342 846812 853348 428325 725871 787221 269540 929631 807277 383776 997434 399584 346155 340354 686607 847608 63036 454871 223649 732068 370639 247116 229633 802661 888892 866050 511635 740649 427334 561534 285337 117287 366055 563535 459824 432237 372638 517248 863698 903848 665586 588599 591365 730021 316702 654215 481532 427288 436035 666652 350351
453121 884355 275335 137884 696724 276380 80839 1015136 980927 877371 388387 244841 476632 999999999 355165 598183 961631 493235 487263 218097 879935 243058 1017626 134807 854265 817992 232386 988054 870258 279625 556196 149120 381503 494508 613231 752564 682531 334946 409435 388222 133963 630808 400561 570715 504944 440920 460405 941482 105481 277597 876924 899239 300093 694863 929536 529290 598958 517534 295486 1093811 77556 468342 808973 418615 773296 509906 392040 302031 357069 109573 307852 675518 869089 887525 921562 934186 755376 355803 285600 709785 372046 775764 580810 872775 898846 825312 89220 590766 546859 655334 799450 182265 805128 759027 553861 158812 437312 668276 668505 164356
271019 768671 414707 467084 748328 568393 429925 891680 871335 630937 46883 536911 136534 355165 999999999 746472 727970 316281 344081 142993 819251 344637 859655 253394 505482 467156 162965 799314 738748 251385 238775 300910 377404 522534 429492 630858 667090 398149 181767 69181 327968 355809 157907 538829 477750 86031 265740 801152 384037 229248 775143 786196 382271 634362 747265 239301 796080 675811 340311 948552 280835 265670 454161 554944 750595 155821 338311 89095 595574 256479 116689 321325 739708 810221 801970 589578 661139 306093 426507 360759 102070 433093 475172 530887 543712 471206 408443 734684 768513 576321 565332 456477 666911 406393 544638 345479 323972 412068 580475 216178
564640 576782 348851 497320 204050 377004 556210 676947 629867 806330 793211 393218 875814 598183 746472 999999999 837144 554694 511007 698148 483720 836997 737097 697349 1056399 1039812 746177 770908 595218 841937 982382 737618 381771 266314 576005 519198 316028 930072 622435 813735 729487 726581 639386 336996 344782 807588 579073 654514 699375 830484 549057 581454 895667 396144 720065 712347 110077 80655 884154 771743 634424 588362 1100378 194816 362048 865302 433402 657724 264643 662102 630310 955377 590913 515258 606511 1099242 474109 452477 336228 946881 830831 968271 452481 1038651 1167009 1073414 668073 13353 160467 417959 736524 421907 571294 1005963 303086 461386 484490 710682 435592 579741
510186 319468 774714 990039 664565 989267 998454 340644 362979 99660 742405 974275 741910 961631 727970 837144 999999999 468444 477533 833931 455266 1060987 246038 932405 510569 531784 876092 144661 279168 977883 806861 991451 621490 613780 350501 318814 527219 1124574 573008 769694 1010519 373653 590881 515494 543874 694307 504823 266194 1042569 955797 352945 328569 1105754 442669 149515 489291 944891 829301 1065748 326337 919341 498311 653338 770017 520511 681770 586982 708492 923858 915147 685226 590528 284330 416020 316449 479216 369933 615568 774996 529373 815668 470918 425079 454181 652476 581009 1046574 825225 974583 421431 165056 921566 271748 556339 551131 833317 529533 315917 403198 804941
47262 452893 339822 531309 486402 557488 533092 577706 555632 385442 350005 536079 398135 493235 316281 554694 468444 999999999 44479 383765 506408 610659 553914 471700 503814 485412 432430 506603 424571 543011 499109 531567 198289 289747 124397 314681 376766 685033 134538 378706 547949 181902 158383 257614 216590 328853 50558 489490 575521 521969 458862 470324 661271 327880 450237 163200 638022 506438 625545 639863 452551 52190 549076 401972 450827 361548 146419 263684 521670 451062 234273 407667 425212 495114 486778 554525 345967 160125 344421 392990 417951 415053 165493 491822 612571 518802 578252 541398 637875 267461 306625 471623 352936 451843 277166 371853 80280 191793 268783 337688
75238 431399 311370 513979 442814 530001 520954 558927 533905 400413 380783 510289 434618 487263 344081 511007 477533 44479 999999999 397427 475203 621486 542552 478073 546370 528826 448048 502869 406410 560173 537304 537957 163423 245609 127052 292482 336209 699360 164028 409015 552237 220763 188018 214706 172117 364392 85075 473860 574769 539713 434486 448459 674051 292253 445098 207444 595707 464179 640132 625867 452973 90448 593543 362186 412991 401055 115895 282891 487718 454809 251641 452067 406549 466571 466490 594896 317775 138735 314736 437278 446150 457819 131216 532625 656647 562780 574234 497693 597392 232970 320350 449698 335774 496061 233139 356073 52381 222289 236438 338423
336742 827916 349992 341740 738772 459426 296547 956218 929994 740620 171107 426856 258541 218097 142993 698148 833931 383765 397427 999999999 857149 228022 937499 111230 648446 610133 53324 888534 803835 165795 341813 163449 368702 512871 507257 689198 682304 301960 261447 170200 188274 471779 243064 555419 488626 226387 337494 871012 241341 147323 828852 844719 277508 667159 833116 358067 729706 621282 242705 1022528 141266 341616 592782 503440 771357 293841 347673 125450 507264 114200 150490 463638 803944 854690 863455 732161 708892 308465 362626 503679 158422 575125 520324 672940 683416 613379 265596 687744 691821 614723 668953 348284 733118 549189 551930 251078 360662 521416 622876 119296
549205 135865 614329 842125 279938 776568 879127 195579 147940 477009 855573 776350 902908 879935 819251 483720 455266 506408 475203 857149 999999999 1067835 272416 916835 869307 872742 910025 338547 177134 1022911 1000445 973916 503384 390366 418101 211550 204222 1153498 638772 883990 980595 578080 662826 310171 377464 834675 556345 202157 982740 1003842 102339 128694 1124584 190223 307563 644298 591312 514052 1095950 289938 874119 558565 975202 519913 124785 861024 511164 753570 676346 886890 721263 859533 172056 40486 147083 872722 163252 551027 607136 819067 921312 797724 344087 827160 1008473 919158 968027 475738 643088 243856 444115 758841 213922 868357 326430 721870 500095 525639 238776 770682
563905 1048809 499070 372230 917508 514867 307439 1178318 1150013 966722 349348 484592 407183 243058 344637 836997 1060987 610659 621486 228022 1067835 999999999 1163483 151703 828424 786985 185529 1116313 1026892 108711 444041 100141 566592 700735 734619 910853 882064 93122 489308 331249 109095 694978 470334 759681 691906 409356 565192 1095184 161275 126874 1047539 1065224 59301 877874 1060625 579297 841893 756466 57575 1247348 205502 569525 741718 651018 972884 462532 557436 352925 600111 184188 378454 636105 1026729 1068879 1084945 916901 926224 517545 510833 687882 291171 765973 739469 862391 833517 779525 203407 828855 789748 829232 896173 425320 956930 723473 750379 379731 580976 747037 839071 297291
601112 160840 782271 1012507 539026 976605 1036180 100994 137394 315932 884907 969339 906030 1017626 859655 737097 246038 553914 542552 937499 272416 1163483 999999999 1020519 744915 761046 986322 101379 153748 1096410 986994 1080355 641049 576412 432063 267491 425817 1238947 683286 913768 1093866 535425 705562 475837 529386 847320 601696 84353 1111903 1075143 188274 155772 1214968 361082 122920 637232 846953 752731 1179457 92170 992357 599039 878806 728606 378696 851747 625626 817104 889777 996453 788161 795080 156487 233231 131147 721871 282386 662681 778592 740025 957408 693686 436891 691554 888191 810381 1106570 727395 891546 376137 331614 934007 212705 776255 506146 869329 586595 473020 359544 879031
426127 901233 353069 271928 767841 406274 215090 1031317 1001797 841333 276876 373942 358391 134807 253394 697349 932405 471700 478073 111230 916835 151703 1020519 999999999 758680 719907 104062 978189 880880 149950 428700 59933 414980 549434 596074 764058 730362 241681 360293 270455 79048 576985 344650 608215 540443 334691 429343 950060 130795 144709 898828 917396 210036 727078 921408 465363 712090 617465 189323 1102677 66042 434959 697326 507270 821189 400045 407367 229306 475542 35247 248196 572204 880496 918600 937678 842957 777159 367580 365231 614068 246622 686174 591748 783993 788686 721517 158863 688418 665464 679414 767446 303109 811752 658421 598678 236065 434853 623708 689773 146208
503946 753338 816615 948566 959595 1019311 923071 826002 833387 428983 484993 991880 422255 854265 505482 1056399 510569 503814 546370 648446 869307 828424 744915 758680 999999999 43037 662835 647459 709082 721670 421788 803318 696171 790115 495743 663066 827478 854509 481620 498676 831524 331131 478056 735819 712598 425235 489417 734764 889434 701909 779074 768983 850458 751464 626142 361318 1141832 1010249 805913 832259 783478 479110 155244 903885 872966 366083 641676 553488 1008303 761279 554008 192621 713123 839196 769175 90543 720234 639819 824480 144857 537253 89022 619551 60589 143374 78696 913528 1043052 1140144 696443 430758 915334 656214 106157 763887 800685 580030 360452 686395 697692
481910 760654 789980 915123 950458 989578 887943 838949 843994 445842 445095 961606 380347 817992 467156 1039812 531784 485412 528826 610133 872742 786985 761046 719907 43037 999999999 623060 665315 716841 679940 378783 763606 674218 773960 487660 664169 820824 812050 453346 457955 792022 319337 448168 724410 697593 385698 467280 746344 850702 660339 785132 776744 808331 747115 640632 336378 1122695 991166 763794 849747 746343 457156 123170 882581 870238 325083 619604 518396 982248 723434 520494 150881 720684 844023 778330 133556 720278 615454 798254 108755 495860 75961 609540 96834 136232 49399 875560 1026491 1118651 690627 440082 884303 661054 63685 751204 769318 559605 355250 681561 663119
385212 879126 397377 364854 791234 490845 313130 1006971 981379 781408 177971 458152 255279 232386 162965 746177 876092 432430 448048 53324 910025 185529 986322 104062 662835 623060 999999999 935123 854331 112960 325224 140550 421866 565690 555043 740290 735628 252712 306263 168226 169247 509469 286286 608722 541949 237624 385020 920971 231412 94046 880611 896026 230504 720120 880317 393931 773912 668499 193189 1072063 155648 388472 595152 551842 824669 299954 400920 169985 546635 122814 198162 473758 854547 907194 914461 748849 761004 361761 410014 519088 142563 593889 572271 691459 686799 622128 262435 736045 733509 667339 711475 381828 783353 560717 605225 292705 412635 561665 675250 166547
552786 206799 770230 996504 581964 974877 1014120 197962 225421 219542 820697 964330 833926 988054 799314 770908 144661 506603 502869 888534 338547 1116313 101379 978189 647459 665315 935123 999999999 177508 1042645 909392 1038089 621902 580107 382213 263747 454886 1187455 629060 849169 1053876 460185 649993 477974 522060 778926 551120 137132 1077593 1020948 240198 210340 1165397 378312 59091 568504 880818 776301 1127969 184811 955802 546954 784614 736579 426223 777167 598381 765140 896356 956643 738068 707889 182237 298069 191939 621648 298176 632711 768151 650488 893967 599912 415275 593024 790452 714713 1075969 760114 919220 376957 247762 921505 206349 683716 511522 846576 551136 397895 358755 841111
471542 44714 629604 860308 404471 822863 885678 153138 136245 302047 768572 815645 800915 870258 738748 595218 279168 424571 406410 803835 177134 1026892 153748 880880 709082 716841 854331 177508 999999999 966133 890265 940366 490967 422734 310673 117777 279785 1105749 558138 797586 952222 445633 581482 322097 376533 737366 474431 71740 966687 945431 75352 59926 1080169 208973 134839 532357 705274 604813 1046540 223567 848942 473469 825997 575591 249413 751585 479411 687486 736707 855149 657061 722470 5168 139313 65596 704864 129203 517612 625634 675121 839216 643668 290576 663063 850821 764773 959427 584742 746022 222710 278510 781186 71837 719727 352500 719530 446171 386638 206491 737142
495750 991485 494266 417390 898574 554846 356664 1118948 1093845 881562 248411 522748 299662 279625 251385 841937 977883 543011 560173 165795 1022911 108711 1096410 149950 721670 679940 112960 1042645 966133 999999999 336200 137521 532327 674557 664503 852596 847201 146851 413922 227554 164395 606930 392655 720783 653749 307237 494716 1032259 232191 22143 993318 1008451 132371 832948 988638 490416 860820 762754 89164 1182869 215992 497523 633017 649459 936606 356542 513304 279371 625381 183952 309126 529115 966438 1020153 1026663 810627 873879 473942 506750 582379 185148 661406 685100 757137 724807 671451 272748 832489 815163 780296 814222 453004 894954 616326 716359 381353 525500 662110 788196 268810
462637 926722 653462 683539 968759 797611 636338 1038115 1026474 707575 192166 765385 107057 556196 238775 982382 806861 499109 537304 341813 1000445 444041 986994 428700 421788 378783 325224 909392 890265 336200 999999999 452735 606609 747644 585305 796401 873050 448483 379069 178035 482738 451575 357022 748176 693349 177542 452252 943213 549970 321343 939917 944500 451517 826834 866031 358700 1034621 913245 408321 1079005 478694 447695 305900 792463 949804 139572 561759 327576 832447 447128 352708 240259 892344 984590 955773 512107 837472 534390 665280 305247 184246 385915 664504 469658 395666 357545 584833 970327 1007193 766160 661788 685510 820389 317482 759901 578917 532648 513982 766242 445277
485901 960346 398949 284518 817912 425162 221757 1090559 1060678 899875 318520 393843 393321 149120 300910 737618 991451 531567 537957 163449 973916 100141 1080355 59933 803318 763606 140550 1038089 940366 137521 452735 999999999 471101 602565 655951 823411 785435 193101 418836 307836 30021 633892 402521 664621 596908 378083 488952 1009679 97954 141453 957543 976428 159419 784480 981333 521096 745191 657174 147680 1162338 105455 494436 733674 550959 876436 440238 465653 286063 504711 87034 306560 614253 939939 976409 996869 889075 835757 425989 410697 659408 277312 733570 650929 831266 825545 762389 136408 729318 694870 737645 826436 329916 871388 701257 653899 279593 494479 681719 748295 204303
192368 503205 153408 374606 373966 370668 395131 633872 599432 553449 422827 353523 499553 381503 377404 381771 621490 198289 163423 368702 503384 566592 641049 414980 696171 674218 421866 621902 490967 532327 606609 471101 999999999 146626 278372 373929 316084 654564 240750 446471 477216 380143 257707 193553 125942 429721 206974 562586 481646 515308 495429 517889 624317 315164 562811 338999 451958 321789 598535 714096 370744 217178 723769 208544 406558 484625 54617 292417 324340 384093 261506 577299 489495 507982 540461 751235 373896 72220 154656 574973 471366 607157 206743 688077 795304 703269 470649 369046 444435 273836 473357 301228 428556 634140 184526 228563 118210 385707 287239 269657
304365 422768 224184 452209 227356 400410 489018 548344 507916 565871 567333 394725 640788 494508 522534 266314 613780 289747 245609 512871 390366 700735 576412 549434 790115 773960 565690 580107 422734 674557 747644 602565 146626 999999999 314782 316601 188645 790958 372758 591708 604872 460357 392719 102149 79858 570121 318343 492944 599077 658378 406653 434368 759431 218795 522838 450191 357526 228460 736585 636790 498617 326975 838062 157227 278949 620749 185928 438666 316254 516585 407395 694770 419926 403626 459201 833582 294309 216508 216776 682715 617687 702076 197171 772658 902255 808382 581164 252963 370854 203345 490375 369394 374314 741590 70309 335700 224572 446699 221398 407630
170731 343698 431096 640243 463861 649023 648006 462947 445388 275722 458059 631246 492089 613231 429492 576005 350501 124397 127052 507257 418101 734619 432063 596074 495743 487660 555043 382213 310673 664503 585305 655951 278372 314782 999999999 211102 333325 807752 251270 487077 672148 170421 273767 243251 235075 427209 170023 371680 698367 643164 354929 361464 784634 263184 326024 227043 671946 543205 748226 519677 575725 167001 574307 456569 388870 445776 238393 385381 596719 575120 357102 447182 312022 399826 375092 527390 255037 265232 432964 414702 529157 412143 125485 469289 622561 528930 699521 562760 684328 204357 195470 573984 239060 469298 274361 482906 179057 137001 197436 460802
360830 138919 515182 745089 348112 713755 768967 267464 241511 303288 663191 704789 702347 752564 630858 519198 318814 314681 292482 689198 211550 910853 267491 764058 663066 664169 740290 263747 117777 852596 796401 823411 373929 316601 211102 999999999 208896 990820 449196 692095 834890 366653 472963 214461 262861 636258 365160 188948 848918 832187 144835 156052 964685 123856 207351 438059 627749 516618 931789 341325 731348 365340 764356 472845 218812 656861 361645 575106 632827 737935 544076 648089 116881 189491 174277 673488 59171 399931 511832 607686 732295 588674 172934 624172 800283 709833 841718 507519 661056 113279 250713 666993 57752 657558 247778 602431 329879 314301 95243 619875
410439 265064 412633 638627 140886 573319 677341 378398 334117 508928 708206 572369 769236 682531 667090 316028 527219 376766 336209 682304 204222 882064 425817 730362 827478 820824 735628 454886 279785 847201 873050 785435 316084 188645 333325 208896 999999999 970567 495620 735138 789575 503324 518812 128589 193798 698420 421214 341945 786674 829540 240846 272229 940085 86074 404398 535441 425940 326952 914616 471398 682940 426540 905979 317038 91119 737264 335994 591423 475622 698689 558890 773445 275630 222905 297763 851999 158944 374275 404830 746236 767420 745151 217193 797035 955883 862237 769587 305256 466509 131510 448122 555132 257206 801882 131701 523761 343905 467025 143843 585622
637845 1129384 591797 460758 1009254 603635 395676 1258014 1231224 1028381 392806 574014 433642 334946 398149 930072 1124574 685033 699360 301960 1153498 93122 1238947 241681 854509 812050 252712 1187455 1105749 146851 448483 193101 654564 790958 807752 990820 970567 999999999 558396 369966 201283 753776 537744 846849 779146 450220 637729 1172962 246174 168990 1129530 1146075 34926 963300 1132891 637260 933878 849524 59528 1324379 298214 641107 753600 744059 1061121 493841 642354 422531 691617 275401 450817 662294 1105825 1153153 1165097 944472 1008875 602476 603628 718936 325297 799317 820931 893463 844023 799090 286849 921958 880811 913106 960732 517085 1035077 748424 838889 472640 661508 808873 922196 384945
89604 587250 337302 478299 590252 538026 464558 711238 689966 481069 216840 511198 273941 409435 181767 622435 573008 134538 164028 261447 638772 489308 683286 360293 481620 453346 306263 629060 558138 413922 379069 418836 240750 372758 251270 449196 495620 558396 999999999 245220 438984 221630 24057 369501 314507 202934 84039 621815 476684 392397 593390 604724 536740 456133 574738 125237 690424 561546 498916 770835 354561 84757 488159 444816 575555 248198 189703 136501 529896 345665 112296 340881 558941 628830 620869 549754 479683 171896 346089 347824 283565 394784 295139 486115 564834 475885 486964 609650 676875 396998 407953 436247 486352 405779 380894 323320 153581 263874 400157 245248
334808 828971 478189 510009 817485 620265 466673 950023 931386 671157 29017 588180 88565 388222 69181 813735 769694 378706 409015 170200 883990 331249 913768 270455 498676 457955 168226 849169 797586 227554 178035 307836 446471 591708 487077 692095 735138 369966 245220 999999999 337055 396088 221165 607072 546516 80262 328263 858246 399533 206467 836793 846608 359606 700509 798859 281749 860846 742158 315596 1003684 311082 327102 427048 621335 817930 133016 407435 156167 654742 282084 185320 307560 798784 873757 861527 586347 724593 375250 490241 356871 46215 434734 540224 531199 518614 454747 429291 802078 831160 641873 609891 508090 725825 394938 613448 400882 391510 455537 645342 267430
502924 971029 395893 265079 816908 407129 200990 1101544 1070708 919908 347069 376435 422911 133963 327968 729487 1010519 547949 552237 188274 980595 109095 1093866 79048 831524 792022 169247 1053876 952222 164395 482738 30021 477216 604872 672148 834890 789575 201283 438984 337055 999999999 656032 423608 670658 603153 406353 506678 1022026 68548 169949 967238 986885 166551 791839 996724 544282 732848 648870 162510 1174814 106673 512586 763255 545599 880684 469185 475113 308330 491020 97444 327039 642965 951645 984290 1007751 916910 845280 435807 407262 687392 307126 760986 662060 858745 855088 791363 108355 721609 680709 746516 845651 316227 883879 729842 658425 276061 507320 702574 757737 215106
197370 485217 517707 691681 631232 732899 683324 589229 581349 275546 368754 709538 373869 630808 355809 726581 373653 181902 220763 471779 578080 694978 535425 576985 331131 319337 509469 460185 445633 606930 451575 633892 380143 460357 170421 366653 503324 753776 221630 396088 656032 999999999 233411 405273 382062 321624 184853 493805 697144 584788 503053 502733 736670 433256 414813 116523 815063 683777 695531 627430 575707 174709 404068 582871 558515 317170 327609 347869 702762 565166 330170 281454 448297 555139 511080 374406 417617 335963 523282 244683 442025 244759 290258 312638 453140 359185 708478 713228 818138 374771 215190 640374 378952 298877 432818 532922 261973 62520 367421 466802
113660 610892 345758 475672 611812 541483 458738 734545 713589 497783 192802 513835 251355 400561 157907 639386 590881 158383 188018 243064 662826 470334 705562 344650 478056 448168 286286 649993 581482 392655 357022 402521 257707 392719 273767 472963 518812 537744 24057 221165 423608 233411 999999999 392308 336330 180243 107835 644801 463743 370991 617242 628390 516750 480041 596115 129157 704980 576953 478339 793443 342618 108022 477207 459135 599181 228135 208213 117615 538242 331806 96840 330036 582336 652862 644384 548898 503711 187264 355115 341274 259606 392428 319161 485544 555958 468467 475810 626710 689454 420984 425937 437501 509671 398364 402940 323339 175947 279198 424202 236261
286773 324976 312230 543373 229519 500894 574672 453011 414792 473490 580355 493625 643442 570715 538829 336996 515494 257614 214706 555419 310171 759681 475837 608215 735819 724410 608722 477974 322097 720783 748176 664621 193553 102149 243251 214461 128589 846849 369501 607072 670658 405273 392308 999999999 67775 572419 298537 392927 672890 702741 311687 337653 817086 124918 420803 420010 438560 315998 790159 539178 564099 304839 800446 258881 215991 614005 208115 462843 418400 577599 430305 662724 319505 316903 361918 770559 194961 246965 306907 641612 638942 650030 117791 711970 857008 762761 659255 324004 461151 101234 400993 462272 272185 699086 35754 413538 216584 380080 119249 462433
237625 384078 253079 484002 275859 452880 512074 513801 477372 490820 520465 442528 587494 504944 477750 344782 543874 216590 172117 488626 377464 691906 529386 540443 712598 697593 541949 522060 376533 653749 693349 596908 125942 79858 235075 262861 193798 779146 314507 546516 603153 382062 336330 67775 999999999 516369 250746 448164 606423 635911 373572 397820 749329 189986 463588 379305 437378 308143 722548 597357 496655 258420 765552 227710 282876 561912 142467 399253 380149 509880 366873 624088 374474 382809 421324 754497 253608 180479 249206 608712 576726 624968 120762 693880 827284 733178 593767 331436 449684 154353 414010 404675 319969 667248 66990 348813 161231 366943 170044 394664
289180 770881 487024 552685 791484 650974 515952 888595 872549 595258 60332 619867 71129 440920 86031 807588 694307 328853 364392 226387 834675 409356 847320 334691 425235 385698 237624 778926 737366 307237 177542 378083 429721 570121 427209 636258 698420 450220 202934 80262 406353 321624 180243 572419 516369 999999999 280019 795422 465420 285886 781003 788636 439488 656144 730264 210578 864020 740233 395615 938127 366031 276710 368177 619869 777317 70049 384263 163354 672595 340547 182686 237544 738910 821616 802145 511369 672956 357533 498294 281544 125724 357480 493953 454659 457949 387093 491750 795342 840462 596085 536604 539491 666039 323809 583086 426893 356186 382456 597623 300603
14651 503237 334468 509621 525009 548277 505867 627563 605961 417476 299611 524701 349917 460405 265740 579073 504823 50558 85075 337494 556345 565192 601696 429343 489417 467280 385020 551120 474431 494716 452252 488952 206974 318343 170023 365160 421214 637729 84039 328263 506678 184853 107835 298537 250746 280019 999999999 538701 537855 473485 509407 520700 614719 376126 495635 133462 656738 525539 578203 688439 414617 10491 521305 415311 497803 316083 152381 215433 522630 410632 187154 376767 475164 545499 536948 546973 396337 153122 340757 369216 367393 400438 214005 483423 589745 497085 543237 565915 651381 316153 340710 455837 402699 428440 314641 350119 94597 210173 318238 300578
536698 77788 701244 932009 458309 893310 957378 95561 99889 312227 829242 886550 857137 941482 801152 654514 266194 489490 473860 871012 202157 1095184 84353 950060 734764 746344 920971 137132 71740 1032259 943213 1009679 562586 492944 371680 188948 341945 1172962 621815 858246 1022026 493805 644801 392927 448164 795422 538701 999999999 1037446 1011343 108084 76091 1147902 276860 117712 587646 764503 668736 1113628 152822 919204 537068 859808 644507 298850 805647 550227 753096 805682 924816 723167 764630 73701 161703 55084 721945 198658 588152 697193 713675 900725 675393 361203 685144 877820 795129 1030620 644593 808098 294155 306878 852773 138323 754765 422639 791146 515209 432709 278126 806921
532455 982630 380805 215381 802157 358080 150382 1113475 1080447 954658 407279 329152 486628 105481 384037 699375 1042569 575521 574769 241341 982740 161275 1111903 130795 889434 850702 231412 1077593 966687 232191 549970 97954 481646 599077 698367 848918 786674 246174 476684 399533 68548 697144 463743 672890 606423 465420 537855 1037446 999999999 238441 976506 997895 211631 796378 1019618 588668 693624 618870 218466 1190149 123239 544725 826548 523032 877588 530284 487276 352889 450527 132788 367120 702886 965752 989228 1019707 973486 854627 449391 391077 744779 372172 816434 676244 914243 918147 852067 42344 692464 637880 754841 878546 278602 900119 789190 657262 263571 526929 740184 767337 237849
474717 971096 482122 415445 883129 550974 356164 1098319 1073528 859440 226802 518651 280342 277597 229248 830484 955797 521969 539713 147323 1003842 126874 1075143 144709 701909 660339 94046 1020948 945431 22143 321343 141453 515308 658378 643164 832187 829540 168990 392397 206467 169949 584788 370991 702741 635911 285886 473485 1011343 238441 999999999 973239 988108 154105 814017 967054 468274 851879 751692 111204 1161784 210256 476165 615536 637301 918672 336341 494965 258285 618246 177211 288371 509465 945779 1000650 1006168 790641 854066 455787 494672 562049 164831 640781 665227 736746 707441 652655 277831 820825 807553 760940 792181 447190 874173 596782 698982 371109 505725 640007 768612 254428
504577 33908 623913 855051 350927 805476 885501 141706 104004 377067 807910 801180 846812 876924 775143 549057 352945 458862 434486 828852 102339 1047539 188274 898828 779074 785132 880611 240198 75352 993318 939917 957543 495429 406653 354929 144835 240846 1129530 593390 836793 967238 503053 617242 311687 373572 781003 509407 108084 976506 973239 999999999 32522 1102460 188041 205697 581249 658821 567245 1070853 231732 862124 509861 891746 552258 190967 800489 492148 717346 712851 871171 685897 783019 70394 63961 57487 777733 122008 531629 618530 738438 876744 711099 308619 734504 919951 832521 966040 539513 704388 221687 349819 773699 125208 785075 337124 722137 468214 446593 209540 753264
516697 17790 649503 880762 383443 834026 909851 116063 85460 359355 817641 829091 853348 899239 786196 581454 328569 470324 448459 844719 128694 1065224 155772 917396 768983 776744 896026 210340 59926 1008451 944500 976428 517889 434368 361464 156052 272229 1146075 604724 846608 986885 502733 628390 337653 397820 788636 520700 76091 997895 988108 32522 999999999 1119560 215610 179714 585961 691252 598948 1087163 202534 882318 520531 885628 581769 223412 805402 511943 731154 742613 890397 700087 780827 56094 88433 25550 764096 144302 551085 644481 734224 887367 703499 325784 722776 910747 824644 988436 571858 736537 244297 338350 799920 124326 779274 364438 745534 484632 444564 230738 772342
614226 1102997 558363 425960 976697 568835 360889 1232073 1204553 1010322 380781 539153 428325 300093 382271 895667 1105754 661271 674051 277508 1124584 59301 1214968 210036 850458 808331 230504 1165397 1080169 132371 451517 159419 624317 759431 784634 964685 940085 34926 536740 359606 166551 736670 516750 817086 749329 439488 614719 1147902 211631 154105 1102460 1119560 999999999 934477 1110317 620326 899000 815093 44550 1299700 264802 618512 754778 710176 1030800 486959 613685 400343 656704 243102 427564 657871 1080133 1124953 1138919 939959 981455 573779 570115 712762 316313 792391 794025 887541 845862 797446 252576 887626 845885 885057 941410 482197 1009806 744646 808384 438986 634953 790573 894520 354709
367399 204416 436680 667553 226789 618529 699573 329738 290346 422869 672541 613500 725871 694863 634362 396144 442669 327880 292253 667159 190223 877874 361082 727078 751464 747115 720120 378312 208973 832948 826834 784480 315164 218795 263184 123856 86074 963300 456133 700509 791839 433256 480041 124918 189986 656144 376126 276860 796378 814017 188041 215610 934477 999999999 325162 478393 505221 398003 905727 418104 685601 379726 837322 367732 126110 688649 320951 565546 528892 697499 533081 709478 205536 192863 240550 772022 80497 360824 430961 677816 736178 671183 162387 718494 882931 789990 783598 384687 541113 61025 362901 585876 175291 731923 149087 538181 312122 391909 65843 580877
496755 171852 711247 937414 535348 916465 955138 201053 216590 198570 770194 905656 787221 929536 747265 720065 149515 450237 445098 833116 307563 1060625 122920 921408 626142 640632 880317 59091 134839 988638 866031 981333 562811 522838 326024 207351 404398 1132891 574738 798859 996724 414813 596115 420803 463588 730264 495635 117712 1019618 967054 205697 179714 1110317 325162 999999999 519705 829671 722510 1073372 214795 898065 491857 757307 679638 383282 731825 539496 710373 838982 899404 682773 672161 139946 267788 166934 608261 245990 574031 709237 617242 843216 572164 356192 574358 769514 689853 1017580 708963 866178 320126 208698 862472 150795 654136 454749 787586 492893 352294 301786 783496
148031 568175 455436 603327 649257 661402 587824 681774 668413 391762 253838 635214 269540 529290 239301 712347 489291 163200 207444 358067 644298 579297 637232 465363 361318 336378 393931 568504 532357 490416 358700 521096 338999 450191 227043 438059 535441 637260 125237 281749 544282 116523 129157 420010 379305 210578 133462 587646 588668 468274 581249 585961 620326 478393 519705 999999999 789947 658867 579059 728350 469235 123997 388151 547536 603960 219443 284457 236301 646985 455974 222625 244851 534281 626843 597727 425820 481046 279091 463186 236045 327299 273105 319104 362049 456519 364270 602867 699164 783154 417404 328223 561053 462013 295251 440355 448508 227905 173961 414930 365152
