NAME : synthetic_000972
TYPE : CTSP-D
DIMENSION : 100
GROUPS : 8
RELAXATION_LEVEL : 1
EDGE_WEIGHT_TYPE : EXPLICIT
EDGE_WEIGHT_FORMAT : FULL_MATRIX
EDGE_WEIGHT_SECTION
999999999 296841 362702 548309 459516 260975 592846 993367 416127 328646 320938 655828 586933 862829 475814 501424 437900 715455 453574 797044 138805 798273 647730 498277 598375 409177 634637 747688 697596 462756 125091 246610 516962 1010595 566218 450981 743336 717393 158391 263973 509659 172799 761548 814112 872804 308813 390193 425500 483081 294433 533658 703981 838644 471393 200719 579851 542145 126695 838064 156371 647377 425291 330458 551002 741544 845393 586556 725803 475049 424011 160223 738130 140090 206418 587229 86148 834679 307178 953759 470070 396297 535415 53842 776876 573263 814720 830702 882665 36979 455607 628005 610740 611965 295742 766275 798852 315076 274521 92163 455002
296841 999999999 659378 836143 568105 524734 672738 1080233 653351 613055 140369 685536 485660 819666 408305 756394 701096 523122 369711 639414 171929 707680 872780 516609 360201 415647 581555 824339 776635 497035 197819 535587 709454 1102892 822366 389924 637756 843997 453924 40279 514749 161117 846786 759545 861114 141248 104269 639282 581382 589582 826450 499608 682228 724699 494314 688102 426787 170200 880241 447716 563766 489536 259114 302018 791660 962747 618628 779984 764987 243264 140381 833751 394434 502353 694281 364850 949037 486760 1064536 269366 506304 293211 321169 942996 458383 804232 842092 958253 314408 161996 613371 686893 660838 591885 932918 931714 120380 393741 322912 168978
362702 659378 999999999 218964 546919 220932 669201 986920 304163 126574 662733 774177 836892 1022499 724662 298095 238011 1013323 719097 1063649 494291 1009925 474461 669985 931112 622472 837704 791667 748877 631114 477599 146006 451023 994918 338187 701859 974209 699895 206135 625421 690295 525569 791851 990922 998898 649595 752107 361571 573602 76603 185046 1010522 1100969 285729 169717 623757 809694 489186 908665 216998 873750 578326 625771 891549 819160 817353 719052 801647 147342 747249 522334 759371 298407 162812 630497 308236 812610 387130 919590 795668 511906 873763 343531 686297 835191 947450 937596 905372 350105 816536 797520 686714 719561 69101 676806 756140 667677 456376 357373 813383
548309 836143 218964 999999999 564898 322154 658307 894986 282976 223234 811919 775000 911860 1028288 808271 197407 188573 1111695 813266 1137123 664740 1049264 334637 715006 1061162 697629 883453 745742 712166 679831 671184 301988 396955 897126 191549 788908 1028018 627017 392315 798830 737809 719597 737607 1009333 985477 798663 935224 344544 587771 261375 56062 1115716 1169864 211148 348438 600492 897852 669482 868118 391990 931156 627335 746581 1030304 790777 725261 734754 773962 74957 877312 706986 703140 445119 370581 605687 511074 724554 449630 815826 925040 554207 1010961 515462 569312 917936 941597 916748 836329 544575 984687 826573 673038 720406 266188 561646 661088 862656 547947 515240 976176
459516 568105 546919 564898 999999999 332569 135782 535971 281966 421972 456813 227672 371882 476355 293202 380864 376723 589216 317146 585759 446082 484391 389463 158850 601920 193332 320952 288275 238286 132618 540212 421714 209743 554714 426951 283944 466624 276512 448206 530616 182073 568530 302322 449065 453758 447732 665297 220984 27124 483920 595502 603299 614425 358040 439965 123890 377668 484407 385510 421621 373737 95747 333657 596193 289469 399102 173701 272632 531503 449126 520592 280533 345661 510456 130878 516793 386451 172727 504820 484962 65332 575787 408448 381615 387594 400957 396616 423211 491827 646641 261809 154170 173794 499089 372143 363933 666003 191367 367524 621672
260975 524734 220932 322154 332569 999999999 461588 815608 162088 109226 490109 560046 619603 804866 509002 240556 178697 804814 507095 846918 353190 788993 391979 449145 741127 403855 616791 596977 550703 410220 384717 89897 290141 827787 305702 487109 753935 526621 148518 485834 469371 430888 601903 771361 786324 476880 627070 190959 359648 152236 326831 805213 883314 210419 120652 423762 596094 366132 708145 127820 653611 357541 427541 708646 614988 652331 501810 597581 259299 556662 406531 571884 130959 192044 430976 263874 644690 166766 759687 604720 292386 689466 214894 551180 619987 733144 728246 720778 272584 666727 577443 479720 506361 166971 540738 596654 569547 240166 202400 656381
592846 672738 669201 658307 135782 461588 999999999 410913 382768 542773 548694 118533 369421 370240 329103 463609 475770 587174 363837 551714 567786 415101 419741 176074 640755 263032 279319 156695 106717 180435 667000 551431 266736 432001 496204 330130 417641 191365 583061 637709 191189 691837 175427 356529 331589 541718 763932 319264 110323 610582 695673 608711 572512 447160 572972 63644 395784 608058 249908 556537 342123 184381 421104 647511 154372 293950 105867 137275 635761 515552 641952 161153 481437 644107 61767 652193 279338 307324 392247 542457 196616 628056 542633 329661 394465 284076 268400 293117 625912 729183 201135 18441 67950 626156 322487 275560 778441 320331 501268 700836
993367 1080233 986920 894986 535971 815608 410913 999999999 683718 865935 950934 406221 695227 455493 703289 708968 754374 877682 742821 785969 978311 601425 565276 566486 988063 665214 575036 256030 304705 583236 1075680 901786 536623 28426 703609 712391 651571 289468 956098 1046399 572649 1102094 235566 499878 360897 945270 1167523 631574 514871 946639 946201 909272 785115 709989 935731 413642 742425 1018125 231274 930841 631879 595005 823882 1009973 296346 170816 466113 304665 904132 900220 1052611 255529 869795 1007563 406309 1043673 174357 690943 91641 917408 600980 992663 941060 331054 727591 380530 314309 123765 1024148 1121096 505363 395216 420644 962673 337048 234423 1188402 727015 901218 1090383
416127 653351 304163 282976 281966 162088 382768 683718 999999999 182408 592180 496683 635075 750121 536657 112932 94868 841915 546885 858035 487194 766296 231699 433157 812738 425177 600863 491133 450858 399009 536278 230827 147136 692672 175093 519438 745805 395850 309037 613222 456156 580233 489402 728227 713898 579615 757539 63532 305183 264694 314792 849380 889560 83271 275471 329774 626469 508072 610621 289682 649832 347440 501983 790358 525167 515107 452867 507803 253147 634568 549402 456389 277596 342045 335878 425868 509657 187839 619332 679913 274270 770121 365915 396838 643903 666716 648162 601449 431716 780588 543728 398829 441596 280565 386657 455256 713556 295186 343648 765078
328646 613055 126574 223234 421972 109226 542773 865935 182408 999999999 591564 648685 727428 898183 617541 205312 137278 914039 616233 954807 441535 891247 379514 550656 848015 511271 719706 665719 622551 512292 453137 83669 329330 875070 260832 595889 858954 577504 178857 575620 571715 501254 666534 868233 872865 578278 712662 236650 448441 84373 220445 914360 990738 183870 134907 497235 704999 447243 782264 173043 758987 459018 535434 813843 692589 697514 594899 675075 154472 663312 485462 634376 222534 181674 503998 303417 691986 267957 801573 711564 390325 794964 292888 574800 728545 821842 811172 781179 329208 761687 675817 560233 593897 99642 564901 637546 643716 349026 292118 753729
320938 140369 662733 811919 456813 490109 548694 950934 592180 591564 999999999 551158 346928 679354 268317 702105 655270 411230 229438 515214 183790 569922 795875 384617 277575 286524 441196 696090 649783 369310 270287 524196 622276 974492 766679 250686 501356 727961 459739 120952 380452 254506 720009 619417 721219 13288 216614 565984 466125 587645 811675 393805 558192 670486 493028 571120 288799 212421 745233 445883 424277 370062 127648 230864 658906 841899 486017 648108 745989 115489 209271 709610 370189 520540 576739 404169 827612 410085 940678 154874 399976 214653 322094 837846 320910 664577 703824 827969 350508 193205 474666 561533 530305 593635 828173 815753 260396 305473 305571 173645
655828 685536 774177 775000 227672 560046 118533 406221 496683 648685 551158 999999999 300356 253526 297107 581313 590696 506510 336785 451915 607164 301479 535192 170247 589480 272358 189493 165725 136824 197803 712920 648856 385216 431793 614729 306989 313401 269222 669292 654575 170880 730896 195265 238060 226612 546781 767240 433235 200745 711579 810966 532628 468128 563962 664710 181185 340931 649546 194792 642690 253267 230574 426474 606676 109899 335596 70190 102762 749754 494197 678825 202477 560078 733984 178035 723796 319815 397273 414201 511448 273879 588739 609511 417275 330574 173317 175283 282532 691064 715568 109238 107192 55201 726718 411931 339040 799087 382544 567391 684529
586933 485660 836892 911860 371882 619603 369421 695227 635075 727428 346928 300356 999999999 340268 114136 743220 725406 219887 133897 227379 482338 223517 759356 214306 292861 216324 121168 466053 434239 240408 589648 692184 581469 722326 794812 138568 158758 556596 670004 467513 191836 587918 495613 277763 397944 349319 540382 581053 359227 762286 932555 239389 264083 716895 685069 423722 59744 523326 466707 646711 79868 288706 262363 318886 404442 635654 266067 401089 864940 248225 536704 500847 553620 739752 425247 671179 619891 464348 712850 244311 361245 303425 559177 698929 33371 347048 400693 573978 623473 461150 192423 371457 314115 774121 691881 634357 606011 380540 522616 427528
862829 819666 1022499 1028288 476355 804866 370240 455493 750121 898183 679354 253526 340268 999999999 414336 833834 844215 456433 450978 342344 786106 158330 774024 368492 606839 453969 239436 333504 341621 406820 895619 891920 636057 483728 864596 435753 225608 472410 901726 797351 354248 903101 358675 63747 94599 679648 880033 686710 450220 957095 1064491 492251 334454 817171 902544 430313 399805 829056 245090 875513 260428 454386 574331 645969 263543 479743 303447 276076 1003108 587807 850349 385806 787380 969119 425999 939105 465978 638877 510230 583887 512953 633481 822696 614857 371859 96748 154454 361593 899545 800632 235867 356341 308531 971775 612586 512788 939723 602441 781305 766856
475814 408305 724662 808271 293202 509002 329103 703289 536657 617541 268317 297107 114136 414336 999999999 647381 624087 305266 40378 339076 378651 324369 681717 153643 313832 111482 174905 455911 415287 163122 487660 579474 500434 728673 702457 24866 267565 520321 555873 383810 138273 490965 483186 356785 452903 267185 478815 486613 287242 649624 826253 314283 377171 619570 571268 372040 89865 420838 486127 532629 172684 200249 161017 318464 407005 617122 241049 398965 758310 197254 438578 480464 439558 625617 375376 559220 601769 358732 706156 216030 267957 299142 446185 652970 111004 396351 437612 579555 512587 419147 208538 336602 290079 661189 644781 604393 527433 268976 409042 387699
501424 756394 298095 197407 380864 240556 463609 708968 112932 205312 702105 581313 743220 833834 647381 999999999 68468 952558 658825 963924 587224 863150 177001 536944 925666 536031 701815 548630 514762 504692 625252 280044 199783 713561 66025 630806 847474 433095 371835 716589 560183 671230 541198 817583 788708 689373 860128 162245 401409 286815 241975 960849 994124 31791 331187 404454 737027 604126 670925 358261 753582 454576 614571 902983 593481 538191 545302 576720 195165 747217 645036 506821 369037 386293 409404 495806 535956 300693 634565 792720 382052 882782 455117 393466 753436 745756 719604 642911 511231 888647 639790 477712 527325 300509 384560 474658 808799 407850 438965 874274
437900 701096 238011 188573 376723 178697 475770 754374 94868 137278 655270 590696 725406 844215 624087 68468 999999999 928821 631630 949754 530359 860943 242711 526539 889688 512826 694881 576812 538874 491635 562461 211767 225796 760881 129226 605707 839500 471483 304243 661710 549394 609085 572641 822969 806051 642291 804153 157679 400049 219827 220294 934636 981995 48092 263102 420861 713924 544700 697818 291602 742873 439403 575842 863471 615009 583848 547697 597794 160627 708311 585195 538849 309276 317878 426639 428668 580180 267637 683963 754943 366187 843560 393383 448349 732759 759844 739269 680334 445953 838275 638520 491403 535710 233992 438916 521499 748223 371286 380319 825619
715455 523122 1013323 1111695 589216 804814 587174 877682 841915 914039 411230 506510 219887 456433 305266 952558 928821 999999999 298730 138924 587557 299053 978050 433397 186714 416739 317029 669235 643177 456698 681382 867357 798918 905775 1006983 323126 232223 771005 828188 521794 411301 664322 699362 395978 539647 420172 536492 791442 578020 936957 1127331 37362 175906 924833 851128 642995 215531 621373 646557 808031 253609 501516 391889 244163 601585 840264 482220 601557 1059213 296746 620484 708971 717722 895955 644267 801504 824507 662247 907842 257580 571888 242704 701160 915613 201644 502632 566297 762146 749149 428961 397641 587836 528498 946928 908933 845239 633346 566125 671549 397505
453574 369711 719097 813266 317146 507095 363837 742821 546885 616233 229438 336785 133897 450978 40378 658825 631630 298730 999999999 349105 349240 353397 702644 187763 285031 126352 212022 494315 452820 191601 457307 573232 520860 768054 715867 34153 292170 554459 543250 346380 174616 458051 521236 392249 492091 228945 438701 499903 313963 643286 828620 303005 389110 630128 561496 403761 91571 390705 526401 520996 202430 221987 129330 284571 446654 653958 279243 438308 760507 157416 406112 517496 428488 612631 407515 538245 638706 364289 744333 178858 284879 264780 427504 684385 120616 435857 477830 619062 489986 379038 248857 372274 327847 654149 675943 639397 489280 267606 392221 347769
797044 639414 1063649 1137123 585759 846918 551714 785969 858035 954807 515214 451915 227379 342344 339076 963924 949754 138924 349105 999999999 679175 185857 963993 427434 323479 443651 273082 603366 586341 459361 780354 918548 791975 814383 1012552 362324 140185 721029 892290 632525 404139 769346 633281 288053 432629 522010 664222 801813 569018 988697 1159091 175612 42987 938767 909572 612972 257643 716775 558693 869816 213258 510612 466587 378492 531233 771935 446749 534923 1091642 400307 721944 648810 777055 961722 612637 882817 756501 691168 826955 370092 583828 374345 774932 869190 229401 405442 471730 677703 832585 560788 350856 548052 486404 1000250 863795 786585 754431 607516 740793 528264
138805 171929 494291 664740 446082 353190 567786 978311 487194 441535 183790 607164 482338 786106 378651 587224 530359 587557 349240 679175 999999999 702258 711779 438899 461254 339140 549216 724239 674471 409438 109545 365288 557228 998504 653248 354850 641065 720422 288205 134090 444589 124372 742785 732030 809486 172254 273907 479104 464649 422152 656529 573327 721635 555684 326381 569909 431419 43068 798895 279154 550729 385508 220026 412665 704623 844961 537087 690590 594148 291960 74519 724469 222609 343341 576797 220496 832483 333031 950891 336165 380937 397468 151583 803721 463748 751012 777007 860637 166810 322830 558360 584175 571486 425772 793328 806509 230583 256651 151041 319167
798273 707680 1009925 1049264 484391 788993 415101 601425 766296 891247 569922 301479 223517 158330 324369 863150 860943 299053 353397 185857 702258 999999999 834823 340596 457932 397913 172430 434870 426128 379059 810661 870324 675443 629851 903808 348815 74379 562856 863325 690717 319716 810726 463882 102228 246852 572664 756161 705218 462159 938982 1078697 335356 184348 841762 871841 478727 281148 743994 376763 838347 151696 432240 482678 501861 361265 598599 319291 367929 1013546 466720 759142 483765 746124 932821 476652 880172 583576 623552 646131 453946 501977 491424 765226 711045 249304 221349 287883 496250 835203 667446 223360 406908 347152 952393 706839 619936 827819 562488 726084 633548
647730 872780 474461 334637 389463 391979 419741 565276 231699 379514 795875 535192 759356 774024 681717 177001 242711 978050 702644 963993 711779 834823 999999999 545051 984534 576407 691544 454725 434144 522006 767007 448406 181814 565396 145249 670555 834532 319555 535137 832506 567617 810167 438989 771092 712492 784167 976902 233507 400153 462537 388616 992735 988182 195656 497615 356156 767111 735724 574378 517982 750929 481633 689946 971957 514630 398493 519921 500052 358335 818396 777088 405245 508699 557878 358183 655454 400042 387709 483099 859602 418997 951392 597093 235808 776620 679351 639809 520414 663273 988365 617922 428356 487687 476650 228796 334640 940761 490407 572942 969301
498277 516609 669985 715006 158850 449145 176074 566486 433157 550656 384617 170247 214306 368492 153643 536944 526539 433397 187763 427434 438899 340596 545051 999999999 466964 102114 169746 312683 268307 39264 546005 532309 367652 590367 585161 154119 313067 366921 534481 484885 23297 562008 337964 326662 374933 379346 601228 375182 144929 600104 741337 449874 457188 512512 537971 219019 227504 481612 364789 508515 216816 91714 258180 471670 275059 467371 102033 263676 675267 340797 509663 331497 419251 602662 222073 571951 452294 283107 560657 366453 162172 452119 455760 499785 232755 316654 338192 443370 534543 557663 132934 184848 145911 613920 491749 451634 629156 233994 414009 528251
598375 360201 931112 1061162 601920 741127 640755 988063 812738 848015 277575 589480 292861 606839 313832 925666 889688 186714 285031 323479 461254 457932 984534 466964 999999999 409367 413601 754705 719099 475876 539607 788353 802858 1015107 986217 318770 384308 832049 732248 367951 449793 514061 783650 543375 678922 289564 356577 772426 598941 854902 1067819 153875 362231 895403 762437 685793 248827 487397 759370 716162 361478 506412 314688 60549 696010 921906 545383 691616 1000424 184749 477149 785541 633429 795441 689008 681716 906262 625076 1003577 136453 565538 67097 596360 966694 260537 632857 690416 866547 628042 245269 483897 646669 594958 862372 958564 914415 460763 518763 575034 215600
409177 415647 622472 697629 193332 403855 263032 665214 425177 511271 286524 272358 216324 453969 111482 536031 512826 416739 126352 443651 339140 397913 576407 102114 409367 999999999 228222 409821 363263 82856 447351 478925 394600 688399 591613 95473 353766 447408 465627 383240 105469 461352 433495 405108 470789 280285 502748 375630 193651 548750 716827 425049 479518 508114 475943 291860 201324 382092 466865 440898 253289 97593 158962 402962 376401 556921 203799 364414 649065 258472 408786 423464 348360 535255 296669 487296 542365 248627 654388 292136 158652 382594 371083 568940 220312 412285 438438 542792 446008 466676 220838 275269 245203 561171 560001 534513 527260 167018 330622 439037
634637 581555 837704 883453 320952 616791 279319 575036 600863 719706 441196 189493 121168 239436 174905 701815 694881 317029 212022 273082 549216 172430 691544 169746 413601 228222 999999999 352917 326236 207481 658727 697894 522137 602341 746619 196491 145754 455949 692209 558294 148052 664503 382949 182894 283295 440960 646413 541356 301346 766576 910748 343670 296853 678698 699803 339996 174461 591953 345769 666994 64092 260870 335118 439778 287536 523834 173847 285960 844868 355923 611866 391942 575201 761513 339822 714528 508056 451798 595966 359609 331896 423939 598646 602420 154294 229503 280271 454643 671606 575048 81111 276851 215645 779966 596323 528402 701277 390748 558574 541899
747688 824339 791667 745742 288275 596977 156695 256030 491133 665719 696090 165725 466053 333504 455911 548630 576812 669235 494315 603366 724239 434870 454725 312683 754705 409821 352917 999999999 50191 327502 823684 686378 351593 278631 565064 462495 463181 140185 727751 790380 320948 848381 30176 347881 260465 690091 912521 430613 264768 740110 789895 696572 613938 539729 713378 174088 505929 764668 122472 701564 415678 339593 568720 770176 73671 171029 215079 68519 736439 650904 798294 52408 631637 785343 166700 804178 155275 454061 250361 671849 351665 751833 696721 281691 496273 236811 187347 136440 780100 869891 274256 140065 167164 756062 279150 185071 932427 476531 655764 839982
697596 776635 748877 712166 238286 550703 106717 304705 450858 622551 649783 136824 434239 341621 415287 514762 538874 643177 452820 586341 674471 426128 434144 268307 719099 363263 326236 50191 999999999 280558 773609 640360 315623 326466 535757 420306 446730 136728 679572 742269 278394 798547 70252 346787 279124 643451 865930 389188 214610 695472 754587 668848 600191 503792 666136 126941 470458 714775 159947 653293 390079 290324 522211 731883 80774 202846 174666 65945 699221 608400 748600 66651 582278 737978 119742 754547 187253 405177 292351 631243 301504 713154 646724 285038 463190 245820 207297 186453 730099 825953 245574 90531 125255 711356 280711 202216 883832 426344 605707 796531
462756 497035 631114 679831 132618 410220 180435 583236 399009 512292 369310 197803 240408 406820 163122 504692 491635 456698 191601 459361 409438 379059 522006 39264 475876 82856 207481 327502 280558 999999999 515175 493111 342228 606134 554824 157500 349207 366885 495538 463687 59433 533330 350808 365780 410083 362893 585371 342502 124257 561001 705026 470730 490556 479411 498742 213172 245340 451760 390074 469517 251347 53425 241689 475622 297345 474385 127663 284482 638619 337103 481440 340628 380606 563594 217390 535086 459749 244494 571532 367167 125730 455602 419148 493111 255055 352113 369939 461288 498763 548799 171731 192425 164666 574772 484557 453446 606850 195716 377232 520664
125091 197819 477599 671184 540212 384717 667000 1075680 536278 453137 270287 712920 589648 895619 487660 625252 562461 681382 457307 780354 109545 810661 767007 546005 539607 447351 658727 823684 773609 515175 999999999 370462 626877 1094860 690374 464036 748385 809885 279068 175380 552632 48440 840750 841558 918077 261241 277826 539979 560810 413742 653935 663954 823121 594877 322750 663794 537240 66841 903045 280248 659328 487663 327989 485669 807932 936369 642734 793395 597298 384833 62465 820569 258726 315862 670917 172192 924575 407562 1043603 424991 474953 473242 170692 882131 569767 859579 884165 960062 127791 359608 667264 683965 675182 413197 871588 894294 191558 348852 195443 365996
246610 535587 146006 301988 421714 89897 551431 901786 230827 83669 524196 648856 692184 891920 579474 280044 211767 867357 573232 918548 365288 870324 448406 532309 788353 478925 697894 686378 640360 493111 370462 999999999 370567 913159 339551 556453 831951 612375 95324 499094 551670 418728 690770 856781 875325 510942 633614 271993 448828 70155 291250 864806 956238 254733 51916 513433 663974 367771 797996 90281 731376 441309 480612 750718 704884 736782 589489 687477 229586 603930 405008 660360 155045 111296 520618 220220 729748 253061 843334 652385 378967 732470 214418 627337 689771 821728 817816 809077 245732 687518 662403 569582 595472 82288 617081 679596 561517 312123 219573 681421
516962 709454 451023 396955 209743 290141 266736 536623 147136 329330 622276 385216 581469 636057 500434 199783 225796 798918 520860 791975 557228 675443 181814 367652 802858 394600 522137 351593 315623 342228 626877 370567 999999999 545875 229623 488873 667268 248879 437771 669465 390642 666012 346848 622966 588986 611098 812593 99226 223332 410661 439002 812531 818597 188320 410140 205777 586588 586423 473242 415057 578846 300203 511660 791166 393834 368434 356212 377008 384869 638410 627165 313069 378027 480096 210350 544107 362672 224335 473610 678823 237360 770602 463507 262708 597278 546699 519837 455792 539483 815455 453436 279776 332526 426642 252150 309556 787789 318375 432027 794735
1010595 1102892 994918 897126 554714 827787 432001 28426 692672 875070 974492 431793 722326 483728 728673 713561 760881 905775 768054 814383 998504 629851 565396 590367 1015107 688399 602341 278631 326466 606134 1094860 913159 545875 999999999 705582 737349 679898 301191 969593 1068709 597107 1122032 256647 528297 389129 968628 1191007 642036 534302 956463 949019 937262 813533 715828 948187 431624 769056 1037981 259261 944566 659528 616350 847239 1036486 322062 177613 490557 329746 908599 925397 1072900 274315 885429 1019831 424376 1059307 183482 706799 83529 943202 619918 1019063 958004 329886 754589 408946 342707 149378 1040908 1145939 532007 416761 444457 972464 336603 239415 1210232 746023 918508 1115405
566218 822366 338187 191549 426951 305702 496204 703609 175093 260832 766679 614729 794812 864596 702457 66025 129226 1006983 715867 1012552 653248 903808 145249 585161 986217 591613 746619 565064 535757 554824 690374 339551 229623 705582 999999999 686896 892328 440092 433029 782538 608457 736576 554280 852571 813558 754020 926128 216024 445287 338373 244268 1016616 1041336 97667 391263 434509 791663 670002 687381 420810 800670 506421 676739 964998 615994 534204 584586 599852 213781 809203 710866 519759 434787 442441 438629 557696 533907 362367 624311 854199 435118 944708 520510 378065 806662 773813 742756 648090 575037 953926 680973 508796 562146 350841 370254 469993 874537 469951 504882 939185
450981 389924 701859 788908 283944 487109 330130 712391 519438 595889 250686 306989 138568 435753 24866 630806 605707 323126 34153 362324 354850 348815 670555 154119 318770 95473 196491 462495 420306 157500 464036 556453 488873 737349 686896 999999999 292422 520553 531615 364127 141912 468245 489077 379050 471438 248682 463609 470878 280175 626608 805903 330043 400852 602555 547489 369619 109349 397196 498410 508513 197186 189221 138627 318689 416637 620933 247492 407728 737879 188414 415715 484628 415492 601325 373393 534356 605740 339298 712195 212337 253964 298863 421350 650232 133333 414345 453326 588638 487765 408730 224056 338859 295637 638012 641791 605672 508352 246943 384294 378058
743336 637756 974209 1028018 466624 753935 417641 651571 745805 858954 501356 313401 158758 225608 267565 847474 839500 232223 292170 140185 641065 74379 834532 313067 384308 353766 145754 463181 446730 349207 748385 831951 667268 679898 892328 292422 999999999 581996 818065 622308 290445 746041 493100 163999 307462 504813 683477 686755 447081 901471 1054178 267316 155131 824147 829653 480132 213238 682084 422118 793812 100582 402463 421057 427565 391117 631907 314667 394740 987826 395565 695094 508778 700866 887856 479194 826751 616444 591302 688925 380844 474788 417048 713278 730379 180740 272584 337735 540353 780071 593490 216873 412539 350954 914240 725220 646520 757564 520673 675410 559608
717393 843997 699895 627017 276512 526621 191365 289468 395850 577504 727961 269222 556596 472410 520321 433095 471483 771005 554459 721029 720422 562856 319555 366921 832049 447408 455949 140185 136728 366885 809885 612375 248879 301191 440092 520553 581996 999999999 668736 806855 382550 841220 120364 482188 400565 719795 939811 342269 262810 657537 674677 794680 736072 429539 646997 156841 586255 757338 255597 643897 520033 357907 601667 838589 209140 128254 290584 198224 626598 703964 794739 88134 587919 718660 151314 761400 118767 410713 236866 732634 340456 819032 664036 148529 583248 375685 327471 209823 746029 913517 374859 185959 242764 673586 143989 87858 942413 463845 625985 886363
158391 453924 206135 392315 448206 148518 583061 956098 309037 178857 459739 669292 670004 901726 555873 371835 304243 828188 543250 892290 288205 863325 535137 534481 732248 465627 692209 727751 679572 495538 279068 95324 437771 969593 433029 531615 818065 668736 999999999 419461 551275 327508 735681 861041 895054 446763 548555 338857 474904 136053 375515 821861 931846 344868 44326 553721 634810 283929 832839 26628 718104 447447 436416 689984 737357 795787 605013 720331 318250 550396 318609 707441 117284 69820 561142 125078 787390 275741 903812 598445 395442 672820 138173 699484 663104 839222 842756 856264 152307 610428 667269 601497 618539 138007 689018 741797 470624 301882 157994 607353
263973 40279 625421 798830 530616 485834 637709 1046399 613222 575620 120952 654575 467513 797351 383810 716589 661710 521794 346380 632525 134090 690717 832506 484885 367951 383240 558294 790380 742269 463687 175380 499094 669465 1068709 782538 364127 622308 806855 419461 999999999 484214 146114 812297 738209 835448 118333 144523 599006 544548 554582 790256 500639 675494 684875 459006 651368 409657 137731 849365 412074 544275 453894 229510 312135 759640 926493 586876 747560 728163 232591 114097 798482 355912 470304 657648 336111 912934 446590 1028960 264757 468265 300991 284869 904171 441829 778091 813916 924914 284290 191640 586069 652218 628046 557450 894056 894470 144949 354306 284541 192972
509659 514749 690295 737809 182073 469371 191189 572649 456156 571715 380452 170880 191836 354248 138273 560183 549394 411301 174616 404139 444589 319716 567617 23297 449793 105469 148052 320948 278394 59433 552632 551670 390642 597107 608457 141912 290445 382550 551275 484214 999999999 566767 347253 310005 365867 375928 596766 398370 167655 619846 763769 428417 433970 535673 556016 237662 207573 487520 365495 525500 193707 112820 255645 456698 278618 479358 106555 268400 697550 330138 514156 342881 435364 619846 240287 584925 464093 303878 570353 353382 184405 437414 468541 517769 211269 307381 333176 449091 546178 549110 118526 198331 153868 633494 509938 466188 628948 249773 427076 519047
172799 161117 525569 719597 568530 430888 691837 1102094 580233 501254 254506 730896 587918 903101 490965 671230 609085 664322 458051 769346 124372 810726 810167 562008 514061 461352 664503 848381 798547 533330 48440 418728 666012 1122032 736576 468245 746041 841220 327508 146114 566767 999999999 866643 847263 930308 247336 232734 581342 587834 462125 702327 644698 812295 640634 371170 692417 533237 84124 923060 328478 660419 509860 329954 458068 828935 966697 660909 814944 645733 369976 52862 847829 303271 363510 699398 219029 954491 444354 1073198 406757 503224 447104 216117 918602 565867 871936 899750 984804 176096 320680 678776 708332 695777 461462 908107 926581 143118 377762 237274 330013
761548 846786 791851 737607 302322 601903 175427 235566 489402 666534 720009 195265 495613 358675 483186 541198 572641 699362 521236 633281 742785 463882 438989 337964 783650 433495 382949 30176 70252 350808 840750 690770 346848 256647 554280 489077 493100 120364 735681 812297 347253 866643 999999999 375565 282057 713700 936179 430281 280172 742563 783050 726617 643522 533971 719622 183155 534828 782721 135428 709711 445789 359719 592449 798395 102709 140914 242138 98609 731278 677390 817061 34533 642474 791707 175684 815728 125149 463998 223120 699212 366785 779923 709973 256317 525645 262313 209319 121452 793318 895597 304061 160142 193443 758578 254427 156460 953600 492505 669439 865980
814112 759545 990922 1009333 449065 771361 356529 499878 728227 868233 619417 238060 277763 63747 356785 817583 822969 395978 392249 288053 732030 102228 771092 326662 543375 405108 182894 347881 346787 365780 841558 856781 622966 528297 852571 379050 163999 482188 861041 738209 310005 847263 375565 999999999 145045 620167 818026 665376 424078 923378 1042977 431294 285237 798935 864372 419177 337447 774804 277916 835135 197912 415948 517592 582231 274671 505584 275695 284083 979973 525775 794671 398857 745355 929321 415815 892227 490990 604627 547193 520812 479105 569738 775882 628524 308954 121412 187620 397246 850997 737441 194521 344958 290600 937663 625224 531936 879787 559774 734994 703634
872804 861114 998898 985477 453758 786324 331589 360897 713898 872865 721219 226612 397944 94599 452903 788708 806051 539647 492091 432629 809486 246852 712492 374933 678922 470789 283295 260465 279124 410083 918077 875325 588986 389129 813558 471438 307462 400565 895054 835448 365867 930308 282057 145045 999999999 719896 929293 650493 426696 937534 1025108 574371 427319 774961 891224 385452 455448 852522 157019 868491 320640 451180 607377 713406 198351 393064 290377 213922 966472 639218 877482 312472 784360 960255 379986 944494 380056 623873 417103 641414 500000 699350 828930 537199 431017 58505 73124 269688 908846 857695 251573 315116 279986 952777 535925 431188 979791 603307 786908 824347
308813 141248 649595 798663 447732 476880 541718 945270 579615 578278 13288 546781 349319 679648 267185 689373 642291 420172 228945 522010 172254 572664 784167 379346 289564 280285 440960 690091 643451 362893 261241 510942 611098 968628 754020 248682 504813 719795 446763 118333 375928 247336 713700 620167 719896 999999999 222480 553920 457597 574463 798387 403520 564960 657735 479898 562971 291802 202123 741148 432778 425943 362020 121393 243576 654057 834537 481028 643000 732704 123625 200855 702767 356907 507799 568679 392398 820341 397995 933881 164887 390196 227135 309220 828394 324130 662984 701192 822508 338772 204418 472279 554828 524763 580500 818672 807626 260347 293834 292386 185790
390193 104269 752107 935224 665297 627070 763932 1167523 757539 712662 216614 767240 540382 880033 478815 860128 804153 536492 438701 664222 273907 756161 976902 601228 356577 502748 646413 912521 865930 585371 277826 633614 812593 1191007 926128 463609 683477 939811 548555 144523 596766 232734 936179 818026 929293 222480 999999999 743422 677038 684608 923305 507651 705969 828469 590297 783235 480645 265847 960854 544519 620151 582922 343804 296073 875342 1056201 702553 864669 863186 292258 229988 925046 496336 592105 789158 449890 1042142 590493 1156165 302848 604914 294246 419817 1042923 510099 873878 916396 1044583 402824 114773 687167 777214 746908 685804 1032949 1027663 116591 495729 424760 141123
425500 639282 361571 344544 220984 190959 319264 631574 63532 236650 565984 433235 581053 686710 486613 162245 157679 791442 499903 801813 479104 705218 233507 375182 772426 375630 541356 430613 389188 342502 539979 271993 99226 642036 216024 470878 686755 342269 338857 599006 398370 581342 430281 665376 650493 553920 743422 999999999 243292 315346 377938 800668 832331 137414 310923 266868 575990 504620 549114 316514 591970 292368 466815 753727 462558 465161 390322 445148 316671 598265 545879 397866 285491 381034 273103 447412 458556 155931 571385 642082 220052 733288 372833 360769 591698 603188 585036 544543 445785 757417 482221 335392 378179 331404 350274 407603 708879 261923 344584 739628
483081 581382 573602 587771 27124 359648 110323 514871 305183 448441 466125 200745 359227 450220 287242 401409 400049 578020 313963 569018 464649 462159 400153 144929 598941 193651 301346 264768 214610 124257 560810 448828 223332 534302 445287 280175 447081 262810 474904 544548 167655 587834 280172 424078 426696 457597 677038 243292 999999999 510915 619452 593555 596536 379604 466998 106844 369010 503746 359478 448305 356169 97737 341038 595948 263221 382497 148399 246517 555965 451770 539143 260019 371448 537406 113259 541876 369344 199624 486911 485658 86897 575681 432532 375879 376831 374058 369518 400432 515861 654049 238974 128569 146715 526110 366770 350643 681790 212333 391309 628158
294433 589582 76603 261375 483920 152236 610582 946639 264694 84373 587645 711579 762286 957095 649624 286815 219827 936957 643286 988697 422152 938982 462537 600104 854902 548750 766576 740110 695472 561001 413742 70155 410661 956463 338373 626608 901471 657537 136053 554582 619846 462125 742563 923378 937534 574463 684608 315346 510915 999999999 240208 933981 1026350 267207 95790 569009 734086 419796 854402 143162 800915 508751 549168 815856 762767 779090 653976 745280 186448 670889 454656 711106 221885 110727 576011 249904 773115 318773 883906 719322 444560 797932 270679 658900 759924 884814 878317 858920 286076 744942 729278 628485 657570 16064 648959 719802 605123 382086 282077 740676
533658 826450 185046 56062 595502 326831 695673 946201 314792 220445 811675 810966 932555 1064491 826253 241975 220294 1127331 828620 1159091 656529 1078697 388616 741337 1067819 716827 910748 789895 754587 705026 653935 291250 439002 949019 244268 805903 1054178 674677 375515 790256 763769 702327 783050 1042977 1025108 798387 923305 377938 619452 240208 999999999 1129555 1193027 250831 333054 639656 915222 657691 911960 378926 956074 651931 754359 1034232 832210 776003 767487 815183 68131 883226 693674 748711 441812 344735 645184 488721 774784 468258 868189 931379 579390 1015299 505422 622306 936760 979673 957441 884401 526283 978684 857148 711049 755998 241823 614413 711946 845330 561355 509767 972060
703981 499608 1010522 1115716 603299 805213 608711 909272 849380 914360 393805 532628 239389 492251 314283 960849 934636 37362 303005 175612 573327 335356 992735 449874 153875 425049 343670 696572 668848 470730 663954 864806 812531 937262 1016616 330043 267316 794680 821861 500639 428417 644698 726617 431294 574371 403520 507651 800668 593555 933981 1129555 999999999 211344 932543 846454 662943 226068 605560 678009 802512 281285 513330 385827 212913 630088 867503 504691 629362 1061431 281371 602424 735009 713420 888847 664569 789739 851726 667237 937380 238970 582212 213428 692359 938030 217159 536088 599115 792666 736893 398298 423422 610302 551915 943446 931086 870488 607295 568357 664393 367586
838644 682228 1100969 1169864 614425 883314 572512 785115 889560 990738 558192 468128 264083 334454 377171 994124 981995 175906 389110 42987 721635 184348 988182 457188 362231 479518 296853 613938 600191 490556 823121 956238 818597 813533 1041336 400852 155131 736072 931846 675494 433970 812295 643522 285237 427319 564960 705969 832331 596536 1026350 1193027 211344 999999999 969589 948340 634737 297967 759411 561089 909105 240697 542599 508224 418371 540904 780432 468843 545909 1125818 443293 764818 660998 816191 1001397 633957 924308 765203 725797 830406 412875 615809 414991 815799 884570 268777 405593 472123 680562 874312 601618 371475 567634 506024 1038127 879599 798390 796997 644602 781223 569325
471393 724699 285729 211148 358040 210419 447160 709989 83271 183870 670486 563962 716895 817171 619570 31791 48092 924833 630128 938767 555684 841762 195656 512512 895403 508114 678698 539729 503792 479411 594877 254733 188320 715828 97667 602555 824147 429539 344868 684875 535673 640634 533971 798935 774961 657735 828469 137414 379604 267207 250831 932543 969589 999999999 305195 389659 709335 572931 661534 330266 729322 428590 583765 872172 581416 539249 525197 564419 197469 716445 613902 499850 338062 362898 394991 468096 536093 270326 638193 762129 355683 852007 424528 400990 726363 730559 706833 639078 482032 856880 618513 461942 509479 281594 391658 476427 777768 377172 407721 842570
200719 494314 169717 348438 439965 120652 572972 935731 275471 134907 493028 664710 685069 902544 571268 331187 263102 851128 561496 909572 326381 871841 497615 537971 762437 475943 699803 713378 666136 498742 322750 51916 410140 948187 391263 547489 829653 646997 44326 459006 556016 371170 719622 864372 891224 479898 590297 310923 466998 95790 333054 846454 948340 305195 999999999 539437 652945 324890 821765 47439 729227 448682 460676 722094 727249 772932 602550 710009 274639 579161 360622 690284 133487 72104 546770 168526 765200 267665 880336 627489 391533 704446 174889 669900 680181 836358 836396 839280 196443 649191 669936 591329 612587 100616 659531 717287 514254 309511 187837 644906
579851 688102 623757 600492 123890 423762 63644 413642 329774 497235 571120 181185 423722 430313 372040 404454 420861 642995 403761 612972 569909 478727 356156 219019 685793 291860 339996 174088 126941 213172 663794 513433 205777 431624 434509 369619 480132 156841 553721 651368 237662 692417 183155 419177 385452 562971 783235 266868 106844 569009 639656 662943 634737 389659 539437 999999999 445144 608295 285422 527575 401909 201071 444919 688286 195899 275815 166226 178434 581432 549683 644426 158281 459322 611354 7472 632647 262867 280895 380988 580328 189197 668388 527796 280931 446797 341303 318507 304574 611037 757109 263294 74357 131581 584851 272776 244655 788504 315063 487688 730297
