NAME : synthetic_000808
TYPE : CTSP-D
DIMENSION : 100
GROUPS : 8
RELAXATION_LEVEL : 1
EDGE_WEIGHT_TYPE : EXPLICIT
EDGE_WEIGHT_FORMAT : FULL_MATRIX
EDGE_WEIGHT_SECTION
999999999 566183 241783 850253 407256 753590 648218 551149 865620 548301 482386 505873 283359 188972 585405 89325 432715 569248 476851 776025 262215 455849 669355 704461 295567 605374 335805 709201 216297 453125 605767 461559 489030 328223 665601 729502 387823 630567 506458 651982 728074 272913 134703 45289 389141 352390 259313 334515 421696 673888 712777 806423 313897 747058 300104 299380 705557 384139 317687 640947 398902 601135 366501 700076 411396 119373 738159 286462 649543 313742 551269 199116 920069 194185 357130 261267 429704 200764 533654 519168 342966 603439 73673 261377 91000 252433 291652 181745 694414 711376 292181 159319 210618 522602 339722 834181 475362 470601 439930 182495
566183 999999999 343885 784204 755496 236636 991507 383945 638993 883757 97135 173970 439089 478458 400890 579590 721758 151878 93608 210131 534559 691908 265075 781902 306737 311018 754650 512891 668815 710997 187316 406220 80281 379046 365993 181888 187002 1054193 319744 95899 376077 603200 686305 610023 891722 758603 316899 683904 691357 125028 821775 248027 255190 400836 719390 516383 152693 842932 711416 839394 375651 97211 216296 553839 769020 663085 411170 290387 217369 507018 109301 765104 791353 756756 313556 814442 162722 369442 65815 574430 328313 308776 499539 523909 526360 428906 777011 646009 783236 848906 349972 555584 670256 745074 803415 734238 133700 96215 356847 414671
241783 343885 999999999 848112 563582 558731 816929 469718 795492 708642 276840 264093 149470 141399 503001 287346 561054 327825 265186 549009 348288 559406 510692 755952 55126 479783 522311 638991 328087 567639 433144 412070 263705 285536 547085 520212 195888 832792 404580 420993 595646 400328 374558 287031 616697 432147 31147 483508 538577 462653 779281 572782 131253 618660 387326 223023 471856 592973 489186 743477 344652 364109 130307 650567 572875 322898 616652 54062 478379 223340 359025 437262 894921 420742 264843 502718 192513 52408 301031 539258 123044 477375 192708 211482 184615 259302 508416 303228 750324 790776 225270 213802 407610 626691 548694 816243 287397 248496 368168 70817
850253 784204 848112 999999999 579192 694370 611012 408134 239575 568843 723306 919730 996318 951196 385230 774714 510147 928074 742200 870367 590120 454545 554939 212875 870011 475602 670266 278978 1065123 474518 607432 437369 789738 564797 433589 754411 715004 762725 479123 851906 462249 602573 852898 860295 829176 1200620 824117 592632 495523 751244 250728 936692 735789 446723 1148145 1062840 891759 739462 640485 374794 503644 881320 828198 230789 590488 960193 425040 822383 597702 1066950 674907 947365 102302 984658 586305 908973 839451 813886 830951 331090 945627 477632 795209 1040131 903546 615262 764905 1030394 228610 290328 623988 980191 723625 419712 737895 59863 677688 776914 485524 875491
407256 755496 563582 579192 999999999 842984 253359 497687 700510 145590 658662 784667 668029 583036 518633 318634 70649 832169 666063 945519 226834 129790 705266 379572 613799 602955 98167 579514 604842 106285 684739 406626 703075 376841 631474 856293 580048 300395 507341 851248 701417 164374 336036 389804 250871 734469 559952 80075 94860 815140 365647 997341 536744 708575 685545 701111 907723 161594 91614 259412 397593 830855 638131 538062 15255 476052 689517 577931 713742 713595 682048 409495 673671 458101 442607 346343 689243 511401 757721 311122 686510 602499 397155 665029 493914 334277 194930 573485 365057 348080 409690 566542 203370 162621 159831 589987 624269 682249 433878 540764
753590 236636 558731 694370 842984 999999999 1048814 366917 496567 948954 281892 406324 670458 698974 362738 745617 793012 367292 294414 183162 648656 748948 151560 756210 530838 256755 868092 418132 886708 772500 160421 440367 309021 485934 268623 75809 369869 1140868 337280 227964 232606 715480 857686 793933 1025330 985973 528804 784365 761329 116240 803138 248633 444246 250670 944005 749007 237515 961526 822434 855394 447118 294899 440900 473940 857912 862131 270733 504933 129775 740676 203097 946852 672019 947774 426470 979936 395492 572321 301127 587717 562355 256143 681387 753356 731436 558432 912631 860779 762221 838270 485067 772355 810225 786245 927863 636775 278895 317678 409121 627440
648218 991507 816929 611012 253359 1048814 999999999 684960 798680 109731 896109 1033974 918205 830587 696902 562455 270415 1078802 905527 1170597 476821 302463 902078 401393 867093 795719 312722 716545 828814 281312 897133 609987 945356 614158 808390 1072928 823763 158259 713158 1086211 874101 417360 553439 623767 354598 949939 813148 333430 300259 1037575 360284 1226455 785855 875349 904684 946559 1141761 292912 333568 239390 619799 1072274 888974 662896 244353 697833 853625 830733 919442 959983 908554 601832 713313 655420 678685 515187 938014 764724 1000016 467223 939830 795861 646860 909255 737778 582467 380537 800377 386221 321442 654431 806484 437696 263997 328232 644636 858168 924836 648539 792592
551149 383945 469718 408134 497687 366917 684960 999999999 326813 588713 315789 511621 618601 593901 34662 503879 439568 522254 334400 511443 347495 389919 217520 404000 480306 110938 543042 169338 745249 414745 228914 99755 382122 222929 135266 402157 311188 787126 71508 462267 205754 402479 610468 578152 712397 872880 441690 452862 408472 379556 447452 574373 344504 216536 822126 692430 509510 636290 498097 489119 152607 480780 426464 186452 512940 670506 200865 433942 240302 693036 276447 709675 434560 729108 208992 711977 432392 447335 425340 220833 551161 111237 480997 677040 573984 300731 608518 712093 407354 479154 266711 642072 520354 421215 610274 364341 269899 368863 111619 513134
865620 638993 795492 239575 700510 496567 798680 326813 999999999 733498 602482 797711 943651 920652 292843 806901 630480 790418 622529 679253 630280 571185 379913 404958 802511 336901 775909 158370 1067599 595990 451760 404928 666256 541936 274337 565538 624910 938161 391171 687868 270792 666883 904620 887338 946712 1197373 766825 687098 606502 576029 452973 745114 667907 248736 1146114 1018475 718025 859959 736951 560560 470893 731987 740005 170412 714465 983859 232517 757262 427717 1018523 534156 1004104 182100 1031156 535678 988070 733607 774148 696265 394529 869637 339406 798856 1003755 897018 613414 860642 1033854 418521 495110 591330 967138 793084 562538 846701 181795 561634 658674 435367 839937
548301 883757 708642 568843 145590 948954 109731 588713 733498 999999999 787977 924253 813250 727332 603401 460839 161999 969285 797025 1065626 367158 200008 804379 356125 758326 698680 217293 636480 737646 176808 795003 508723 836398 505617 716205 970065 714522 206070 612001 978770 783678 308510 463431 527105 301970 863145 704228 225424 192645 933103 324594 1120513 676128 786837 816033 844655 1034571 223117 230812 198530 514158 963528 779278 586269 138251 607086 765835 721487 819239 857525 802836 522786 669856 574930 570490 444053 828307 656565 891085 376391 831643 698649 542103 808030 636545 472742 298402 707738 340371 293012 544958 707451 339421 175381 248796 593889 750703 815818 544774 686317
482386 97135 276840 723306 658662 281892 896109 315789 602482 787977 999999999 197748 395031 417300 338429 488740 626012 207842 20057 301336 437427 597744 254578 702156 251304 265660 657694 462861 604839 616219 171154 321625 66440 282637 329395 247782 95227 957134 246381 193029 357175 506085 597492 525050 796424 705641 246974 586800 595853 191568 739811 343979 168493 382078 662750 474488 249824 746314 614355 750173 284097 179122 163974 496383 672114 585425 387167 223084 213740 468052 86060 680012 741093 675407 217488 724541 135025 292572 112716 489292 293930 263170 413043 475199 451856 331939 681669 579174 702331 764838 252944 490494 575094 652592 707109 677105 46193 56192 270284 345741
505873 173970 264093 919730 784667 406324 1033974 511621 797711 924253 197748 999999999 305251 369892 535586 545286 765648 66546 178210 325037 557993 748175 433977 885815 211150 461851 761757 660485 555415 762836 352215 504678 131970 430714 523506 342688 221403 1071889 440993 198916 543108 621768 638128 551125 873681 624466 249168 706678 738101 290603 920171 330278 248154 568119 591766 374909 234881 840973 723235 916065 455073 126278 149138 693873 796309 580117 576178 223524 387526 362277 265326 700364 938837 680547 374290 766640 96229 308565 108382 667665 192598 459400 452982 391492 442810 451514 762169 539026 884489 941637 381755 449455 657398 809433 797917 874408 242441 142892 452197 328380
283359 439089 149470 996318 668029 670458 918205 618601 943651 813250 395031 305251 999999999 95691 651618 359307 677063 370859 379175 625949 470598 683917 643407 896413 146624 622883 610340 787724 254604 688725 562335 561158 361941 432118 690528 620972 330511 912461 552484 496550 735115 511657 412664 321716 671362 321335 176932 589346 658225 563859 916794 635445 276177 758831 286605 79541 538600 666431 584716 871060 493421 428045 231177 800013 675072 309965 758500 187727 606692 75477 480934 444326 1044305 411085 414302 528848 276427 184006 382238 682845 113713 620420 271351 86505 194487 395846 574733 243824 889857 925310 372415 162256 486841 752254 621783 965307 416314 352889 517633 131185
188972 478458 141399 951196 583036 698974 830587 593901 920652 727332 417300 369892 95691 999999999 628117 268726 597444 436421 404707 677849 398164 609477 651202 835409 171866 615147 520338 762636 190485 611966 574350 524331 398369 388606 681750 657737 337062 819324 533063 548225 733265 431813 317009 226230 575918 291096 172331 505741 580900 600058 851973 695030 269449 755759 245937 120211 595374 572975 497219 797333 455829 484966 262181 768022 589135 218894 752503 194363 619618 131004 500238 350988 1006800 320815 384976 433703 319234 147117 429260 628476 181546 612804 186836 89932 99044 338131 480622 170044 827661 857263 332486 79652 395801 677907 528464 924873 428780 385093 486454 81141
585405 400890 503001 385230 518633 362738 696902 34662 292843 603401 338429 535586 651618 628117 999999999 537072 458225 542910 357562 515804 377682 406406 211342 397744 512318 107149 568166 136142 779910 431698 235433 130260 404859 257234 113352 403892 340443 804106 100752 474963 182816 430606 642943 612007 738564 907501 474687 477433 427608 386024 443035 579945 376781 190721 856769 725873 519995 660868 523649 493431 186609 498083 456052 158675 533877 704740 173215 466272 240309 726235 292032 742319 406040 762473 243344 742767 459119 481419 445789 229909 582206 108218 515448 710913 608646 334528 636317 746746 402392 476722 301369 676670 550210 432940 636229 338826 293159 392706 146191 547276
89325 579590 287346 774714 318634 745617 562455 503879 806901 460839 488740 545286 359307 268726 537072 999999999 343510 605032 486830 789056 184777 368110 646291 620749 342419 571330 251619 653376 300448 364506 590862 408600 507123 285268 626952 730362 393871 554329 468339 670615 692887 185586 112505 85778 329477 435860 296677 245215 333130 677139 626985 825752 324805 709898 384145 384167 726178 309710 230032 552249 352070 627446 398583 638435 323296 185584 698666 321777 632541 397534 547706 207871 848894 225598 328047 236035 460255 237948 556390 444473 401902 569644 95043 347225 175708 204754 221773 266583 610150 624187 264125 248122 127535 434304 264975 762284 473380 487205 395686 242495
432715 721758 561054 510147 70649 793012 270415 439568 630480 161999 626012 765648 677063 597444 458225 343510 999999999 809044 635196 904773 213352 59328 651507 314379 608175 547318 161160 512127 639732 35826 636975 353165 674953 343791 571537 811005 553549 348461 455800 816793 640854 165729 380380 421986 321248 772513 553562 101398 31689 772698 304993 959052 517993 646746 722193 717250 872637 232168 138960 210919 353356 801869 622531 469188 84062 514301 627045 568842 663275 728411 641628 461982 603764 507771 408527 406890 669481 509966 729608 243565 683794 547052 410763 682972 514435 315094 257636 607017 300417 292221 384765 590122 243789 99957 227750 519734 588734 654452 385780 546966
569248 151878 327825 928074 832169 367292 1078802 522254 790418 969285 207842 66546 370859 436421 542910 605032 809044 999999999 190941 265677 605441 787821 416662 909147 275975 459482 814515 661015 621814 803900 339039 527740 143545 468563 516792 298291 256475 1123229 453800 145984 527838 670986 700486 614537 931991 688832 310834 755406 780526 251355 945867 265696 296706 552541 657091 438940 173490 896027 774719 949828 484380 73166 206474 699073 844353 645932 563047 284375 368732 425700 257354 764900 939977 746061 408131 829351 146227 370247 97124 694190 258779 457148 514056 456846 508306 497898 819507 605566 908911 969625 424380 515994 713865 846858 853545 880002 254001 161192 475722 393526
476851 93608 265186 742200 666063 294414 905527 334400 622529 797025 20057 178210 379175 404707 357562 486830 635196 190941 999999999 302228 443207 608413 273440 718283 236815 285693 662253 482629 593224 626374 189863 337120 47921 291413 349445 256079 93462 963651 264540 188342 376792 511567 594443 520071 798143 691810 235955 593169 605329 198985 755381 341616 163591 401721 649591 458494 245197 749965 619384 763411 297018 167270 148034 515706 679309 577666 407010 211166 231798 451629 103454 675190 760725 669047 227067 722145 115609 283980 97794 504244 276400 283202 408664 460289 442889 336741 683443 568231 718189 779825 258146 478982 576672 664323 710189 696334 64517 36150 285358 334879
776025 210131 549009 870367 945519 183162 1170597 511443 679253 1065626 301336 325037 625949 677849 515804 789056 904773 265677 302228 999999999 731698 868167 316138 913499 506787 409456 953772 591775 867935 889555 282635 564423 287426 570388 437954 115960 395360 1245870 464030 129831 412243 800596 896330 820016 1096979 947084 523685 878085 873462 133743 958247 66412 465174 431910 911823 698664 93026 1044134 909440 996412 551507 198965 418976 644718 959705 870769 450870 496631 277198 686679 263525 975045 853132 965735 504995 1024287 358897 578089 248823 726137 512248 408112 709670 712414 733138 629326 982248 847425 917810 990573 550473 756634 875908 914313 1006026 813953 325582 305438 522376 619663
262215 534559 348288 590120 226834 648656 476821 347495 630280 367158 437427 557993 470598 398164 377682 184777 213352 605441 443207 731698 999999999 213376 525442 444157 394838 434295 222300 481190 478479 219672 488245 247821 478192 163602 479850 651108 354847 520737 330089 630438 549382 68913 274463 270199 377327 614568 340213 150515 190301 605196 456174 779941 309955 562766 562228 518171 687250 314183 177743 400543 208341 606044 412179 460264 238914 370091 548163 355715 523578 527528 470578 373832 664389 402834 227387 365313 462446 297791 532654 259696 470747 433130 217583 486904 327625 107772 266713 443868 434884 459451 185122 405874 172933 281661 279235 577676 406617 457269 252070 339452
455849 691908 559406 454545 129790 748948 302463 389919 571185 200008 597744 748175 683917 609477 406406 368110 59328 787821 608413 868167 213376 999999999 604683 265420 603378 499296 215818 454374 668057 25855 595406 308776 650259 319294 519697 770853 531348 397703 412071 785854 588307 182944 418757 450528 379717 802641 548738 142063 41435 735112 262546 924359 503007 593148 751431 729686 840937 290992 187273 187858 317950 775676 609079 410460 143387 546368 572962 561534 619240 739674 606452 505560 546662 548817 381603 457007 652041 509927 704560 186274 680753 499199 424912 697152 532413 304311 310551 634495 252444 256333 366705 609717 282663 68458 284367 462026 558236 630191 346094 552802
669355 265075 510692 554939 705266 151560 902078 217520 379913 804379 254578 433977 643407 651202 211342 646291 651507 416662 273440 316138 525442 604683 999999999 605191 496996 106591 738881 276008 829651 628917 83646 298817 308676 368645 121818 200529 315243 999965 198811 308003 111437 589264 758557 705605 902112 942279 479545 651925 619969 198418 651849 382238 382293 135944 895985 722819 340641 832851 693140 704501 317731 354139 415338 328618 720400 784673 148058 460572 48239 717931 171527 853009 544236 861223 318280 874389 388904 510623 327177 438097 547348 106305 595688 719168 663965 447038 792123 800264 610961 686770 382403 716900 694051 638567 802097 499356 227148 307275 275680 572931
704461 781902 755952 212875 379572 756210 401393 404000 404958 356125 702156 885815 896413 835409 397744 620749 314379 909147 718283 913499 444157 265420 605191 999999999 789220 504565 475209 357970 920328 280478 632054 381684 765628 474789 489333 801426 666147 550692 462534 864805 541922 437158 682318 705778 625402 1056221 737493 407478 306566 782917 49866 977367 665195 535220 1004193 953483 913215 535988 451610 162815 432907 876919 768430 298585 389195 804154 512029 742617 637722 960721 677572 770808 314480 813226 517411 720971 795087 713165 814842 220467 867989 505771 661098 925258 771396 500644 571968 885992 15754 91203 534452 849658 547204 216964 539372 243251 656485 748780 434032 767554
295567 306737 55126 870011 613799 530838 867093 480306 802511 758326 251304 211150 146624 171866 512318 342419 608175 275975 236815 506787 394838 603378 496996 789220 999999999 477590 575483 648305 362346 612952 416372 432651 226818 314840 545271 486763 184056 886307 412028 377502 588673 449825 428996 340692 671805 455135 54699 533790 584578 429106 814930 526724 135960 612486 413807 225866 426263 647378 541416 785251 367405 316861 90736 664675 623538 370773 612547 47658 460986 221738 336556 489216 911406 470289 283711 556782 147891 105832 257973 570256 78919 475108 247832 223972 232659 300014 563322 340725 784435 828485 254817 249958 462020 669867 603197 835121 270059 214399 385393 117610
605374 311018 479783 475602 602955 256755 795719 110938 336901 698680 265660 461851 622883 615147 107149 571330 547318 459482 285693 409456 434295 499296 106591 504565 477590 999999999 641582 201885 782771 523789 132594 196772 330008 286749 67680 296874 294735 895586 104709 376514 122706 495086 682044 637852 807861 903307 449322 553023 515925 281299 550120 474089 348591 142592 854581 700633 418393 735464 596040 598639 226566 407462 407485 244847 618161 723634 137387 435258 133205 698360 202375 779200 480608 792539 248269 792135 397067 469098 363358 331553 539298 2533 532319 691262 612779 367307 700235 751372 509433 583859 313214 673418 605975 532083 706687 423992 224949 321843 182321 534394
335805 754650 522311 670266 98167 868092 312722 543042 775909 217293 657694 761757 610340 520338 568166 251619 161160 814515 662253 953772 222300 215818 738881 475209 575483 641582 999999999 645187 520352 196202 707809 445962 694517 385464 678308 873008 571544 311132 540381 850334 748796 153655 246530 311290 172263 646494 523862 91226 175320 827480 463195 1001159 518236 758704 598964 634787 907218 93979 45766 357244 422157 821821 612806 609111 93113 389838 741307 545020 741185 648618 692871 313325 762263 363251 449677 248208 668804 470070 748322 381573 643113 640770 340500 597113 425885 325756 97079 490534 461027 446232 404769 493774 125193 258941 70801 677204 628403 673560 463224 488873
709201 512891 638991 278978 579514 418132 716545 169338 158370 636480 462861 660485 787724 762636 136142 653376 512127 661015 482629 591775 481190 454374 276008 357970 648305 201885 645187 999999999 909582 480147 330988 247712 528580 384005 154642 475875 474409 842347 236329 575253 189574 523791 754110 732336 817429 1039062 610791 554393 484727 472491 407569 658026 512880 179140 987857 861759 613499 733777 603495 489589 312845 609191 590075 59577 594271 827893 156003 602371 318900 862277 404202 853854 278999 878564 377699 843904 589243 616364 564530 268593 717541 204148 641566 846261 738844 456771 724007 875934 367440 447226 432961 808775 648769 461120 715601 224287 419361 518543 277005 682048
216297 668815 328087 1065123 604842 886708 828814 745249 1067599 737646 604839 555415 254604 190485 779910 300448 639732 621814 593224 867935 478479 668057 829651 920328 362346 782771 520352 909582 999999999 663158 756040 663022 588652 525664 847310 847513 520147 781405 691839 738196 903953 485981 275380 217908 515821 136094 357913 538955 632003 789855 927414 883439 448489 925183 83869 208369 784427 542707 513232 850198 596746 673737 452519 905935 606242 130983 919486 382062 801318 226341 685974 250058 1132392 200333 539665 347364 509611 319187 619558 734258 363202 780574 271669 175508 171339 457298 450050 34730 910051 924340 478672 114357 401478 733442 502560 1047145 612607 574973 633984 259572
453125 710997 567639 474518 106285 772500 281312 414745 595990 176808 616219 762836 688725 611966 431698 364506 35826 803900 626374 889555 219672 25855 628917 280478 612952 523789 196202 480147 663158 999999999 618197 332146 667508 335961 545023 793295 547576 372521 435368 805362 613770 181500 408623 445267 357036 796959 558254 129393 31457 756760 273510 945155 516477 618772 746151 732113 860724 267874 171266 187829 338494 793539 622088 435942 119276 539546 598648 572068 642743 742623 627268 492807 567952 537453 399317 440502 666617 517422 721974 212121 689693 523651 426169 698782 532163 315625 292194 629971 266830 263504 381082 608832 271949 70574 263402 483911 577450 647268 368092 557895
605767 187316 433144 607432 684739 160421 897133 228914 451760 795003 171154 352215 562335 574350 235433 590862 636975 339039 189863 282635 488245 595406 83646 632054 416372 132594 707809 330988 756040 618197 999999999 287204 225378 325705 179932 176324 237291 983730 184399 244521 190894 555082 703323 644187 865040 865290 402078 624610 605303 150863 676170 345510 307553 215904 819980 641853 285839 801172 662182 714762 287667 280794 333012 376923 699552 718401 224594 381781 45313 636453 88071 794932 607378 799354 267379 823458 305272 437031 246735 444524 464529 130777 532495 639560 593265 399317 752553 727661 635903 708062 327867 642435 650705 636990 767444 554785 146503 223635 251364 497518
461559 406220 412070 437369 406626 440367 609987 99755 404928 508723 321625 504678 561158 524331 130260 408600 353165 527740 337120 564423 247821 308776 298817 381684 432651 196772 445962 247712 663022 332146 287204 999999999 384197 137811 233747 463275 287060 701545 103299 494773 304019 303118 513201 485625 614108 793901 387181 356687 321538 430698 418268 623436 298962 315924 742291 630596 547064 539637 400659 435022 68520 498778 395390 244405 421795 580407 300604 385017 310601 633360 308545 612732 483689 634197 148941 612627 415665 381403 434283 168259 508613 196189 393972 611029 492983 209136 509196 629134 381179 443431 191883 564812 420630 350265 512263 404177 276590 367129 52482 445445
489030 80281 263705 789738 703075 309021 945356 382122 666256 836398 66440 131970 361941 398369 404859 507123 674953 143545 47921 287426 478192 650259 308676 765628 226818 330008 694517 528580 588652 667508 225378 384197 999999999 331619 392313 260257 123367 998871 312418 163736 415356 545811 611748 533307 824851 680014 237062 628662 645550 202709 802352 318887 182741 440386 640088 440141 219059 780421 652563 808243 342034 127860 136196 562734 715973 583774 447118 210366 264296 431657 137319 688140 807077 678313 268756 740477 86594 290676 54706 550822 253416 327548 424051 445874 446648 370709 710498 565734 765366 826338 293472 475331 603657 707468 739665 743498 112247 20965 332208 334512
328223 379046 285536 564797 376841 485934 614158 222929 541936 505617 282637 430714 432118 388606 257234 285268 343791 468563 291413 570388 163602 319294 368645 474789 314840 286749 385464 384005 525664 335961 325705 137811 331619 999999999 341745 487585 212095 676505 183129 474628 407742 231817 395365 356064 539401 656126 264333 307699 314061 442356 502293 620794 192525 424634 604573 498131 530985 477760 340400 486057 71250 458146 298331 382072 390611 447586 413654 267942 362607 502165 307928 492972 618204 508733 65779 506656 335124 249101 386164 255416 393416 285160 258400 476476 355292 80639 426892 491944 470497 518686 60389 427052 326115 378920 442564 536472 247441 311321 111885 311169
665601 365993 547085 433589 631474 268623 808390 135266 274337 716205 329395 523506 690528 681750 113352 626952 571537 516792 349445 437954 479850 519697 121818 489333 545271 67680 678308 154642 847310 545023 179932 233747 392313 341745 999999999 322280 362322 917379 159332 422460 70488 536841 736247 696469 847512 969129 516715 588090 540857 317925 537097 504049 415971 83308 920059 768205 459248 771536 633347 599048 276465 460595 474653 206878 646726 784460 72615 502877 164341 766005 259952 834461 427777 850190 309686 842342 462358 535337 422082 341213 606683 70164 593123 758538 676763 422199 742912 815532 496137 573593 373837 738825 652715 544709 745455 378690 290382 385507 232056 600852
729502 181888 520212 754411 856293 75809 1072928 402157 565538 970065 247782 342688 620972 657737 403892 730362 811005 298291 256079 115960 651108 770853 200529 801426 486763 296874 873008 475875 847513 793295 176324 463275 260257 487585 322280 999999999 341688 1156250 360696 155151 297000 719386 841015 771611 1024099 940155 491599 792926 779402 57680 846926 182331 415914 317307 900320 698207 161712 965288 827812 890244 458849 225186 396027 529136 870891 833161 335700 466173 163710 688655 183592 926196 737961 922934 424278 966269 344571 539881 242170 620229 509997 295708 659175 705667 698938 554184 910051 823428 806277 880234 477307 733609 805352 813270 929373 698008 256983 272645 425385 590434
387823 187002 195888 715004 580048 369869 823763 311188 624910 714522 95227 221403 330511 337062 340443 393871 553549 256475 93462 395360 354847 531348 315243 666147 184056 294735 571544 474409 520147 547576 237291 287060 123367 212095 362322 341688 999999999 875505 240061 280944 404627 422452 502299 430156 705020 628016 164798 505335 524627 286199 699452 434895 74610 428432 582763 409392 337626 658184 529352 695364 234022 251201 115682 497632 592839 492916 428724 145370 282557 405767 167000 585008 745731 581312 153081 629513 128950 202776 177818 447006 245109 292229 317971 404114 361624 247343 590370 492772 664302 720361 170358 406097 483547 590671 617929 674412 92474 102429 234911 260839
630567 1054193 832792 762725 300395 1140868 158259 787126 938161 206070 957134 1071889 912461 819324 804106 554329 348461 1123229 963651 1245870 520737 397703 999965 550692 886307 895586 311132 842347 781405 372521 983730 701545 998871 676505 917379 1156250 875505 999999999 803914 1150068 985791 453190 513870 597397 269037 890018 834945 370484 380032 1115513 512786 1297287 826524 990000 849722 927789 1206720 246460 348690 388016 697401 1126698 923206 792339 286168 653340 969390 856141 1011234 943046 982426 537041 864827 590934 742271 441525 978142 780700 1053257 580105 952684 895360 647210 888744 721440 628178 339900 757292 535134 475668 705798 780998 427620 381256 290864 792681 923871 977933 732405 796001
506458 319744 404580 479123 507341 337280 713158 71508 391171 612001 246381 440993 552484 533063 100752 468339 455800 453800 264540 464030 330089 412071 198811 462534 412028 104709 540381 236329 691839 435368 184399 103299 312418 183129 159332 360696 240061 803914 999999999 402809 224619 391975 578410 537140 704990 816473 375697 453124 424128 330393 503485 524489 276862 241742 766518 627603 452749 634359 494676 532571 121973 415634 355545 257688 522410 625462 231770 366311 207509 627404 215302 676094 505733 690996 152233 687522 360921 385953 357316 262511 481476 103373 434232 614024 520686 263762 596443 659467 464378 532436 215261 585513 501394 452591 604336 435830 200244 298484 78064 451946
651982 95899 420993 851906 851248 227964 1086211 462267 687868 978770 193029 198916 496550 548225 474963 670615 816793 145984 188342 129831 630438 785854 308003 864805 377502 376514 850334 575253 738196 805362 244521 494773 163736 474628 422460 155151 280944 1150068 402809 999999999 417873 699055 775476 696484 985921 817827 396640 779800 786236 116842 906278 155173 345884 441290 782149 570006 56886 938296 807207 929499 468567 73643 290699 621280 864814 743553 455583 369386 260554 558435 187533 851070 850059 839711 409020 904212 229685 452415 119977 662263 382912 374560 587707 582958 605511 524632 871298 717943 867040 934986 445760 627157 764461 837759 898511 799250 228074 183415 447026 491394
728074 376077 595646 462249 701417 232606 874101 205754 270792 783678 357175 543108 735115 733265 182816 692887 640854 527838 376792 412243 549382 588307 111437 541922 588673 122706 748796 189574 903953 613770 190894 304019 415356 407742 70488 297000 404627 985791 224619 417873 999999999 607017 803013 760366 917939 1022787 564767 658565 610346 305246 590740 478585 464599 25036 974636 813824 447250 842016 703829 660077 344425 465556 512271 247974 716665 846330 38724 548668 159662 810394 278324 900685 440969 914860 370975 910841 492183 588344 437278 407663 645027 124670 655023 806748 734503 488378 813060 872888 549964 628750 435905 793714 722114 611044 815909 404314 323731 411895 299869 653025
272913 603200 400328 602573 164374 715480 417360 402479 666883 308510 506085 621768 511657 431813 430606 185586 165729 670986 511567 800596 68913 182944 589264 437158 449825 495086 153655 523791 485981 181500 555082 303118 545811 231817 536841 719386 422452 453190 391975 699055 607017 999999999 250329 269323 313024 621145 395796 85040 150093 673874 441650 848808 374543 618965 569597 551733 755891 246234 108854 369011 271551 673594 474466 496586 175051 367064 603137 413563 589413 562747 539286 345730 683855 382123 296103 321199 526863 348421 600124 280238 523369 494080 245310 517822 350663 175133 206078 452168 426004 438674 253425 427435 126322 250058 212983 596835 475527 524861 314056 382034
134703 686305 374558 852898 336036 857686 553439 610468 904620 463431 597492 638128 412664 317009 642943 112505 380380 700486 594443 896330 274463 418757 758557 682318 428996 682044 246530 754110 275380 408623 703323 513201 611748 395365 736247 841015 502299 513870 578410 775476 803013 250329 999999999 91632 259653 399972 389656 279497 379085 787172 681189 930580 431157 819421 352614 416839 830272 270043 245382 590442 460152 728545 495596 734710 335567 144398 807467 416284 745046 432935 658930 99760 933201 131840 440277 129201 558472 330277 659089 528155 477617 680419 188140 377343 218312 314750 176177 247366 670127 671963 376573 268545 136720 478854 228309 846170 584134 592370 504308 317170
45289 610023 287031 860295 389804 793933 623767 578152 887338 527105 525050 551125 321716 226230 612007 85778 421986 614537 520071 820016 270199 450528 705605 705778 340692 637852 311290 732336 217908 445267 644187 485625 533307 356064 696469 771611 430156 597397 537140 696484 760366 269323 91632 999999999 349687 352122 304540 321511 414143 716355 710935 851077 356715 778637 300966 330401 750269 351236 298588 632313 425548 646179 411659 719947 392402 99897 768815 331656 687492 345804 592235 155135 933698 155619 390355 216363 474850 245861 578414 529802 386582 636003 112638 291363 127232 277480 257498 185035 694967 706861 325201 184365 187751 515592 307505 847223 516465 514683 467884 226820
389141 891722 616697 829176 250871 1025330 354598 712397 946712 301970 796424 873681 671362 575918 738564 329477 321248 931991 798143 1096979 377327 379717 902112 625402 671805 807861 172263 817429 515821 357036 865040 614108 824851 539401 847512 1024099 705020 269037 704990 985921 917939 313024 259653 349687 999999999 621174 625862 263332 341537 975486 605403 1139749 642870 928676 581658 675949 1042497 89718 215259 486699 584394 949249 725745 780791 238859 390728 911777 650496 900881 692268 841319 268627 924411 322266 600389 172509 786173 567378 876655 552962 728675 806899 424022 636359 476906 469959 114755 493724 610315 581216 547678 527326 221477 409958 102435 840859 772353 804217 627079 567661
352390 758603 432147 1200620 734469 985973 949939 872880 1197373 863145 705641 624466 321335 291096 907501 435860 772513 688832 691810 947084 614568 802641 942279 1056221 455135 903307 646494 1039062 136094 796959 865290 793901 680014 656126 969129 940155 628016 890018 816473 817827 1022787 621145 399972 352122 621174 999999999 463218 671319 765972 882697 1062768 954452 560274 1044863 52478 249955 858958 659318 643003 983341 726754 748746 545315 1037740 734889 258630 1040633 484133 910525 263971 789802 353160 1266740 299127 665126 448741 596028 434453 703268 869931 434915 901021 405994 235171 301056 590472 569402 170713 1045844 1058972 606380 231005 531539 867412 621767 1181821 719408 669027 762375 370038
259313 316899 31147 824117 559952 528804 813148 441690 766825 704228 246974 249168 176932 172331 474687 296677 553562 310834 235955 523685 340213 548738 479545 737493 54699 449322 523862 610791 357913 558254 402078 387181 237062 264333 516715 491599 164798 834945 375697 396640 564767 395796 389656 304540 625862 463218 999999999 480015 529889 434157 762297 549651 100744 587852 418196 252290 448629 597853 488856 730924 320500 342418 107444 623708 569892 347102 586043 27374 447327 251707 328494 457070 868950 443250 238913 518577 170627 59455 276984 519379 132571 446903 203818 242101 209601 245653 515712 332327 732368 775169 203971 243557 412769 615314 553987 791075 256468 220969 341969 98924
334515 683904 483508 592632 80075 784365 333430 452862 687098 225424 586800 706678 589346 505741 477433 245215 101398 755406 593169 878085 150515 142063 651925 407478 533790 553023 91226 554393 538955 129393 624610 356687 628662 307699 588090 792926 505335 370484 453124 779800 658565 85040 279497 321511 263332 671319 480015 999999999 101021 749459 402774 928009 459213 668082 621163 624572 836517 183477 49905 312293 337270 756520 559497 519357 90075 412984 650480 498238 656344 636601 615344 363797 681428 408063 373218 316446 611628 431331 683150 292590 606439 552300 319204 589142 418849 258245 175013 506497 394414 392477 335373 493122 142779 199383 161228 595401 554369 607748 376843 461391
421696 691357 538577 495523 94860 761329 300259 408472 606502 192645 595853 738101 658225 580900 427608 333130 31689 780526 605329 873462 190301 41435 619969 306566 584578 515925 175320 484727 632003 31457 605303 321538 645550 314061 540857 779402 524627 380032 424128 786236 610346 150093 379085 414143 341537 765972 529889 101021 999999999 741274 302207 927971 490942 616591 715075 701014 841972 253668 145843 219272 321980 772202 596052 443299 109544 508807 597091 544307 631595 711627 610422 464785 586949 508593 378430 415573 641881 488041 700155 216270 660921 515639 394937 667553 500749 288858 269404 598750 293416 293766 356635 577384 242618 101453 244597 501925 558162 625132 354137 527533
673888 125028 462653 751244 815140 116240 1037575 379556 576029 933103 191568 290603 563859 600058 386024 677139 772698 251355 198985 133743 605196 735112 198418 782917 429106 281299 827480 472491 789855 756760 150863 430698 202709 442356 317925 57680 286199 1115513 330393 116842 305246 673874 787172 716355 975486 882697 434157 749459 741274 999999999 826953 194887 360031 327877 842711 641356 142319 918996 782636 862898 419360 179468 338371 522332 829510 776502 343571 408628 153594 632046 134642 871177 742637 866972 377810 913171 287436 482951 187127 592676 453340 279723 604118 648347 641853 505726 861084 765848 786729 858567 427846 675979 755682 780674 882129 696613 204479 214965 389096 532946
712777 821775 779281 250728 365647 803138 360284 447452 452973 324594 739811 920171 916794 851973 443035 626985 304993 945867 755381 958247 456174 262546 651849 49866 814930 550120 463195 407569 927414 273510 676170 418268 802352 502293 537097 846926 699452 512786 503485 906278 590740 441650 681189 710935 605403 1062768 762297 402774 302207 826953 999999999 1021675 694244 584430 1011128 971061 955554 516874 443907 126478 465453 915992 798758 348255 373699 807958 561256 768941 683322 979089 718787 766304 353029 810757 548732 711006 828150 734764 852506 252509 893844 551240 673743 941493 783618 521388 560266 893414 40962 42138 561004 861797 544821 205098 524191 286841 694511 784973 470146 786786
806423 248027 572782 936692 997341 248633 1226455 574373 745114 1120513 343979 330278 635445 695030 579945 825752 959052 265696 341616 66412 779941 924359 382238 977367 526724 474089 1001159 658026 883439 945155 345510 623436 318887 620794 504049 182331 434895 1297287 524489 155173 478585 848808 930580 851077 1139749 954452 549651 928009 927971 194887 1021675 999999999 500978 498107 922018 704610 101022 1090232 957430 1057023 606661 210119 442721 710712 1011275 895678 517191 522294 342509 691386 317915 1005411 919418 992877 555047 1059360 380310 606316 272899 786984 522310 472670 742727 721755 757347 675557 1025037 865066 981377 1053442 596489 774542 918283 972336 1051082 880338 373641 338574 579695 642547
313897 255190 131253 735789 536744 444246 785855 344504 667907 676128 168493 248154 276177 269449 376781 324805 517993 296706 163591 465174 309955 503007 382293 665195 135960 348591 518236 512880 448489 516477 307553 298962 182741 192525 415971 415914 74610 826524 276862 345884 464599 374543 431157 356715 642870 560274 100744 459213 490942 360031 694244 500978 999999999 487499 513695 352705 401689 601426 478062 676734 235889 306490 106495 528721 548572 418309 485400 89492 352829 351442 241206 511776 775587 507027 150716 559263 152499 129605 233791 444810 209845 346176 245082 342719 287597 203390 528820 420262 661608 711196 137102 335020 422129 566199 559765 699818 165868 162548 250396 190639
747058 400836 618660 446723 708575 250670 875349 216536 248736 786837 382078 568119 758831 755759 190721 709898 646746 552541 401721 431910 562766 593148 135944 535220 612486 142592 758704 179140 925183 618772 215904 315924 440386 424634 83308 317307 428432 990000 241742 441290 25036 618965 819421 778637 928676 1044863 587852 668082 616591 327877 584430 498107 487499 999999999 996466 837416 469547 851541 714026 657905 359761 489884 536671 238473 723798 865620 23213 572115 184093 834162 303360 917513 421444 932715 390267 925607 517071 610426 462209 410446 669424 144724 674248 829916 755339 505176 825027 893889 543858 623138 454933 815413 735680 613204 826444 388160 348301 436867 315330 675337
300104 719390 387326 1148145 685545 944005 904684 822126 1146114 816033 662750 591766 286605 245937 856769 384145 722193 657091 649591 911823 562228 751431 895985 1004193 413807 854581 598964 987857 83869 746151 819980 742291 640088 604573 920059 900320 582763 849722 766518 782149 974636 569597 352614 300966 581658 52478 418196 621163 715075 842711 1011128 922018 513695 996466 999999999 221583 825115 615575 593968 932882 675336 714463 504461 985948 686383 209557 991794 440159 865275 237469 746105 313041 1214414 259760 614848 409985 557426 386513 665924 817453 400098 852320 353606 200278 249312 538312 524438 118366 993900 1007753 555475 181239 482298 816528 576954 1129438 674662 628200 711379 323065
299380 516383 223023 1062840 701111 749007 946559 692430 1018475 844655 474488 374909 79541 120211 725873 384167 717250 438940 458494 698664 518171 729686 722819 953483 225866 700633 634787 861759 208369 732113 641853 630596 440141 498131 768205 698207 409392 927789 627603 570006 813824 551733 416839 330401 675949 249955 252290 624572 701014 641356 971061 704610 352705 837416 221583 999999999 609683 681528 613995 917541 562302 499886 310568 871814 706687 294109 836693 265480 686230 18120 560424 430393 1114285 389832 485878 521742 354101 249382 458001 743958 188429 698186 306487 39644 208902 454069 587895 207822 946072 976976 439639 148694 509643 798117 637572 1033971 495770 431700 589050 187726
