NAME : synthetic_000749
TYPE : CTSP-D
DIMENSION : 100
GROUPS : 8
RELAXATION_LEVEL : 1
EDGE_WEIGHT_TYPE : EXPLICIT
EDGE_WEIGHT_FORMAT : FULL_MATRIX
EDGE_WEIGHT_SECTION
999999999 1037511 437285 208463 869052 392936 351344 631120 437280 820124 256603 670696 629098 173374 642158 1003360 991759 493016 875176 1077809 671252 594213 467219 755749 718655 292536 793335 819764 126332 813360 740419 374498 362242 12543 411241 297044 972311 405079 245812 709473 266807 478656 629782 689578 164672 863866 770947 241423 811058 837033 604916 380856 509571 559729 452975 236041 981652 770310 199038 582752 600589 647664 871935 916748 867679 640287 678549 928025 110738 497293 608989 442992 231210 629835 229662 724466 1053309 106786 263377 277371 711129 758883 554449 304141 912921 804766 162748 760715 384760 485654 573803 818583 361834 488193 547682 386168 501231 685502 502654 992581
1037511 999999999 740825 862400 731167 788034 859966 740641 1203928 311848 911158 382123 409633 864927 921239 132941 55059 766775 197887 861458 580220 509514 603248 541291 734704 751103 499146 298614 918437 696039 402103 874761 798133 1037511 777445 976795 692895 953926 794097 626535 1142478 889873 661602 362884 1005182 477999 869526 864620 493616 580025 516437 1090925 1240163 489876 598610 811543 765504 278887 992699 495628 521765 671270 571358 271481 863134 815360 377814 190972 926921 955209 765107 1253519 969808 458260 855225 440366 828235 1000807 1167159 919780 610513 408973 550296 772043 743921 508495 985796 914756 653228 799151 469555 584854 808218 682840 490586 724382 901897 611413 534872 161673
437285 740825 999999999 232684 914118 530284 124701 720011 819623 646232 513646 475446 371927 305871 830930 664076 709909 611521 547447 1131809 656032 503813 170263 716462 792224 322815 729019 461372 381146 851415 360919 586008 507688 429684 539550 245267 978046 666122 313997 722536 671970 683716 668764 487127 320426 784848 904281 449455 743173 812631 526992 727258 886148 279856 206932 347850 1017965 465109 536664 467151 221514 692045 838741 732979 975571 771636 486727 582171 352086 737972 715532 843077 542984 502454 208912 618117 1099436 475747 679656 200912 714535 637148 190818 400670 954910 745284 306395 918613 284618 628433 392462 798799 517130 62488 350039 454169 709419 690483 311699 760018
208463 862400 232684 999999999 834491 380789 174299 609755 595511 684164 312379 519440 454150 88259 678182 814459 820857 479222 687729 1052943 598177 480382 268737 675523 693305 187094 703142 623213 155268 773382 538058 409360 351448 202496 395512 193473 921192 475887 146947 652487 441408 516875 581635 536745 147242 769735 779876 256206 719969 767222 497598 511248 664360 373564 264291 169843 945815 586954 314849 456868 395845 603402 799189 780083 865724 643015 529034 736300 120444 559274 596167 614923 327971 502735 25751 612239 1023999 245047 447697 135681 649408 641749 350610 249263 878111 717268 127110 782997 235035 485775 420624 750287 357525 280416 386073 329665 542710 623221 338338 839171
869052 731167 914118 834491 999999999 476753 964537 238271 733955 440911 618083 519387 628348 766556 319189 818419 680712 376057 748369 219479 260318 420596 755312 224678 151117 647664 246491 803460 757190 62736 833748 505404 507899 877758 458683 1026523 120204 520064 688824 191692 782676 424505 253135 523238 957889 253168 186495 628711 245593 152752 396147 649527 729780 686690 711809 672948 112829 687374 698697 461295 819649 231100 160721 459749 135737 250244 510820 805703 797347 451692 262817 790901 661893 442358 849165 353126 189535 771963 814259 964451 200812 362872 800308 590365 44063 232575 940126 235403 635834 386131 551516 152403 507451 896891 589118 506020 413009 223853 613234 575508
392936 788034 530284 380789 476753 999999999 538114 240011 416693 506139 152943 410416 439885 301349 302740 801141 734638 102302 680933 688751 293204 279660 420923 378436 327318 210248 422347 671241 281347 420447 637326 88089 31363 401316 18420 573260 579577 174859 236192 320335 369897 155901 239359 428772 487620 492998 399654 151972 439952 450605 277024 303403 458623 428202 377270 211009 589533 576785 241916 293330 544480 255792 486212 595341 488662 262977 412709 744336 323216 217441 220925 465498 208330 330071 400564 384396 662827 300109 398662 516328 324017 421884 504561 134412 520740 430894 471145 402431 261778 104986 345396 431835 31598 539910 349750 85665 180824 299554 331843 695716
351344 859966 124701 174299 964537 538114 999999999 752888 766140 741875 485646 570054 476340 262003 840136 787285 826750 630774 668787 1183978 713743 573257 267427 782591 831855 329827 801705 585064 328363 902073 485404 577276 511005 341661 550778 120570 1039678 647918 303219 775582 606383 682606 712800 583942 210501 862582 931051 427122 817141 877953 594540 684947 835963 384330 291472 332803 1072735 582184 487879 540946 344640 735673 906874 832664 1010893 794936 581020 705532 289286 728913 743427 782197 502165 581514 149043 697227 1153105 412326 608992 82908 769778 720639 310343 403702 1007013 817284 200423 938941 330440 641934 478720 862606 518570 187152 437423 474065 708603 744391 393252 869455
631120 740641 720011 609755 238271 240011 752888 999999999 534263 429193 379958 421519 504825 536335 180836 793073 685734 138245 693590 448810 160426 283972 576839 216565 87540 426012 266881 719425 521327 185941 720389 268936 271350 639996 222318 803184 347494 296378 462815 128599 555953 202132 81234 433533 725765 325981 186380 391557 280767 248836 263285 436205 546336 536376 531076 443283 350609 606746 461782 321951 669562 69460 283511 493378 258006 76097 417289 757138 562726 248333 30991 590902 425125 327567 626744 300761 422862 533705 587366 743155 141882 331824 640304 361239 281961 266831 708679 210826 435400 148443 410735 230922 270128 713866 438191 280810 198806 132160 446881 610463
437280 1203928 819623 595511 733955 416693 766140 534263 999999999 913362 324448 827038 847465 514265 418407 1216721 1150151 448066 1094678 890359 666075 694493 774631 741952 600535 532802 791802 1076113 440651 701405 1027985 329267 410604 449590 426541 732417 854054 253174 518380 659829 173042 335684 588224 845451 601620 856553 566471 388476 807629 782863 689067 113328 72433 818238 739663 485033 829831 988915 282961 710008 912773 591750 817077 996485 664932 489301 829402 1157318 476958 287167 503272 57095 280427 745672 621229 785317 878006 354416 187322 703587 670783 822368 867469 471984 770169 795019 597728 530697 627369 417703 757318 765121 399676 854231 755064 488976 335518 653920 727666 1103879
820124 311848 646232 684164 440911 506139 741875 429193 913362 999999999 645727 171864 277980 658516 609566 379936 257194 467306 309796 608512 268929 232425 477796 232748 424580 528668 196236 377863 694231 396812 433147 588359 522448 823158 492657 842308 433120 660378 576864 315416 873958 588155 351011 159111 831127 199583 561728 611051 195338 288762 229927 802125 943282 367471 450447 584122 499302 267645 733145 237497 473041 359749 290933 96813 565840 503613 160856 365185 714778 651411 454329 965729 704937 190665 685625 131001 573496 760943 901450 778625 299325 97389 474860 524603 462391 208762 810972 605556 450064 499058 266182 288819 531049 604303 305573 458399 597781 299567 351980 190529
256603 911158 513646 312379 618083 152943 485646 379958 324448 645727 999999999 529039 531749 224120 388882 908632 859542 244052 783289 823113 446024 413913 451155 531327 466991 209045 574806 756575 170948 565002 704305 117911 127689 266824 170817 489542 725919 164771 201061 471868 231364 223934 390642 548277 381234 645589 514404 65583 592465 602679 416199 219330 383122 495419 415328 166875 729968 676053 89513 418174 588592 405618 638389 738107 611150 384035 533533 844293 216995 252736 355796 362162 59307 460659 336940 529911 799569 154420 256959 442424 476257 567045 543568 149164 661559 583641 368361 505387 303188 232081 447748 583864 122157 540449 439257 188491 247731 452126 407589 832483
670696 382123 475446 519440 519387 410416 570054 421519 827038 171864 529039 999999999 116389 502707 595849 392431 330903 405794 278426 717447 278137 143609 306284 295135 451335 378699 286033 298443 547194 462766 314604 498257 417965 672343 401596 671610 546837 581386 424891 346324 760356 528423 341544 19391 666670 325806 590825 483305 295465 382757 160023 713715 867757 199050 278693 437711 602591 185317 610965 117904 316812 359440 399185 263835 623310 496594 11342 342806 562033 595879 437712 874958 587696 94494 518938 169240 682660 623746 785129 608278 331894 173956 311107 391313 551471 302690 646548 626174 289479 437882 98989 374671 428414 435895 135131 342745 544531 318334 182514 322518
629098 409633 371927 454150 628348 439885 476340 504825 847465 277980 531749 116389 999999999 456000 669319 380575 366766 461018 253088 830922 377177 221906 208954 406098 546979 348713 400926 231439 512731 569746 215567 526746 439133 628656 435634 585414 661731 614733 388486 447675 758314 577752 428937 122007 598872 442195 683382 476461 411054 496509 244539 735206 895746 92430 193312 409305 715684 145487 604600 182885 200441 449353 514395 361379 725073 576790 127235 312777 518366 645203 516053 890815 587314 187342 448651 283610 796315 599806 779857 524343 434439 290324 197152 383977 662327 417669 579163 714576 247379 491153 98053 487381 450499 326940 92616 359826 597367 417549 128927 393874
173374 864927 305871 88259 766556 301349 262003 536335 514265 658516 224120 502707 456000 999999999 594025 830144 819829 402174 701911 983298 541295 440516 299089 622262 621748 132815 654295 648383 76081 706668 572635 323034 270927 172659 317239 273530 858911 387768 84311 590282 367706 431307 515684 521226 192055 723087 700883 168877 671640 710615 454609 425883 581750 386734 281039 93609 878857 596937 231592 423374 436350 536473 743915 755313 789513 564309 511153 755210 62861 471864 520468 537273 241674 470487 112999 572985 955485 173432 377837 220787 588838 605275 389597 176193 810501 667373 173752 701536 213901 405806 404554 692989 275870 345095 376228 261092 456986 562580 330419 825224
642158 921239 830930 678182 319189 302740 840136 180836 418407 609566 388882 595849 669319 594025 999999999 973139 866380 222971 871217 476195 341158 454135 707858 389659 206327 512961 438577 891272 556429 296194 883372 273923 329132 653150 291815 867453 439186 242175 537134 300284 492270 165186 261328 609179 768276 489612 149372 427734 450364 397463 435879 345585 410655 687812 662307 509281 411471 780923 447723 488814 816769 250017 427484 670316 250172 106069 592609 935132 602060 153738 159111 474846 412586 501355 699514 481587 461378 536030 523151 813672 315494 512285 782370 436819 353065 435545 754191 122465 553241 202653 572194 382430 321740 835959 593591 377114 141221 310638 593029 788515
1003360 132941 664076 814459 818419 801141 787285 793073 1216721 379936 908632 392431 380575 830144 973139 999999999 156094 796774 128360 967047 634959 533581 546844 611805 800719 729037 575992 203189 891034 776529 307127 889215 806189 1001786 793212 906956 794447 973458 767460 690528 1137393 919968 712005 375212 951062 568413 939685 855699 573948 665667 546053 1103480 1259468 443795 551996 789512 865264 235263 984213 510292 442713 725250 662672 368777 945515 869114 391920 82025 892993 987137 814238 1262993 965449 482022 803715 495541 932932 979911 1159641 854185 674435 470614 478691 762746 836352 587913 932520 982010 627074 829081 461220 667431 817056 603117 471231 728487 935129 670514 509355 277931
991759 55059 709909 820857 680712 734638 826750 685734 1150151 257194 859542 330903 366766 819829 866380 156094 999999999 712067 181198 817257 525308 455658 565987 487518 680715 703494 446141 284660 871430 644076 384108 821106 745295 992141 723793 942009 646807 899749 747327 572233 1090906 835089 606603 311556 964979 427765 816143 814119 441185 528905 462090 1037247 1185839 450649 558294 763700 718846 244851 941868 442890 494018 616387 521641 222173 811765 760541 326023 192686 881410 900325 710112 1200032 918365 404632 814774 385362 783611 952219 1115927 883677 556186 354172 519122 721858 694851 455943 945395 861058 607026 744424 420872 533090 755268 653595 444099 672223 846986 556738 489410 121955
493016 766775 611521 479222 376057 102302 630774 138245 448066 467306 244052 405794 461018 402174 222971 796774 712067 999999999 683942 586652 221142 263203 484887 302426 225764 300961 350336 689693 383532 321363 670855 140729 133650 501810 85224 672449 481949 195245 332876 232020 437640 123514 151675 422076 589686 418772 301081 253356 367187 363157 251813 339343 475994 469365 439348 310339 488638 585545 328866 289787 595851 163583 398991 548519 387347 164384 405260 748290 425516 190366 118700 502004 292831 314790 497826 337890 561050 396695 468291 614159 238699 374678 560300 230118 419907 356099 573036 308717 330968 32452 362981 344332 131939 613923 378764 158098 138767 216910 373276 657428
875176 197887 547447 687729 748369 680933 668787 693590 1094678 309796 783289 278426 253088 701911 871217 128360 181198 683942 999999999 916972 540204 421968 421283 530587 711278 601058 501918 103463 762685 700413 204617 768952 684197 873703 674069 787335 741721 854664 639168 601603 1011054 806112 612467 263189 825923 508792 851697 729207 503380 597439 437190 981674 1139522 315866 424474 661459 808897 107616 857525 394514 326578 627972 600729 331086 868532 769525 280001 64380 764749 873711 712244 1139846 839565 371763 677695 406009 882080 851784 1032856 732639 585834 387724 358506 636456 771664 515896 807138 891166 498935 715897 337442 595986 695258 488099 344588 605731 822709 578184 381557 278688
1077809 861458 1131809 1052943 219479 688751 1183978 448810 890359 608512 823113 717447 830922 983298 476195 967047 817257 586652 916972 999999999 475987 633349 970826 425886 361989 866400 432038 984857 970097 281916 1027466 706950 720106 1087114 671123 1245375 175393 706597 906803 409654 965698 614325 472329 718224 1173851 408966 327007 839897 424643 334691 609127 821667 871861 896119 928065 889785 115516 871183 898872 673217 1027077 450007 321111 598284 226136 440948 707817 968589 1011490 626378 469043 945569 862056 649265 1068034 548207 35106 977516 996967 1183549 417274 548842 1010921 807240 177183 415647 1156445 359662 854980 592155 761192 343629 718554 1112542 800458 723734 597867 441527 827633 699821
671252 580220 656032 598177 260318 293204 713743 160426 666075 268929 446024 278137 377177 541295 341158 634959 525308 221142 540204 475987 999999999 161222 495266 85458 173366 412656 130048 575324 548875 198416 589544 358762 319242 677786 275704 785512 326040 415050 458470 70965 656224 331787 82805 286928 732555 200084 313459 433583 147372 169434 136798 559459 687884 428270 452156 449926 361936 460039 535119 202279 562117 91158 202687 337351 347897 235569 271844 602864 582847 390533 185529 721024 501239 190131 609567 140560 443419 587992 686326 721835 59581 171541 540892 370646 299591 137733 713527 351156 383304 249333 293697 152164 323899 636937 329829 285804 337277 40456 352917 452486
594213 509514 503813 480382 420596 279660 573257 283972 694493 232425 413913 143609 221906 440516 454135 533581 455658 263203 421968 633349 161222 999999999 338506 212665 326069 307850 228456 437220 467881 359254 437235 365522 292792 598220 268243 657028 474660 444726 356586 232019 643395 386417 207057 159124 623731 291197 461530 378801 244069 308828 24463 581619 731273 267079 297321 358948 518230 327304 500873 41130 401070 227495 335353 326801 506725 357420 142278 486341 492604 453559 297395 744572 473201 51874 486979 132604 599952 529833 670321 592452 220612 165100 379822 293924 458519 244048 603826 492897 248796 295500 132971 295251 302089 480020 168663 226065 401704 200457 194638 418716
467219 603248 170263 268737 755312 420923 267427 576839 774631 477796 451155 306284 208954 299089 707858 546844 565987 484887 421283 970826 495266 338506 999999999 550705 642174 242111 560744 354585 370174 692955 273661 492940 405466 463795 425591 377562 813010 580333 260110 563868 651512 576508 517387 318849 404642 615212 763172 386297 574480 646698 362346 670241 834239 117358 45905 291585 856082 324607 500785 300247 139918 540539 671603 566626 826649 636019 317494 467949 360434 637914 576951 808164 495368 333333 256923 448547 937782 467037 666665 317897 554578 466960 93453 310554 794835 577165 385874 783031 159329 507222 222370 633594 416443 141715 179947 336648 600856 531661 144044 602503
755749 541291 716462 675523 224678 378436 782591 216565 741952 232748 531327 295135 406098 622262 389659 611805 487518 302426 530587 425886 85458 212665 550705 999999999 193652 491924 50455 580196 632691 170930 609187 441816 404678 762081 360817 859964 262380 493582 538720 89467 739425 406289 153895 298580 812601 116346 329073 518809 65677 96170 189588 637694 759558 470520 509960 531978 310388 463888 620321 250531 601199 151355 124499 281349 338005 284540 286348 590332 665678 460784 246054 797642 586243 223484 685534 128679 391657 673347 769771 795794 74869 142988 585579 453904 256477 53689 793323 373542 453497 328746 335980 83161 409243 691900 376097 369770 408685 88049 406663 400343
718655 734704 792224 693305 151117 327318 831855 87540 600535 424580 466991 451335 546979 621748 206327 800719 680715 225764 711278 361989 173366 326069 642174 193652 999999999 507986 239196 748680 608515 103008 761050 354519 358621 727536 309496 886462 263549 373971 546582 110244 635997 278231 124829 460293 811936 284539 140506 479014 248886 191257 302684 508831 604882 589917 596991 528378 263155 633289 547762 366684 724242 101818 222165 473828 184482 111717 445185 773183 649584 313761 111886 657603 510989 361575 709475 306183 335526 620957 667546 825643 126303 330305 698701 445973 194598 233738 794628 181317 508715 235014 458381 176109 357593 781757 490647 363647 269792 133735 505975 593171
292536 751103 322815 187094 647664 210248 329827 426012 532802 528668 209045 378699 348713 132815 512961 729037 703494 300961 601058 866400 412656 307850 242111 491924 507986 999999999 522497 561334 168542 586394 500442 263769 185597 294892 221726 378983 734368 346620 48747 465549 417889 361307 394665 397730 320740 590861 601538 144327 539731 582043 321796 428215 592149 296003 207285 60678 758802 493775 264195 292094 380015 416570 614662 625449 683494 465205 386301 658627 186152 415278 414702 567723 254813 339293 201683 440236 837197 251143 436530 317666 462768 472768 334685 77877 691204 535882 301404 609192 102655 312689 283087 564800 194639 339558 261037 145316 387130 436540 219786 700135
793335 499146 729019 703142 246491 422347 801705 266881 791802 196236 574806 286033 400926 654295 438577 575992 446141 350336 501918 432038 130048 228456 560744 50455 239196 522497 999999999 558684 669039 200581 595728 488733 447464 799188 405100 884032 260860 542710 570186 139118 786249 456218 203579 286212 842953 70989 370595 558989 17780 98301 207807 686972 809909 472568 522112 565795 317889 443158 664129 262271 599701 201764 113560 234696 369607 333957 276140 559699 700248 511156 296474 847360 630630 227837 711675 117348 397115 713960 816371 819557 125030 117991 587888 489851 272022 16786 823408 416604 475815 377446 340799 94257 452669 700523 382451 407342 458960 138185 417385 354102
819764 298614 461372 623213 803460 671241 585064 719425 1076113 377863 756575 298443 231439 648383 891272 203189 284660 689693 103463 984857 575324 437220 354585 580196 748680 561334 558684 999999999 714493 751054 105037 757858 669743 817019 667068 705115 809689 846056 594190 641707 978283 808168 639855 288411 755070 576344 888667 698018 562973 656593 456458 964515 1126005 265611 367357 620100 873587 116358 824106 403066 240511 657883 664562 416822 916116 793998 303779 121168 710939 875769 734419 1117894 810077 391867 610346 451785 949763 807763 997761 653746 626651 440956 278827 607491 830705 573968 737082 924576 459004 720473 328038 652581 681172 400124 322159 590415 827164 615103 349050 378268
126332 918437 381146 155268 757190 281347 328363 521327 440651 694231 170948 547194 512731 76081 556429 891034 871430 383532 762685 970097 548875 467881 370174 632691 608515 168542 669039 714493 999999999 699550 642670 282522 249991 130747 299030 319413 856350 335064 124430 590562 291653 391364 512243 566252 211867 739311 674065 131632 686711 716191 478702 356609 509164 450160 348079 110219 870019 656327 159647 456766 508876 531297 750685 790772 767130 539447 554695 818005 46058 423677 501831 462015 175104 503788 181018 598254 944037 97908 301907 275651 591195 632580 462037 179189 801242 680859 197983 669628 265659 381143 451497 697950 251878 421171 427856 263073 416120 565262 384483 868249
813360 696039 851415 773382 62736 420447 902073 185941 701405 396812 565002 462766 569746 706668 296194 776529 644076 321363 700413 281916 198416 359254 692955 170930 103008 586394 200581 751054 699550 999999999 777367 454877 451320 821756 402188 965041 161573 476965 628147 129131 738875 381236 191748 467695 898336 222163 185411 572303 203233 118620 334791 611409 702809 625891 649323 613085 172452 634720 647650 400128 759252 170273 139521 426358 169028 212242 454633 759268 738966 415426 213246 758500 611028 382964 787704 299311 251324 718057 770413 902752 138835 312841 739076 530578 105077 188851 880375 234930 573174 334275 490860 111292 451542 834477 527905 445734 372558 161328 551183 544617
740419 402103 360919 538058 833748 637326 485404 720389 1027985 433147 704305 314604 215567 572635 883372 307127 384108 670855 204617 1027466 589544 437235 273661 609187 761050 500442 595728 105037 642670 777367 999999999 720795 631124 736612 635940 605898 854184 810032 527416 659199 917723 783309 644285 310729 663606 624338 898372 642435 602855 693801 459465 918744 1082283 210626 295974 556250 913617 169235 764527 398452 144208 664445 706673 488584 936787 792138 322940 225358 634095 849889 731313 1066256 754380 399629 522930 481549 992448 738600 934917 556970 645264 478645 187633 556001 864945 611957 646349 930076 401279 699773 311284 687136 642663 298891 292165 552984 804403 629998 305633 467682
374498 874761 586008 409360 505404 88089 577276 268936 329267 588359 117911 498257 526746 323034 273923 889215 821106 140729 768952 706950 358762 365522 492940 441816 354519 263769 488733 757858 282522 454877 720795 999999999 89793 384732 97318 595422 616428 89277 276116 372672 297614 109061 292386 516513 494383 558043 396496 154734 505887 503712 361140 216164 370572 510640 451183 244750 616338 664596 193301 380910 621911 303898 539535 675208 493410 266773 500361 832294 328141 152503 242641 379089 156489 416512 432075 463387 684188 271297 327995 543771 379409 500870 580211 186628 548387 495354 480280 388281 334247 121012 433013 484904 78283 602686 435861 168125 134318 357330 415257 778635
362242 798133 507688 351448 507899 31363 511005 271350 410604 522448 127689 417965 439133 270927 329132 806189 745295 133650 684197 720106 319242 292792 405466 404678 358621 185597 447464 669743 249991 451320 631124 89793 999999999 370472 49216 543417 610086 179062 208147 349366 351540 176043 268711 436721 456461 518334 429962 120983 465158 479069 292542 297490 456646 420883 362923 181622 620698 578830 217201 302504 532731 285770 514551 613323 519651 293482 421061 747052 291886 233295 252232 457219 185221 341850 371727 403677 694141 270891 379368 487103 352461 441002 491511 108197 551903 456608 440087 431559 246242 134884 347053 460354 11539 520017 347584 79335 201733 327619 325690 710975
12543 1037511 429684 202496 877758 401316 341661 639996 449590 823158 266824 672343 628656 172659 653150 1001786 992141 501810 873703 1087114 677786 598220 463795 762081 727536 294892 799188 817019 130747 821756 736612 384732 370472 999999999 419569 285261 980391 416611 247580 716900 278874 489395 637453 691141 152620 869605 781227 249514 816890 844041 609354 393386 521903 558016 450718 239479 990422 769216 210952 585958 596176 655562 878841 919857 877679 650144 680345 926039 110760 508791 618170 454896 242756 633098 222934 728899 1062415 118414 274967 266809 718327 763075 550210 309545 921667 810787 151236 771429 385384 495004 575063 825641 370358 481391 548202 392337 512134 692618 502806 994498
411241 777445 539550 395512 458683 18420 550778 222318 426541 492657 170817 401596 435634 317239 291815 793212 723793 85224 674069 671123 275704 268243 425591 360817 309496 221726 405100 667068 299030 402188 635940 97318 49216 419569 999999999 588380 561208 180595 250028 301999 385263 151309 220987 419695 504470 475645 384409 170141 422664 432359 264366 313481 466276 427830 381347 226023 571483 570711 259523 283990 546587 237372 467989 580999 472334 247572 403449 737724 340540 215353 203912 476330 225558 319194 414807 369643 645022 318516 414348 530854 305793 407161 507543 147515 502688 413432 487816 388611 267075 91163 340041 413579 50000 547292 346578 88944 175296 281426 331084 682602
297044 976795 245267 193473 1026523 573260 120570 803184 732417 842308 489542 671610 585414 273530 867453 906956 942009 672449 787335 1245375 785512 657028 377562 859964 886462 378983 884032 705115 319413 965041 605898 595422 543417 285261 588380 999999999 1110427 654183 340410 842450 563600 704171 773419 686806 133339 948225 972777 440691 900295 953437 676411 665361 804321 494813 394631 362362 1137331 698232 469588 628638 464606 795469 984331 935432 1059165 835952 682213 825334 273927 741599 789605 740008 491724 672076 177358 785901 1216055 382274 560181 64602 838547 812294 428930 442669 1069968 898877 134749 974735 408352 678156 576387 937036 548898 307698 536818 522845 729687 812515 490405 979266
972311 692895 978046 921192 120204 579577 1039678 347494 854054 433120 725919 546837 661731 858911 439186 794447 646807 481949 741721 175393 326040 474660 813010 262380 263549 734368 260860 809689 856350 161573 854184 616428 610086 980391 561208 1110427 999999999 636858 778256 268907 899247 541084 344318 546437 1050966 233588 302212 730918 251840 166891 451158 768521 849834 731262 771928 765742 73594 696372 809090 512902 859995 325092 147814 425950 229966 368533 536843 793831 894469 571008 374694 911022 772506 484465 933781 378122 140401 878440 930816 1047076 271915 375806 846572 683806 89857 244162 1032523 349390 709265 495739 597542 179422 610928 954271 638134 598148 530904 298028 668984 531925
405079 953926 666122 475887 520064 174859 647918 296378 253174 660378 164771 581386 614733 387768 242175 973458 899749 195245 854664 706597 415050 444726 580333 493582 373971 346620 542710 846056 335064 476965 810032 89277 179062 416611 180595 654183 636858 999999999 352796 415534 262611 95783 339863 599213 543064 609407 383247 220919 559067 543364 437756 144410 286644 599914 539212 319667 626421 751169 207365 463526 710574 346191 578640 743374 484258 270361 582795 918312 380972 92251 266253 306764 173869 496389 499981 532143 687442 298294 294195 607052 424988 569204 668486 271277 560859 547129 531188 364116 422274 165732 520088 524963 167544 686153 524340 257191 108794 406068 504458 850860
245812 794097 313997 146947 688824 236192 303219 462815 518380 576864 201061 424891 388486 84311 537134 767460 747327 332876 639168 906803 458470 356586 260110 538720 546582 48747 570186 594190 124430 628147 527416 276116 208147 247580 250028 340410 778256 352796 999999999 509361 391605 379728 436524 443766 274095 638849 633861 135966 587495 627897 370383 418684 581030 328781 231472 34186 800583 532487 240863 340615 399980 457919 660889 673667 718889 497027 432802 695278 137983 428570 449355 549352 237955 387805 164955 488941 878213 213677 407680 281302 507258 521514 353550 102774 732588 583375 255075 638508 141252 340919 328141 610446 215425 339422 303515 183099 405735 480993 260082 746926
709473 626535 722536 652487 191692 320335 775582 128599 659829 315416 471868 346324 447675 590282 300284 690528 572233 232020 601603 409654 70965 232019 563868 89467 110244 465549 139118 641707 590562 129131 659199 372672 349366 716900 301999 842450 268907 415534 509361 999999999 668492 324758 81240 353911 782321 197660 250212 468601 152374 131227 207638 558402 674306 499098 520192 497329 297201 525805 559035 273119 633023 69527 167061 370228 277641 195074 339410 663251 627361 375722 158897 716077 523586 260398 665483 196045 377958 620221 699418 779448 16127 220315 611414 415783 232519 138279 763783 291484 445748 254286 364637 112385 351912 705360 400496 330006 324733 32207 422406 488847
266807 1142478 671970 441408 782676 369897 606383 555953 173042 873958 231364 760356 758314 367706 492270 1137393 1090906 437640 1011054 965698 656224 643395 651512 739425 635997 417889 786249 978283 291653 738875 917723 297614 351540 278874 385263 563600 899247 262611 391605 668492 999999999 358263 589113 779609 431471 855657 639526 281862 803451 798830 644033 154499 245361 713593 622416 361573 888623 903501 154194 649262 791430 599142 834526 964664 741029 532841 764895 1071021 320966 339569 526651 176780 172748 691128 466645 754209 947935 196426 31583 539058 676045 791669 744863 374660 823383 792968 428943 614042 519483 414259 677607 780127 343218 712791 666469 419352 370424 654550 631471 1062063
478656 889873 683716 516875 424505 155901 682606 202132 335684 588155 223934 528423 577752 431307 165186 919968 835089 123514 806112 614325 331787 386417 576508 406289 278231 361307 456218 808168 391364 381236 783309 109061 176043 489395 151309 704171 541084 95783 379728 324758 358263 999999999 252684 544999 603170 520946 294957 263606 471965 450457 375327 234250 356536 577081 532502 349915 531558 706384 287844 411602 697669 256217 485419 666305 394614 175402 528214 870395 437084 67729 171576 391578 251650 438113 539062 457741 594112 373288 389844 651806 335301 493865 658842 283520 465570 459336 589234 282061 417550 91071 480224 432278 166671 695351 491810 240033 26007 318248 480176 777538
629782 661602 668764 581635 253135 239359 712800 81234 588224 351011 390642 341544 428937 515684 261328 712005 606603 151675 612467 472329 82805 207057 517387 153895 124829 394665 203579 639855 512243 191748 644285 292386 268711 637453 220987 773419 344318 339863 436524 81240 589113 252684 999999999 353052 707608 269546 254920 388550 219532 212331 185123 483853 607421 466808 472266 422220 364191 526523 477821 246513 600953 23286 248138 419961 309305 157323 336950 675960 550153 309188 103511 643808 442431 248183 596065 221242 442648 539409 619860 711319 87024 253724 574459 339940 296558 207315 689436 286026 386424 175828 337229 193488 270954 657176 367690 254592 256333 66220 381435 535290
689578 362884 487127 536745 523238 428772 583942 433533 845451 159111 548277 19391 122007 521226 609179 375212 311556 422076 263189 718224 286928 159124 318849 298580 460293 397730 286212 288411 566252 467695 310729 516513 436721 691141 419695 686806 546437 599213 443766 353911 779609 544999 353052 999999999 683931 322177 600261 502685 294617 383796 174058 732140 885698 208839 293001 456856 603780 173656 630317 135733 321774 370267 398625 248897 629956 508972 16848 327513 580756 612335 450617 893578 606968 108575 535795 170869 683320 643069 804433 623719 339124 171350 318765 410704 554228 302696 663826 636551 307759 454273 116940 376588 447113 445914 151376 361786 560715 326796 199048 304103
164672 1005182 320426 147242 957889 487620 210501 725765 601620 831127 381234 666670 598872 192055 768276 951062 964979 589686 825923 1173851 732555 623731 404642 812601 811936 320740 842953 755070 211867 898336 663606 494383 456461 152620 504470 133339 1050966 543064 274095 782321 431471 603170 707608 683931 999999999 910797 884483 342343 860088 901975 639789 539812 673804 515314 406761 285388 1070360 727885 347728 602078 519415 728246 934977 927171 975989 748985 676275 871401 166541 633354 708382 607483 373760 648374 150233 756148 1146489 256826 427178 128235 780763 786593 477102 367777 1001887 856504 20156 881203 381387 590153 567866 884483 459810 379771 533103 453039 627814 754500 485339 986027
863866 477999 784848 769735 253168 492998 862582 325981 856553 199583 645589 325806 442195 723087 489612 568413 427765 418772 508792 408966 200084 291197 615212 116346 284539 590861 70989 576344 739311 222163 624338 558043 518334 869605 475645 948225 233588 609407 638849 197660 855657 520946 269546 322177 910797 999999999 404532 629947 53226 103673 272371 753310 871964 520359 578627 635366 300177 463737 734856 321636 642607 264811 94302 206600 386034 387753 315017 562294 769963 573335 356490 912522 701203 282625 777418 166731 373934 784931 885939 883649 185864 151990 634879 560137 268024 62698 891139 452887 539946 444924 393087 112446 523435 752966 435415 478040 522050 203340 473615 323306
770947 869526 904281 779876 186495 399654 931051 186380 566471 561728 514404 590825 683382 700883 149372 939685 816143 301081 851697 327007 313459 461530 763172 329073 140506 601538 370595 888667 674065 185411 898372 396496 429962 781227 384409 972777 302212 383247 633861 250212 639526 294957 254920 600261 884483 404532 999999999 542531 377521 302383 438934 494666 554149 720700 717384 610415 265678 773497 582777 501347 854453 234036 324924 603988 101504 136864 584966 913458 718293 299958 188860 622507 546473 499835 798814 446237 312087 666854 670659 915064 266116 469084 826137 531088 212929 362370 868823 49818 619844 295114 592134 292090 425443 899748 621885 457029 275645 274156 632648 723279
241423 864620 449455 256206 628711 151972 427122 391557 388476 611051 65583 483305 476461 168877 427734 855699 814119 253356 729207 839897 433583 378801 386297 518809 479014 144327 558989 698018 131632 572303 642435 154734 120983 249514 170141 440691 730918 220919 135966 468601 281862 263606 388550 502685 342343 629947 542531 999999999 576769 597133 384507 284750 448312 434869 351355 101823 741475 621644 128665 377518 524316 406254 632326 705527 635535 407818 488751 789194 175873 303090 371065 424086 112219 422236 279749 502016 814402 155049 304093 389622 470801 538326 479006 93104 672686 569360 327338 538960 241256 249642 396972 578551 121429 475139 384634 154948 289028 445445 350009 794385
811058 493616 743173 719969 245593 439952 817141 280767 807629 195338 592465 295465 411054 671640 450364 573948 441185 367187 503380 424643 147372 244069 574480 65677 248886 539731 17780 562973 686711 203233 602855 505887 465158 816890 422664 900295 251840 559067 587495 152374 803451 471965 219532 294617 860088 53226 377521 576769 999999999 94141 223899 703245 824972 484505 536352 583314 311397 447993 681767 277004 610494 216756 104030 226502 371858 346387 285291 560179 717803 526176 310687 863311 648210 241207 728297 128335 389606 731738 833624 835789 138982 124210 599720 507522 268608 15218 840515 424273 491987 394002 353745 93562 470320 713809 395640 425091 474223 153720 431474 345877
837033 580025 812631 767222 152752 450605 877953 248836 782863 288762 602679 382757 496509 710615 397463 665667 528905 363157 597439 334691 169434 308828 646698 96170 191257 582043 98301 656593 716191 118620 693801 503712 479069 844041 432359 953437 166891 543364 627897 131227 798830 450457 212331 383796 901975 103673 302383 597133 94141 999999999 285736 684706 792248 564503 606103 618934 219985 541268 690127 346458 693824 199892 35837 309210 283142 300449 373161 653897 751239 496185 279779 839598 654761 317604 778125 213517 299935 749896 829876 889477 126617 216255 679780 538942 174485 82636 882959 351289 548275 384622 430653 18845 482110 787761 471270 453537 447581 151688 502656 426745
604916 516437 526992 497598 396147 277024 594540 263285 689067 229927 416199 160023 244539 454609 435879 546053 462090 251813 437190 609127 136798 24463 362346 189588 302684 321796 207807 456458 478702 334791 459465 361140 292542 609354 264366 676411 451158 437756 370383 207638 644033 375327 185123 174058 639789 272371 438934 384507 223899 285736 999999999 576656 723752 291475 320785 370792 494072 345061 504164 65485 425400 204982 312945 322029 482747 337543 157304 501470 505120 441910 278091 740035 475314 65594 505048 119552 575795 537165 671554 611895 196160 154502 404285 302487 434148 223021 619985 471149 268088 284259 157140 271823 301245 503944 193123 230158 389426 176153 218638 418779
380856 1090925 727258 511248 649527 303403 684947 436205 113328 802125 219330 713715 735206 425883 345585 1103480 1037247 339343 981674 821667 559459 581619 670241 637694 508831 428215 686972 964515 356609 611409 918744 216164 297490 393386 313481 665361 768521 144410 418684 558402 154499 234250 483853 732140 539812 753310 494666 284750 703245 684706 576656 999999999 164170 708466 633559 384680 751187 876114 197603 596731 806985 489356 719634 886582 595745 400084 716107 1044442 397598 198068 405469 163606 184556 632673 536910 674971 805946 283420 183050 629280 568362 712207 762327 363450 688249 691168 532708 465523 519514 310136 644414 666524 286495 757634 642963 376117 239151 550000 616716 992643
509571 1240163 886148 664360 729780 458623 835963 546336 72433 943282 383122 867757 895746 581750 410655 1259468 1185839 475994 1139522 871861 687884 731273 834239 759558 604882 592149 809909 1126005 509164 702809 1082283 370572 456646 521903 466276 804321 849834 286644 581030 674306 245361 356536 607421 885698 673804 871964 554149 448312 824972 792248 723752 164170 999999999 871827 797724 547243 819731 1034962 350183 749973 971147 608229 825372 1022788 649053 493255 869328 1202818 546679 298798 515605 93658 344034 782983 690108 813487 862187 425139 258453 774611 686443 849930 926441 527496 763409 811670 669690 514144 683601 444255 803227 775166 445327 918899 803953 535924 351110 671787 779282 1133256
559729 489876 279856 373564 686690 428202 384330 536376 818238 367471 495419 199050 92430 386734 687812 443795 450649 469365 315866 896119 428270 267079 117358 470520 589917 296003 472568 265611 450160 625891 210626 510640 420883 558016 427830 494813 731262 599914 328781 499098 713593 577081 466808 208839 515314 520359 720700 434869 484505 564503 291475 708466 871827 999999999 109284 354502 780612 213404 559555 225992 134359 488925 585766 453126 772588 603537 210384 368513 449591 642833 542635 857579 547085 247071 365463 356239 862070 542447 732532 434634 487540 368908 115354 346518 723414 489323 495966 747036 194160 496637 135219 553445 432415 237089 99277 343253 599131 467484 96905 485230
452975 598610 206932 264291 711809 377270 291472 531076 739663 450447 415328 278693 193312 281039 662307 551996 558294 439348 424474 928065 452156 297321 45905 509960 596991 207285 522112 367357 348079 649323 295974 451183 362923 450718 381347 394631 771928 539212 231472 520192 622416 532502 472266 293001 406761 578627 717384 351355 536352 606103 320785 633559 797724 109284 999999999 260871 813598 322688 469951 260245 173432 495457 631890 541898 781435 590115 289608 475419 343662 594580 531058 775005 462063 296016 256653 411955 895243 443075 639097 332399 511266 432485 129522 271411 751717 538360 387268 737129 116954 462025 188325 592547 374048 185348 146414 292475 556639 487996 105020 585802
236041 811543 347850 169843 672948 211009 332803 443283 485033 584122 166875 437711 409305 93609 509281 789512 763700 310339 661459 889785 449926 358948 291585 531978 528378 60678 565795 620100 110219 613085 556250 244750 181622 239479 226023 362362 765742 319667 34186 497329 361573 349915 422220 456856 285388 635366 610415 101823 583314 618934 370792 384680 547243 354502 260871 999999999 785253 554259 209372 346714 431193 442917 652604 680718 697533 473593 445006 718713 134711 396923 428131 516841 204707 393794 190317 490202 861899 190505 378858 305483 496254 523957 385007 82590 716892 578350 267293 613156 162624 315982 343006 601127 187912 373596 321674 167662 375897 470025 280380 758248
