NAME : synthetic_000557
TYPE : CTSP-D
DIMENSION : 100
GROUPS : 8
RELAXATION_LEVEL : 1
EDGE_WEIGHT_TYPE : EXPLICIT
EDGE_WEIGHT_FORMAT : FULL_MATRIX
EDGE_WEIGHT_SECTION
999999999 348864 911016 1022022 848587 885568 897099 276187 279306 1274687 741663 252418 911387 995451 854778 1102443 439364 901675 900220 1056179 441839 1074797 36643 1012832 132915 604964 377806 795063 829775 736811 932542 292024 640906 657456 489686 482688 851806 905589 1010514 220793 517100 663043 85140 429188 740577 575382 426982 775875 349025 611746 494770 890404 761522 949419 313799 585223 556482 740941 962649 416257 1129420 825775 1161237 817397 1052362 386626 433892 1037281 652260 488884 345695 954432 641960 735932 228322 455004 945027 1219886 861883 1053779 327213 939873 933309 278628 856525 618062 603101 247871 694415 681906 875505 801333 581360 406425 761673 817125 607286 492108 798708 848888
348864 999999999 610516 729654 641543 711563 561008 72677 188154 933361 502957 120285 570626 760185 536135 761448 225539 623583 611710 765240 240620 739079 362346 744673 217364 500387 225464 533071 648514 480795 640236 347159 299979 428255 174591 202842 652241 557035 663730 294629 276113 314229 347264 164745 465495 357340 114013 436186 23332 273968 332803 585583 630028 807949 191205 467649 243294 417411 617562 228655 792176 480763 813466 471145 709017 148202 187871 706462 335500 224546 170210 646004 308393 390990 151738 170005 677306 878019 513428 723212 118814 606622 590544 202269 527483 445492 256299 111967 557999 386736 581609 542042 280325 95808 414438 520412 346257 193118 462818 656165
911016 610516 999999999 848085 982548 1082534 567902 669420 635753 736450 237073 664391 232178 1013382 650552 624240 750747 825787 790268 875627 767683 655309 936482 927288 799992 1003958 794475 163479 1026359 209488 42552 953160 507979 298866 437254 670628 1001784 412993 337017 905116 399354 418491 938470 482913 181039 365856 501386 512545 625632 355786 846467 725001 1074503 1201170 602596 969724 611291 206666 291803 503969 675794 283028 559849 300830 569786 705694 708657 669661 606159 695505 753810 53353 318199 311896 760744 660578 884685 691294 345424 680671 714365 174504 255712 639764 598672 902451 476905 674583 1016261 676605 758419 825010 641325 629685 329477 720934 309564 640071 542055 1015030
1022022 729654 848085 999999999 313566 394474 280268 786602 913950 422883 954997 848486 622665 219207 217869 326931 583955 127661 121809 35691 583841 265411 1017281 101275 898895 569234 650923 921899 378981 910957 889999 810563 465076 935320 732104 544096 331148 438379 566096 837745 859326 521896 975224 805999 862924 919398 744697 365563 715394 646629 558685 149108 496754 494336 908263 556584 486390 703018 583289 894412 298701 568393 464580 552170 342135 637544 588793 217833 396218 534199 676423 833651 659905 576203 796904 575106 118348 393834 502661 218349 698761 691124 606520 927824 258862 472018 524703 836505 496514 345112 148497 237270 451292 639957 543215 209422 850863 542208 329805 348496
848587 641543 982548 313566 999999999 102316 471493 674865 826306 731388 1018762 743253 789263 158648 364265 609550 431269 213590 249413 329762 422070 549243 834011 235481 746420 288608 476607 1007683 65752 979232 1024735 586714 490645 974314 718524 439847 20811 623810 777170 636250 857214 577181 783763 770949 938617 932878 703236 474423 620691 684925 354076 309723 184515 221526 832662 288802 432554 795303 774402 854998 594303 706342 741643 687647 604332 506509 458415 495122 389441 417016 522463 984380 712550 673003 647997 472029 195321 696507 662046 502523 563761 858642 783484 840241 417451 231353 540569 726184 199503 313946 264942 159587 390310 546393 653076 274390 881532 455937 450577 37946
885568 711563 1082534 394474 102316 999999999 572970 737398 891818 817003 1111401 805777 891301 197801 466050 703694 491907 309095 346498 404535 480171 642617 867327 303848 793750 291176 526523 1103105 63349 1072747 1124596 608569 585989 1063798 802787 514259 81884 726064 879178 667226 941225 673817 814791 850019 1033342 1018672 782406 576069 689664 777821 400289 409243 145491 119404 901192 303259 518402 892903 876713 931635 685155 807648 837639 788932 701745 569802 524493 589073 484421 489409 577434 1085353 806825 772056 699572 544985 279860 785278 764176 595294 623181 960582 885722 905490 519468 274477 633448 787679 195962 409764 364745 261715 477075 618387 753213 376656 970701 533850 552700 67520
897099 561008 567902 280268 471493 572970 999999999 629793 725830 379484 683839 679624 344772 458925 107769 208593 499742 275191 236682 308788 507991 178225 902047 362119 764934 620046 571517 645840 530125 639325 609899 756561 261340 672936 508617 427623 492295 162376 307750 756918 619382 280840 871220 589805 590163 668576 538846 126167 554143 399833 529790 169068 618164 690400 711799 593939 344787 429472 313054 674459 232336 288617 303681 272888 168477 521283 483181 148669 253959 432278 573176 554776 404262 306501 670792 448874 328000 325962 222510 165312 574509 414224 331114 738611 59481 503889 312074 672944 584476 262575 210849 317615 330717 490707 270616 200681 594881 410478 98553 508824
276187 72677 669420 786602 674865 737398 629793 999999999 155861 1003975 543173 68486 640965 802178 599617 831881 245530 675935 666896 821968 257480 808013 290052 795192 144927 504092 223115 580366 675253 525604 697025 304883 369711 464105 232559 246853 683762 629605 735846 242279 310058 386882 277236 199696 515686 387532 168082 505847 75650 342593 344119 645261 643912 827072 171706 473438 302009 482027 689185 239889 861589 552287 885819 543042 780084 168437 216760 773973 396935 263664 166328 707313 375697 462415 94728 214130 727228 948756 585995 790680 115518 674841 661485 169066 594060 465161 328149 51725 571458 441644 638114 588262 335312 146828 486615 577267 389671 244572 531327 685970
279306 188154 635753 913950 826306 891818 725830 155861 999999999 1086097 463167 89982 662740 948019 713885 916655 400105 810662 797489 949624 412710 901475 308769 932200 195120 658837 378208 515767 829347 457505 655314 429347 466806 379105 240656 390195 836070 693385 773466 354935 238444 455710 323932 164168 462297 297033 190888 599677 206909 370885 499980 767924 799764 982778 34582 628670 429009 479383 721437 137033 952159 587749 950694 583148 860819 322016 368310 873978 517912 410539 321827 681149 393817 500979 224565 357143 865032 1030403 636808 890727 271375 681458 687644 14115 699214 620550 413760 109928 727312 573386 766645 730195 467463 283593 532952 705428 328959 381256 630026 839002
1274687 933361 736450 422883 731388 817003 379484 1003975 1086097 999999999 930121 1049339 520738 637436 447619 172253 876409 522213 492363 417840 883471 208077 1280699 519385 1142064 954935 948463 870989 797121 887455 769492 1131357 634468 948243 853746 806720 750220 400459 400648 1135421 939778 630387 1250604 936573 838151 969025 895393 498854 928608 728935 894483 452498 909835 916307 1067713 934696 724270 693922 451361 1014089 152268 538514 176802 533772 225374 900747 862006 257504 632540 810194 952382 698146 719420 605725 1049495 828356 537866 55694 470145 244114 953783 563509 491969 1097956 427496 843980 678100 1044518 897456 629616 491726 617255 708885 868464 568377 523973 890794 789962 476863 767845
741663 502957 237073 954997 1018762 1111401 683839 543173 463167 930121 999999999 516494 409801 1083692 739964 794323 695645 902466 872260 986998 712983 811774 771890 1017642 650014 971422 719830 73967 1050169 44640 233718 846734 529389 84227 338564 630137 1035648 556469 533923 785130 234029 447737 785090 343588 94691 166281 389971 591142 523586 333850 802737 814402 1072059 1224814 428593 936802 597896 254632 480201 326420 843765 407080 757962 418521 735426 632189 651688 812621 629647 657353 668952 290388 307511 378994 637811 609510 963833 879986 480540 826453 620398 378344 439019 463055 696149 887277 478272 531579 1005581 705331 838103 872682 637019 555952 413438 788277 157236 602256 626277 1045873
252418 120285 664391 848486 743253 805777 679624 68486 89982 1049339 516494 999999999 659890 869588 656418 877902 313964 740117 729709 883998 325725 857396 273969 860200 136134 569005 288623 560917 743687 504086 688614 346936 418286 434368 237283 312854 752223 666270 762087 276083 283051 423542 274450 181951 500591 354244 174793 554175 133100 360555 411385 705275 710896 894753 111716 539026 362266 488826 712899 196934 909971 576399 923973 569066 824340 236903 284985 825813 455455 330828 232588 705834 389871 486933 137320 279853 792420 993819 616929 842577 183174 687457 682428 102377 647341 533229 371249 20086 638476 504361 700179 654534 397751 209379 514770 639082 369450 308163 581771 754457
911387 570626 232178 622665 789263 891301 344772 640965 662740 520738 409801 659890 999999999 800485 437461 394820 642860 613623 576350 648545 657919 423402 929465 706879 784733 860253 701216 350586 839815 367778 272095 880279 361561 434966 425090 557392 809447 184342 126368 849249 461523 285616 917802 498698 319276 469576 485234 316195 577959 299649 720776 509242 904768 1010694 635282 827861 480567 193868 70964 555393 446036 98834 348250 115271 338883 619755 606622 437775 443707 577396 674065 211279 270600 182440 719138 558409 669936 471592 127602 448577 647614 70117 29652 671205 383473 749302 356067 663521 854649 503188 546626 629676 498812 553323 170883 517633 392880 528046 338742 824247
995451 760185 1013382 219207 158648 197801 458925 802178 948019 637436 1083692 869588 800485 999999999 363738 544978 565810 187653 224180 219600 559202 483183 983012 118668 887025 447152 618969 1062444 209052 1041637 1055924 741821 558458 1049521 810951 557892 165585 621026 763268 787620 947739 636023 934189 872848 997097 1018223 806192 503025 741154 754890 501650 291309 329924 280408 950350 447159 530611 843647 771963 959961 517906 730529 682412 712573 555087 636317 586481 433213 464379 538768 659920 1006850 776980 716208 786307 590984 130931 611709 674130 435624 696299 870528 789023 962119 417176 384264 615099 853903 356601 391858 255052 221630 488589 664477 689477 296584 958929 567973 471724 178034
854778 536135 650552 217869 364265 466050 107769 599617 713885 447619 739964 656418 437461 363738 999999999 287291 434388 176310 139813 251950 439753 239704 855636 279738 725357 521197 506245 710420 422411 696290 693046 685790 252394 717886 518378 373324 385046 262176 413275 695433 642753 304095 819928 594822 649067 701671 536310 148864 525138 428833 446917 75299 511327 584018 704751 497030 299418 490609 413899 682652 295351 367525 400917 349856 261323 469702 425950 191585 203380 371773 517255 643117 442213 362705 626456 399809 234180 398540 310584 206729 527684 507575 427475 727408 54455 406095 311213 646837 480066 183193 109167 209883 273903 454138 332056 93270 633012 362762 113790 401431
1102443 761448 624240 326931 609550 703694 208593 831881 916655 172253 794323 877902 394820 544978 287291 999999999 707807 395979 360740 335966 715603 61850 1108587 428129 969811 805996 779711 741569 674026 750349 661769 964058 462281 802907 687206 636202 629668 243326 293381 965501 780396 461363 1078897 770013 700218 815869 726371 326601 756465 565301 732131 308166 778547 812564 899273 783114 553027 547450 332616 849719 51667 390266 137654 382242 59861 729578 691774 114626 462493 640711 781711 594222 559163 447161 877423 657090 426789 117685 317913 109572 782005 450435 369035 928748 259879 692033 506696 872776 757214 465069 351518 476853 539180 696261 409027 372067 738245 618679 305055 647297
439364 225539 750747 583955 431269 491907 499742 245530 400105 876409 695645 313964 642860 565810 434388 707807 999999999 462391 462233 617683 17401 669250 433370 574124 322507 279297 72082 710801 429725 665780 787112 257528 287527 630010 358109 85549 439239 561382 701955 261121 486266 357409 391823 380980 639277 568063 317358 396993 202527 395641 109333 458469 404504 583868 410975 245434 168330 544271 668736 453295 725259 544106 794174 528622 666750 78518 43984 624822 246500 69627 94888 774691 432952 465963 220860 90241 506121 824335 546631 640480 132523 696723 653972 413702 448923 221063 287508 296125 332462 252468 439210 362681 169792 142769 471977 383001 540119 114955 407956 440861
901675 623583 825787 127661 213590 309095 275191 675935 810662 522213 902466 740117 613623 187653 176310 395979 462391 999999999 38786 158109 461040 335681 895408 122874 781285 445298 527489 878184 278372 859729 868324 683612 385239 872774 647493 429996 233693 436003 582416 712707 780834 456464 852023 715964 814137 847210 651604 316549 607475 578498 431671 106125 387716 422116 808056 430935 381992 658703 587590 804381 381554 542891 528757 524963 392706 520520 470886 281532 300480 417281 556158 819300 597782 530820 678964 462148 61405 484802 486887 289116 582060 683723 602988 824709 230156 345067 444083 726818 378006 237375 67400 109629 343297 530745 502978 115527 783980 431957 284501 251318
900220 611710 790268 121809 249413 346498 236682 666896 797489 492363 872260 729709 576350 224180 139813 360740 462233 38786 999999999 156185 462342 301189 895517 146288 777358 467631 529557 846141 313396 829180 832777 691949 361010 844899 625953 423080 269803 397873 543721 716987 757434 428229 853676 696633 783003 821951 633419 283494 596657 551488 440622 67682 419478 460345 793331 451020 368632 626376 549343 785184 348809 507247 492233 489491 355346 516009 467112 246792 282151 412616 554613 782834 569227 498321 675290 454433 94421 453007 449960 255375 577313 646413 565253 811459 192998 362866 420451 717202 405266 225374 34365 127599 331966 520614 469434 93010 757109 422325 250407 287314
1056179 765240 875627 35691 329762 404535 308788 821968 949624 417840 986998 883998 648545 219600 251950 335966 617683 158109 156185 999999999 617217 275584 1051054 101911 933542 593865 684116 952733 394305 942842 917337 841705 500318 968553 767355 579060 346180 464243 587018 870301 894110 556034 1008575 841475 894552 953620 780293 398793 750901 680768 589764 184456 514116 498961 943953 582639 521961 734346 606730 929864 303114 597398 473186 581520 356814 672193 623278 232039 431908 568801 710505 859784 693447 608029 831471 610205 137783 393055 530423 230072 733484 716393 631419 963500 291046 499668 559907 871944 518149 380388 183873 266936 486677 675373 574491 244916 884635 577511 362930 363125
441839 240620 767683 583841 422070 480171 507991 257480 412710 883471 712983 325725 657919 559202 439753 715603 17401 461040 462342 617217 999999999 675951 434419 570995 327934 262587 67593 728200 418361 683169 804154 248570 301182 647179 375350 100621 429386 573548 715374 257130 503076 372683 391387 397343 656671 584914 334079 407667 217473 412729 92876 461122 389832 570388 424491 228886 181308 561155 682850 468815 731983 559118 804081 543463 675521 92681 61369 630751 255780 82046 100859 791346 449998 481691 227195 107360 503201 831772 560343 646249 143052 712324 668652 426191 456190 207848 303056 307515 317615 256983 440320 359494 179582 159600 487065 385184 557391 130589 417432 430434
1074797 739079 655309 265411 549243 642617 178225 808013 901475 208077 811774 857396 423402 483183 239704 61850 669250 335681 301189 275584 675951 999999999 1079117 366525 942833 752789 741331 763084 614005 767343 694331 923543 439197 814082 678292 601422 569235 255315 333759 929032 779821 450020 1047156 760580 717133 820900 712846 303243 732364 561536 686621 251697 720097 750963 886129 731032 520508 560295 366625 842993 56034 404746 199277 394219 89281 696384 656235 54453 427083 603734 747067 629083 559520 450994 847948 624353 365154 159251 331279 47741 750982 483820 399858 914019 220939 640006 488174 850978 700926 421556 293990 419963 502823 668550 412764 319237 744319 586093 276748 586893
36643 362346 936482 1017281 834011 867327 902047 290052 308769 1280699 771890 273969 929465 983012 855636 1108587 433370 895408 895517 1051054 434419 1079117 999999999 1004512 145160 583658 368727 823850 812709 765769 959015 266845 648586 687771 510651 482422 836411 916926 1025897 200160 545160 675357 55022 453721 767976 605674 447047 782447 360242 629997 481403 888443 740474 927726 343351 565425 559131 762553 979018 445753 1134122 842088 1171268 833050 1059627 386006 431571 1040264 654276 486596 341532 979002 661284 752188 231257 456240 937027 1226207 875657 1056645 328561 960075 950686 309104 859705 602824 613461 267170 674587 680053 871805 793282 581740 412586 776663 814277 634913 494000 803987 832810
1012832 744673 927288 101275 235481 303848 362119 795192 932200 519385 1017642 860200 706879 118668 279738 428129 574124 122874 146288 101911 570995 366525 1004512 999999999 895683 512299 635808 989918 298115 974352 969609 780458 506482 991140 769981 548481 250144 523926 659061 816399 902667 574479 959079 838821 927744 967959 774470 427303 728013 697765 530482 204452 419607 397103 930217 504960 504108 770058 672413 927248 399640 644862 565761 627691 441560 636493 586438 318034 423332 534015 668815 916430 715391 642027 793412 581068 68221 493053 583199 319281 697973 776327 692859 946272 329191 427968 565683 846392 430608 359521 180651 211515 464763 651038 611791 236737 903388 552245 393096 266428
132915 217364 799992 898895 746420 793750 764934 144927 195120 1142064 650014 136134 784733 887025 725357 969811 322507 781285 777358 933542 327934 942833 145160 895683 999999999 527794 269818 696382 734837 639223 824631 249298 508066 567008 368619 355819 751840 773198 880752 170582 417743 531016 138484 318036 636653 485799 304342 643213 216359 485504 394370 763871 680606 868838 227725 502958 426190 620536 833884 325671 997268 696958 1028501 687891 919519 261354 310490 906064 522225 364745 227666 840750 517386 607061 102341 326576 827523 1087194 730788 922624 200228 816524 805728 200669 725322 520399 470353 125597 610131 555879 751268 684589 453136 274285 631537 691903 505155 362762 666459 750874
604964 500387 1003958 569234 288608 291176 620046 504092 658837 954935 971422 569005 860253 447152 521197 805996 279297 445298 467631 593865 262587 752789 583658 512299 527794 999999999 280988 981628 246055 939570 1042878 319963 502640 908172 635972 342056 282680 735188 889810 384264 765557 589017 529844 659751 909722 847329 596640 561803 477056 657085 170045 502545 156832 344467 675630 34719 392677 798574 869228 729005 805714 763624 921630 745859 782425 352757 322342 699685 417156 315124 337982 1020899 692767 700093 444389 362038 456887 911049 745098 711692 390224 922628 864495 671379 560675 116373 527105 549303 95418 368022 463673 340091 364982 422065 695398 433989 817337 371128 555249 273123
377806 225464 794475 650923 476607 526523 571517 223115 378208 948463 719830 288623 701216 618969 506245 779711 72082 527489 529557 684116 67593 741331 368727 635808 269818 280988 999999999 741642 466460 693322 829123 187242 352370 649151 381780 150199 482121 628809 766210 189704 499608 415941 324541 389500 671142 581389 331820 466966 202481 438967 126322 528682 423133 608775 394653 250463 235810 589519 730855 451961 797340 602958 864705 588281 738219 89413 95787 696838 317929 139775 57173 821756 476620 521414 173065 142942 568301 896326 610298 712466 109954 752123 713977 390948 520970 252116 345304 269144 350897 323917 507825 424560 241090 166735 530746 452774 562710 176177 479065 481486
795063 533071 163479 921899 1007683 1103105 645840 580366 515767 870989 73967 560917 350586 1062444 710420 741569 710801 878184 846141 952733 728200 763084 823850 989918 696382 981628 741642 999999999 1043125 58472 160261 879957 517236 146432 361332 639688 1025396 508933 471829 822414 279131 430902 833407 381830 71918 224161 419069 562790 552130 328822 815278 785574 1073344 1218653 481322 946910 598162 219861 419658 378987 791893 361237 696930 374783 683579 652640 666927 767885 618752 666519 693608 216705 296982 347922 674913 622225 939211 822177 433840 780981 647540 312525 379062 517133 663716 891401 471199 574462 1009083 693875 812410 857054 635005 575373 378927 765879 191635 610511 596830 1036617
829775 648514 1026359 378981 65752 63349 530125 675253 829347 797121 1050169 743687 839815 209052 422411 674026 429725 278372 313396 394305 418361 614005 812709 298115 734837 246055 466460 1043125 999999999 1011875 1068231 557521 526508 1001635 739812 450918 48138 678953 833635 613021 878180 614970 760873 786686 973040 955825 719081 523722 626695 716899 340600 371753 122212 175703 838362 253037 455875 834484 828393 868296 659589 753979 805280 735240 667326 507372 461673 559769 425004 426112 516410 1030725 746472 715085 639487 481688 260868 762038 713344 567483 561412 908600 835516 843061 474559 214497 572693 725739 151624 351153 326907 213491 414796 555162 697574 330585 908498 470533 502286 31871
736811 480795 209488 910957 979232 1072747 639325 525604 457505 887455 44640 504086 367778 1041637 696290 750349 665780 859729 829180 942842 683169 767343 765769 974352 639223 939570 693322 58472 1011875 999999999 213299 826890 489063 90539 311641 597636 996367 512029 492673 767864 221570 406063 775916 326314 50221 165983 366897 547535 500527 294976 771783 770866 1036655 1186883 423031 904882 561644 210028 438458 320645 799652 362612 716022 373936 691349 604854 621801 767998 589833 624729 643912 262558 266882 334815 620297 578380 921059 836981 436079 781848 596688 339480 397167 458752 652095 852837 439299 518026 970983 665453 795080 831834 600020 527956 369013 745839 135938 569153 582547 1006894
932542 640236 42552 889999 1024735 1124596 609899 697025 655314 769492 233718 688614 272095 1055924 693046 661769 787112 868324 832777 917337 804154 694331 959015 969609 824631 1042878 829123 160261 1068231 213299 999999999 984749 548651 303836 466016 707905 1043926 454163 372083 934762 417252 459017 963054 506675 194095 376231 529456 555061 656179 391525 884157 767454 1115348 1243152 621625 1008549 650355 244438 329179 521320 713402 325530 592694 343363 608121 740043 744658 709869 647337 733095 787180 72326 354160 353414 789365 696875 927191 725527 387389 720617 746483 211337 294476 658524 641096 942324 516145 699673 1056594 718189 800954 867337 681125 663548 371714 763461 326689 677414 584607 1057102
292024 347159 953160 810563 586714 608569 756561 304883 429347 1131357 846734 346936 880279 741821 685790 964058 257528 683612 691949 841705 248570 923543 266845 780458 249298 319963 187242 879957 557521 826890 984749 999999999 538381 768673 521196 337214 586246 815618 950868 79120 614607 597092 212081 503347 812653 692403 461000 654102 329318 603193 251941 700430 476471 662430 457074 305364 422978 753118 913694 541537 979566 783045 1051632 769258 924018 260723 281927 877310 503941 326613 206232 985217 640320 698519 211980 326673 715699 1079999 794778 892515 239085 927463 894760 438219 704444 357714 526647 328012 413317 502617 674447 575283 427309 329121 711188 623846 691456 362059 665472 580449
640906 299979 507979 465076 490645 585989 261340 369711 466806 634468 529389 418286 361561 558458 252394 462281 287527 385239 361010 500318 301182 439197 648586 506482 508066 502640 352370 517236 526508 489063 548651 538381 999999999 491162 267038 202780 508198 278101 414457 522578 396438 89740 622243 342442 447972 462023 284570 136224 294214 196912 359257 315980 566731 702198 455113 469370 120356 309127 381964 430391 492200 263234 524759 246290 411457 282446 256714 408143 101571 219267 337657 520378 222182 198340 418459 212206 446008 579391 259164 424917 327057 421109 369714 479929 232567 396192 59703 411813 508497 176706 327002 343564 138070 236383 193232 269912 400522 176365 163803 519393
657456 428255 298866 935320 974314 1063798 672936 464105 379105 948243 84227 434368 434966 1049521 717886 802907 630010 872774 844899 968553 647179 814082 687771 991140 567008 908172 649151 146432 1001635 90539 303836 768673 491162 999999999 272201 569625 990294 560494 561303 705243 154073 416671 701500 265653 123218 82099 317388 569792 449723 294722 738453 790704 1015827 1174763 344543 873774 546078 255550 505842 242550 850565 412738 780745 420949 743195 563048 586334 809285 588365 596894 596625 351540 275974 367026 558400 546575 934101 896125 485102 824018 546731 415988 464615 378864 678095 829442 435932 449985 947706 663660 810538 833790 586840 488273 404238 757437 93172 543162 605627 999493
489686 174591 437254 732104 718524 802787 508617 232559 240656 853746 338564 237283 425090 810951 518378 687206 358109 647493 625953 767355 375350 678292 510651 769981 368619 635972 381780 361332 739812 311641 466016 521196 267038 272201 999999999 298549 732978 456450 533108 468800 138696 228479 506085 82848 292275 216478 64687 385282 191940 130268 466300 583000 746148 910269 217004 601574 285988 252005 481634 165969 726131 347203 712387 342504 629636 293695 314316 656928 348155 325731 332450 474763 154566 260417 323545 274520 707069 798178 396998 673399 286332 450248 448931 250600 492556 559126 207493 243653 677099 419097 592368 589934 328350 217420 293108 533545 182131 273330 419186 740606
482688 202842 670628 544096 439847 514259 427623 246853 390195 806720 630137 312854 557392 557892 373324 636202 85549 429996 423080 579060 100621 601422 482422 548481 355819 342056 150199 639688 450918 597636 707905 337214 202780 569625 298549 999999999 451359 478612 617176 329627 433731 272069 446950 336651 567803 514074 269464 318191 183289 317703 176768 408154 447876 616421 393905 307345 85877 463967 583365 417378 657128 458615 716226 443084 592260 96416 56070 559938 174350 27279 145690 692749 354385 381194 254816 33108 480453 753555 461597 576089 155821 611739 568424 404285 380563 260680 202485 298277 378552 200073 395972 341681 99495 107071 386518 336210 477617 30602 332584 456267
851806 652241 1001784 331148 20811 81884 492295 683762 836070 750220 1035648 752223 809447 165585 385046 629668 439239 233693 269803 346180 429386 569235 836411 250144 751840 282680 482121 1025396 48138 996367 1043926 586246 508198 990294 732978 451359 999999999 644443 797901 637853 871668 595192 785607 784061 956107 947837 716328 494360 631103 701803 358233 330439 169624 201249 843164 285329 447191 813681 794953 867534 613927 726118 762028 707412 624871 515325 467818 515180 406807 427944 529292 1004014 729854 691866 654260 483224 213219 715838 682299 522408 571742 878761 803840 849951 438190 233753 557376 734890 191060 331522 285675 179832 405148 557467 672346 295026 897400 468413 470823 17696
905589 557035 412993 438379 623810 726064 162376 629605 693385 400459 556469 666270 184342 621026 262176 243326 561382 436003 397873 464243 573548 255315 916926 523926 773198 735188 628809 508933 678953 512029 454163 815618 278101 560494 456450 478612 644443 999999999 156509 800458 539628 243114 894766 538917 461820 572677 502833 173867 556889 329354 617663 330219 756451 844777 672613 705475 393294 305616 151767 614322 290115 149438 257905 139576 183466 560482 533694 259714 326275 491864 615743 395542 318977 205472 690329 490192 490104 345559 75982 272292 602982 252868 168933 704527 207794 619725 303771 664327 714278 367253 370166 465643 396770 509771 167931 349421 494958 453751 182037 660250
1010514 663730 337017 566096 777170 879178 307750 735846 773466 400648 533923 762087 126368 763268 413275 293381 701955 582416 543721 587018 715374 333759 1025897 659061 880752 889810 766210 471829 833635 492673 372083 950868 414457 561303 533108 617176 797901 156509 999999999 928244 582984 356981 1009609 610769 444769 594973 589471 328081 667877 403542 766402 476395 912868 997293 747873 859527 534091 317501 55909 673318 344903 186118 225244 193158 244660 691349 670424 360475 476698 633341 746724 302578 379923 275158 807012 624313 632905 354371 156094 367826 727157 163049 96746 782842 359722 774837 425911 763594 870671 522433 518598 620145 543208 632250 249300 503229 517765 590051 338482 814024
220793 294629 905116 837745 636250 667226 756918 242279 354935 1135421 785130 276083 849249 787620 695433 965501 261121 712707 716987 870301 257130 929032 200160 816399 170582 384264 189704 822414 613021 767864 934762 79120 522578 705243 468800 329627 637853 800458 928244 999999999 551480 571450 147877 441906 756978 627134 406108 646828 280033 562222 287096 718193 540938 728679 384058 365324 414412 709752 887780 472658 984957 753997 1044460 741503 921874 240238 273796 885483 503042 325310 185510 939981 598413 666816 147567 311909 749930 1082656 772664 901254 201809 892082 865849 363070 708203 404916 502416 258106 474514 513512 696377 606991 426539 296649 683246 642119 631939 349781 662204 633708
517100 276113 399354 859326 857214 941225 619382 310058 238444 939778 234029 283051 461523 947739 642753 780396 486266 780834 757434 894110 503076 779821 545160 902667 417743 765557 499608 279131 878180 221570 417252 614607 396438 154073 138696 433731 871668 539628 582984 551480 999999999 341176 554357 112010 223869 81971 169129 501854 298194 219608 595534 710742 881503 1047998 204490 731587 424667 268034 527744 104635 823511 406738 785072 408202 721041 415647 443389 764949 483715 460621 445763 446608 221234 334158 404441 407518 841078 885112 470388 780912 394918 465969 489445 241286 611460 694223 337016 297703 811606 556056 723439 727269 466997 343500 371866 665936 90592 409960 537236 879242
663043 314229 418491 521896 577181 673817 280840 386882 455710 630387 447737 423542 285616 636023 304095 461363 357409 456464 428229 556034 372683 450020 675357 574479 531016 589017 415941 430902 614970 406063 459017 597092 89740 416671 228479 272069 595192 243114 356981 571450 341176 999999999 655506 310570 362946 397597 265091 160678 315142 124738 439642 375172 656439 790662 437915 555312 198846 219733 316899 393935 498620 187076 500495 172412 405126 336449 321064 428734 190207 292946 391480 432182 141339 111397 451680 273018 517853 574693 202251 445139 370183 340117 298107 467610 270342 484580 70658 421255 597782 264057 393867 426404 224225 275269 114843 341443 329582 242506 196116 606896
85140 347264 938470 975224 783763 814791 871220 277236 323932 1250604 785090 274450 917802 934189 819928 1078897 391823 852023 853676 1008575 391387 1047156 55022 959079 138484 529844 324541 833407 760873 775916 963054 212081 622243 701500 506085 446950 785607 894766 1009609 147877 554357 655506 999999999 456401 774581 619729 441547 754066 341743 619827 432705 849491 686674 873621 358086 512313 526699 757641 964413 459052 1102555 827776 1146731 817709 1031492 351030 394103 1006721 620583 448736 302943 979069 652773 738116 204446 422808 891962 1196580 857247 1022936 296911 951993 937800 326594 826769 552414 591076 263959 621365 641751 831032 748384 546418 386039 760474 774520 642605 461069 773846 781566
429188 164745 482913 805999 770949 850019 589805 199696 164168 936573 343588 181951 498698 872848 594822 770013 380980 715964 696633 841475 397343 760580 453721 838821 318036 659751 389500 381830 786686 326314 506675 503347 342442 265653 82848 336651 784061 538917 610769 441906 112010 310570 456401 999999999 319386 192663 67733 465539 187244 210967 490203 657054 781519 953043 137107 626216 342529 315972 558159 88556 808732 425713 794285 422189 712482 307654 339259 738333 415489 362642 334862 525377 230858 340753 294410 307784 774413 881013 478257 754869 283499 517771 523836 172540 571550 594559 283875 193700 710569 482667 663606 651219 384891 239000 374521 603707 190437 316213 498814 790282
740577 465495 181039 862924 938617 1033342 590163 515686 462297 838151 94691 500591 319276 997097 649067 700218 639277 814137 783003 894552 656671 717133 767976 927744 636653 909722 671142 71918 973040 50221 194095 812653 447972 123218 292275 567803 956107 461820 444769 756978 223869 362946 774581 319386 999999999 184841 351769 500543 483904 257503 743488 723876 1001862 1148436 428349 875003 526595 160692 390136 327465 749470 312412 667349 323847 641180 581980 595442 718001 549302 594618 623842 232179 226569 286773 609798 550525 875376 787430 385877 731794 578570 294477 348791 465057 604105 819628 400592 513043 937378 624674 749022 789339 563742 504638 320241 700832 133354 538601 535277 967068
575382 357340 365856 919398 932878 1018672 668576 387532 297033 969025 166281 354244 469576 1018223 701671 815869 568063 847210 821951 953620 584914 820900 605674 967959 485799 847329 581389 224161 955825 165983 376231 692403 462023 82099 216478 514074 947837 572677 594973 627134 81971 397597 619729 192663 184841 999999999 251076 556713 379645 272891 677289 772003 961948 1126703 262481 813304 500718 278391 539067 160678 861355 430617 807302 435504 756042 497616 525070 810668 553935 541100 527282 416884 264315 369973 481098 488510 908030 915421 499618 826132 476135 461660 498785 296775 666500 774738 403746 370447 892380 627729 787699 799061 542691 425318 408248 731776 78282 489571 592574 955926
426982 114013 501386 744697 703236 782406 538846 168082 190888 895393 389971 174793 485234 806192 536310 726371 317358 651604 633419 780293 334079 712846 447047 774470 304342 596640 331820 419069 719081 366897 529456 461000 284570 317388 64687 269464 716328 502833 589471 406108 169129 265091 441547 67733 351769 251076 999999999 413143 133749 186413 426680 596177 715486 885871 173290 562776 275613 316213 539325 153793 762740 403397 760427 397089 670196 246693 274791 687461 351476 295692 279413 539358 215078 314661 259948 241213 709495 839701 448108 704140 230429 513112 508095 202568 516351 528323 228010 179878 644880 416956 600780 584603 317837 174624 344651 540410 232888 248562 445021 722562
775875 436186 512545 365563 474423 576069 126167 505847 599677 498854 591142 554175 316195 503025 148864 326601 396993 316549 283494 398793 407667 303243 782447 427303 643213 561803 466966 562790 523722 547535 555061 654102 136224 569792 385282 318191 494360 173867 328081 646828 501854 160678 754066 465539 500543 556713 413143 999999999 430289 284227 445463 223354 590936 695454 585886 531794 232590 342957 311175 551238 355993 232344 398036 213745 277439 407639 374243 274456 154391 327558 461451 510850 294788 214882 551506 335246 377091 444013 190760 291175 457346 384885 313350 612480 109861 446763 185938 547975 544690 194453 250024 315118 228330 369901 186485 208436 486260 297116 35936 508785
349025 23332 625632 715394 620691 689664 554143 75650 206909 928608 523586 133100 577959 741154 525138 756465 202527 607475 596657 750901 217473 732364 360242 728013 216359 477056 202481 552130 626695 500527 656179 329318 294214 449723 191940 183289 631103 556889 667877 280033 298194 315142 341743 187244 483904 379645 133749 430289 999999999 284017 309551 572507 607030 785385 212064 444330 229282 429957 622859 251977 785965 486428 812212 476058 704963 124965 165482 698420 323128 203989 147645 659962 319429 397025 141326 150234 660415 873443 516031 715135 97015 616140 597025 220996 518647 422790 254082 121846 534951 371341 567079 523940 264732 77124 418736 505985 366601 175780 455677 634769
611746 273968 355786 646629 684925 777821 399833 342593 370885 728935 333850 360555 299649 754890 428833 565301 395641 578498 551488 680768 412729 561536 629997 697765 485504 657085 438967 328822 716899 294976 391525 603193 196912 294722 130268 317703 701803 329354 403542 562222 219608 124738 619827 210967 257503 272891 186413 284227 284017 999999999 494454 499679 744536 891953 347010 622448 269508 150743 352947 285156 606698 217439 583494 212267 506664 350587 353138 545439 296056 343596 400244 383300 37653 130159 424938 305400 639746 673622 267290 561460 364455 332660 321873 380863 394087 563317 144443 363877 680651 371735 517134 540362 306240 275636 163600 463038 205624 287486 319991 712108
494770 332803 846467 558685 354076 400289 529790 344119 499980 894483 802737 411385 720776 501650 446917 732131 109333 431671 440622 589764 92876 686621 481403 530482 394370 170045 126322 815278 340600 771783 884157 251941 359257 738453 466300 176768 358233 617663 766402 287096 595534 439642 432705 490203 743488 677289 426680 445463 309551 494454 999999999 453014 299863 483609 513765 136101 240962 639922 738809 561298 742228 622269 832331 605510 698094 184602 152319 637607 291456 151076 179283 867072 531045 550775 299302 193405 464827 845283 614523 652019 228610 779049 728682 513137 473492 126103 373059 392399 227407 267531 424471 323496 223683 252069 551377 376757 647976 207000 448112 356660
890404 585583 725001 149108 309723 409243 169068 645261 767924 452498 814402 705275 509242 291309 75299 308166 458469 106125 67682 184456 461122 251697 888443 204452 763871 502545 528682 785574 371753 770866 767454 700430 315980 790704 583000 408154 330439 330219 476395 718193 710742 375172 849491 657054 723876 772003 596177 223354 572507 499679 453014 999999999 471219 524847 761130 482284 343355 565733 481662 745422 303443 442050 434919 424548 295980 503810 456931 197805 250289 401882 547125 716472 514756 437757 662931 437519 160710 408787 383256 209245 563971 579257 497784 781697 126503 391745 375623 694216 449329 208514 44850 168687 311381 498477 407339 76583 704725 402587 188765 347610
761522 630028 1074503 496754 184515 145491 618164 643912 799764 909835 1072059 710896 904768 329924 511327 778547 404504 387716 419478 514116 389832 720097 740474 419607 680606 156832 423133 1073344 122212 1036655 1115348 476471 566731 1015827 746148 447876 169624 756451 912868 540938 881503 656439 686674 781519 1001862 961948 715486 590936 607030 744536 299863 471219 999999999 188484 813522 177783 475308 874799 901543 857148 768276 813402 905833 794827 766297 482502 443518 665646 468822 420895 478351 1084443 777430 763254 592862 474387 378447 872217 781468 674771 528434 971534 903945 812855 559943 187290 604180 691717 72458 402276 427190 303690 438678 543018 751103 418092 923107 472979 575120 154074
949419 807949 1201170 494336 221526 119404 690400 827072 982778 916307 1224814 894753 1010694 280408 584018 812564 583868 422116 460345 498961 570388 750963 927726 397103 868838 344467 608775 1218653 175703 1186883 1243152 662430 702198 1174763 910269 616421 201249 844777 997293 728679 1047998 790662 873621 953043 1148436 1126703 885871 695454 785385 891953 483609 524847 188484 999999999 994798 366238 628695 1010138 995662 1032199 790680 926936 948111 908214 814153 662384 620101 698295 600704 590452 662887 1204491 921883 890266 779917 645620 385813 888090 883540 703300 711646 1079986 1005009 996115 637745 362813 747933 875909 258892 526778 480815 381065 588320 717358 872012 495508 1081591 638354 672065 186716
313799 191205 602596 908263 832662 901192 711799 171706 34582 1067713 428593 111716 635282 950350 704751 899273 410975 808056 793331 943953 424491 886129 343351 930217 227725 675630 394653 481322 838362 423031 621625 457074 455113 344543 217004 393905 843164 672613 747873 384058 204490 437915 358086 137107 428349 262481 173290 585886 212064 347010 513765 761130 813522 994798 999999999 644693 426116 449805 695232 102478 935985 562709 929173 558881 842741 332465 376702 860326 512121 415723 337667 648446 367955 477116 248963 361167 863558 1012040 614001 877030 285845 651980 660693 37316 687630 632028 400178 131638 741094 570738 761851 731017 465860 286839 510112 700759 295070 382395 617203 846795
585223 467649 969724 556584 288802 303259 593939 473438 628670 934696 936802 539026 827861 447159 497030 783114 245434 430935 451020 582639 228886 731032 565425 504960 502958 34719 250463 946910 253037 904882 1008549 305364 469370 873774 601574 307345 285329 705475 859527 365324 731587 555312 512313 626216 875003 813304 562776 531794 444330 622448 136101 482284 177783 366238 644693 999999999 358504 764203 837982 696304 784577 730927 896497 713259 757776 319716 288239 678425 385410 280406 307119 987002 658179 666493 416791 327492 446895 889795 713679 690888 358933 889794 832555 641380 534760 91086 492947 519461 109211 338845 444840 323566 331500 388158 662338 411798 782835 336410 526441 277681
