NAME : synthetic_000935
TYPE : CTSP-D
DIMENSION : 100
GROUPS : 8
RELAXATION_LEVEL : 1
EDGE_WEIGHT_TYPE : EXPLICIT
EDGE_WEIGHT_FORMAT : FULL_MATRIX
EDGE_WEIGHT_SECTION
999999999 386779 199657 256472 546470 226181 246137 576136 597469 189491 288051 685938 686277 265219 70080 484228 204580 597667 775158 609867 142057 609547 491035 470494 300554 575551 289679 476369 508449 472089 339473 107603 69015 337896 524404 596462 275915 226830 427808 125153 360865 328017 550288 535371 350744 314560 358455 286005 512439 414862 683357 576215 281261 328186 365131 252893 573376 418410 696810 403038 218342 363432 592113 164873 601613 710211 608400 56158 512742 350278 290414 173815 248811 469241 338672 504638 687635 509782 364004 216673 659031 220958 546275 494016 478128 335794 441129 612185 646413 414689 251506 645889 538852 263791 649424 665750 115069 567621 422059 319221
386779 999999999 275898 635007 756433 608072 395065 241730 333458 458441 157306 920914 683096 377447 405842 128062 534752 625874 555917 361825 248271 677172 405118 632389 324851 209018 226930 279966 310810 821635 63383 457710 452929 704943 139723 552443 348420 530906 696785 487048 597219 211312 226904 224857 290856 644868 206564 637310 282179 747825 780194 199188 656827 373904 747832 633978 524846 776002 701144 26913 579827 573124 806388 547564 590316 889271 783187 391852 132753 313213 475677 449486 620450 104298 393210 775888 693286 142831 624402 560649 907843 305742 161618 846758 669545 715368 221146 314678 344982 112382 637242 817013 486944 611092 574020 418287 396503 866384 148125 78669
199657 275898 999999999 392980 726065 413434 379426 402998 575316 368484 126199 874501 794151 119330 173111 400199 270197 714487 784744 597153 161021 742687 549584 631994 381846 484845 94830 479364 310124 552892 258850 214431 241018 532716 411131 682332 376514 259446 619452 245095 541575 135429 375025 357023 151873 513953 166723 485220 317539 614514 830183 474140 409945 426581 507311 440094 655796 511517 808221 280062 416950 535612 773989 319204 702051 884686 779242 167594 374306 411523 447246 178872 371788 378306 443216 698181 799229 418192 551734 416226 850217 310227 432285 578779 649896 470775 250251 424856 604495 253982 429278 816579 617314 347903 724155 656012 286574 765915 377188 242390
256472 635007 392980 999999999 610534 143139 446385 795927 849724 342068 511960 703790 861252 379807 230071 739171 145683 768587 1015060 859876 397520 759129 717058 588495 530049 830362 485905 725316 684610 234629 592700 180456 187467 242353 774433 797417 497110 182426 464097 149836 452742 526561 768004 749909 514921 312013 557532 258404 700846 367100 806477 829251 27494 543366 114583 150694 778482 176300 867315 648131 216109 477069 643764 92459 789333 773137 689557 243249 754101 584893 450344 231855 31462 723107 547793 517734 858470 763969 431363 253377 667177 457449 796371 251744 572553 80366 639772 814384 901313 642882 112051 723913 749101 100138 856315 914086 318580 534069 678457 572482
546470 756433 726065 610534 999999999 467513 367486 997516 704350 359366 759122 165769 383565 810972 609290 767301 687593 314131 730897 689260 580715 254621 470998 133945 434044 834957 796561 597122 1005264 819895 693333 617847 551901 395789 843874 419285 408013 725935 147839 609894 185791 825532 980187 974118 873941 299333 850035 353231 995185 284321 234336 857563 632836 388639 629625 461797 422726 764006 376623 782893 398746 192031 50066 565826 373309 166225 83562 600102 880629 461676 287878 706223 633520 770863 370680 129330 371098 795557 187335 368378 161432 456831 859908 826938 87509 637305 920099 1063408 776817 845744 501149 114195 425627 696244 475206 712997 440689 217093 670031 681154
226181 608072 413434 143139 467513 999999999 338610 802046 771493 226391 513506 565988 729488 440484 241602 694600 242592 636835 916462 776962 359807 622320 611632 448584 434369 785226 507615 643188 722492 366130 555967 213789 172424 125465 742744 676043 397516 283815 321518 189703 311986 547532 775947 760572 556778 169847 578626 117040 730934 237535 665236 789951 166526 437210 193001 26846 659388 307731 734233 626100 76248 338869 501458 117993 662716 630642 546422 245843 736716 490725 325315 298154 166507 682532 437928 378359 725570 721849 288765 116271 530738 372591 764356 378701 430328 184516 662148 835287 829938 640861 42829 580794 633206 232053 736774 827535 232643 405579 620233 536038
246137 395065 379426 446385 367486 338610 999999999 633606 447235 113089 393713 529127 440147 482519 315950 429996 443818 351810 577939 447747 222014 368327 273345 256562 104215 511228 437415 318527 639746 680364 331719 349646 290821 380599 499079 355678 65099 470827 303604 358857 202396 462937 614955 607908 518606 286329 485689 302015 628216 379451 451267 526591 473879 98658 528720 355536 334673 622465 450739 420780 273448 178850 417466 361235 356491 514855 407742 300636 524243 158566 80914 419193 452496 427507 101413 381632 441562 459234 232065 236795 513821 90063 517754 698125 283347 512594 553290 696748 512209 478949 380687 444283 303450 489461 412242 494545 136402 475650 337081 317600
576136 241730 402998 795927 997516 802046 633606 999999999 491770 685822 288785 1161512 907206 451434 571264 282813 669339 857903 706078 524710 456437 913095 628747 874109 566576 290593 311888 488491 193749 941836 304349 616538 633089 911662 210420 774098 589649 651732 931957 647325 834535 272199 28914 50397 312259 866129 242759 851102 152523 970029 1017445 257188 812844 615485 910305 828839 747261 906349 926120 214977 788053 812370 1047526 719311 816893 1130865 1024884 562033 137766 552680 714510 575764 774646 264542 634740 1011818 918827 267756 859426 775408 1147379 543606 212067 968451 910847 873709 170005 88123 468189 163073 824051 1058600 711269 746399 785997 570235 615470 1098725 362202 316503
597469 333458 575316 849724 704350 771493 447235 491770 999999999 556667 479168 863387 466977 690584 646491 219811 790731 451538 223300 33141 467571 521488 234045 571283 343412 207594 552197 129094 629223 1069232 321141 697582 664841 827515 281615 340085 382462 799878 712206 720787 611606 542753 494369 504677 622904 731892 539970 749125 593851 818743 625070 242039 875882 359690 949853 792237 319523 1015877 487031 348664 715116 573689 748119 757360 393364 785174 694179 629223 357614 288869 501562 722935 845470 243872 369324 776974 481984 226489 650996 681298 865499 398983 280504 1091442 622636 925954 546051 579833 72483 435661 810798 718179 296600 858637 326930 84865 540105 881066 198756 334786
189491 458441 368484 342068 359366 226391 113089 685822 556667 999999999 418119 506192 523653 452082 256301 515870 362312 431685 690778 558828 235728 432336 385324 282268 213776 602074 444913 427578 660353 576669 397378 276103 210798 271694 577762 455423 175253 394860 254131 277343 173762 477449 663965 653612 518549 189040 504537 194379 655814 290211 498271 613473 369411 211228 417950 242588 436940 518206 531384 481855 160439 173942 406378 262968 448090 521601 419044 244889 591075 269679 111580 358227 351853 509388 211539 334248 522347 544815 184101 124724 482990 168002 597925 593014 288710 403955 580893 739107 619582 524461 268823 456553 408815 396602 514732 606793 81913 413893 428956 379964
288051 157306 126199 511960 759122 513506 393713 288785 479168 418119 999999999 916810 763859 220164 284019 285106 395446 693193 697304 504618 182442 732519 498579 649539 361810 364981 73131 401219 246198 679072 158878 331530 344367 625172 287116 641376 369659 385645 671588 362243 581947 75529 262447 247325 151160 587874 92647 567986 237945 691407 828528 351560 530722 411716 626527 540325 613794 637233 779981 156915 502940 567468 808734 431986 669870 908473 801282 273886 248140 374730 471482 304968 492907 261595 430571 751929 771384 299756 600178 493726 897195 308449 307862 704925 676617 591149 162844 326147 498756 130938 535300 837598 574673 473096 674541 562854 340836 830636 281829 148575
685938 920914 874501 703790 165769 565988 529127 1161512 863387 506192 916810 999999999 495142 950847 743583 933008 802265 445333 870526 846428 736076 375922 629343 298014 599535 999939 949963 760127 1162291 888902 857678 744182 680404 466757 1009643 559517 572668 842503 258871 731488 335279 980824 1143626 1136965 1024720 398783 1006482 449323 1154106 340661 311506 1022933 722287 554397 697782 553555 567665 837177 483100 947243 508434 350714 117217 676518 508590 136287 175205 736623 1045949 627338 448485 834353 730644 936632 536447 188397 479971 961218 322953 486565 41321 619062 1025658 891266 253259 713824 1078882 1225875 935821 1008075 591748 165010 576432 797811 609427 866053 588026 192490 835734 845010
686277 683096 794151 861252 383565 729488 440147 907206 466977 523653 763859 495142 999999999 907767 756006 628258 881479 92725 394422 438982 634305 129311 278968 301944 412315 658895 826549 420405 988402 1093923 632600 788991 727895 710323 707573 133495 420996 910212 484024 796022 430159 839384 900209 903019 910719 596647 852711 642134 963716 631563 190693 690724 888015 368889 919652 736377 159961 1035221 20054 708502 653475 395474 404892 786418 94051 377152 325738 740469 770719 389359 412447 858954 873947 643700 353881 505817 16814 649256 466051 613218 515177 486520 715239 1107821 344920 913995 896685 990149 531421 794147 771420 330135 196484 920207 143458 433610 574868 600551 545447 631371
265219 377447 119330 379807 810972 440484 482519 451434 690584 452082 220164 950847 907767 999999999 209968 505039 236790 825869 902546 713513 273720 849954 668094 727709 496314 584744 155350 597976 309419 491710 370709 226712 278923 565587 504225 798894 487525 209346 692319 252012 625187 186807 422522 401586 143096 569908 211772 532476 331443 664060 933211 569874 389574 538990 487949 465381 772653 459899 921199 376059 463654 624944 857070 328753 816587 973656 870395 214762 455327 528880 543372 148698 352415 481710 554709 768056 912134 519878 629220 472759 923236 421489 524161 518457 740054 448957 282639 450322 715922 327815 445028 907921 734433 308294 842049 772334 372197 824683 491861 355920
70080 405842 173111 230071 609290 241602 315950 571264 646491 256301 284019 743583 756006 209968 999999999 514450 144756 667625 832494 661241 179593 679528 554977 538378 365492 605040 267899 529660 480959 425545 366708 52743 70801 363533 545512 664439 343119 160912 484715 81214 424584 308360 544005 527087 315488 359997 339638 323873 490361 455331 752472 601931 251093 395814 344107 268022 640917 375337 766684 418270 254836 429803 653761 148083 670801 774166 673756 17564 524062 412889 359815 103767 214620 496978 407046 559218 757508 538039 424297 262800 714882 285165 567430 449106 543832 310231 423246 597607 690952 414772 256168 711150 605796 213228 716424 718293 184803 614785 462412 346709
484228 128062 400199 739171 767301 694600 429996 282813 219811 515870 285106 933008 628258 505039 514450 999999999 650261 585769 442486 251198 342189 645990 352421 636099 338019 91328 354950 207864 409428 937087 147980 567144 552799 779058 80577 494769 371280 649999 731548 595030 628436 337709 280753 288584 416223 704809 329724 706106 374162 804275 751879 97604 762629 379405 849332 719234 468551 889060 647551 135651 655664 598110 816058 648765 540134 883001 780604 499000 145066 305706 505644 568973 727664 25102 396821 807227 640634 29240 661202 630583 925458 349370 93263 961569 679945 819199 327289 369266 219828 217873 727838 811396 434100 724968 503663 303619 468565 904525 97276 167797
204580 534752 270197 145683 687593 242592 443818 669339 790731 362312 395446 802265 881479 236790 144756 650261 999999999 790811 976901 805860 323232 794634 695614 638742 505100 739573 357503 674416 544890 287068 502426 97025 153585 363983 673811 798259 479513 41245 548722 85486 511523 397218 640806 621502 375871 403622 427258 354966 563897 480087 857647 733543 152984 531177 251164 262091 775908 242061 890596 543550 293925 526084 727080 126224 800139 853684 760331 162259 643174 554639 473148 93727 116532 631213 540495 613875 881469 672229 500668 319665 768791 425514 695495 312019 634343 212178 507114 680190 833793 524171 231751 796756 742145 77706 852530 863005 307504 647977 604244 482950
597667 625874 714487 768587 314131 636835 351810 857903 451538 431685 693193 445333 92725 825869 667625 585769 790811 999999999 425340 427764 553676 72432 234338 216192 334543 627813 752811 381232 924802 1001199 571354 699145 637297 619917 666250 117543 338435 820267 399730 705325 339641 768427 848453 849331 837050 506046 783843 550633 902618 545641 173535 657594 795328 287953 827232 643928 132833 942497 99819 652101 560862 303984 343318 694217 63902 343380 270375 652433 723895 319810 320277 770990 781456 598446 271382 429194 90726 609308 376625 520570 459370 404659 676342 1015113 263187 821332 833172 938049 521028 734594 678818 284137 156713 828285 164157 434953 485112 528217 496504 567825
775158 555917 784744 1015060 730897 916462 577939 706078 223300 690778 697304 870526 394422 902546 832494 442486 976901 425340 999999999 194102 659552 496154 306868 610611 485370 415693 770413 306871 851753 1243977 538427 880723 838388 948075 498772 312137 520107 991367 781894 900306 693155 763473 711463 723340 843691 840836 762074 869772 815722 911442 582489 449649 1042228 479553 1105072 933366 308708 1187984 412196 571813 850429 652664 765429 924720 361936 765105 695381 814932 575983 430170 607744 918556 1015792 466841 480659 831110 411232 446717 734533 812308 883050 558448 494264 1264219 663543 1086320 769276 794027 238810 658953 958330 709144 313090 1038863 261819 138869 696647 935070 415553 549989
609867 361825 597153 859876 689260 776962 447747 524710 33141 558828 504618 846428 438982 713513 661241 251198 805860 427764 194102 999999999 483388 498561 218353 557069 345055 240650 577743 134673 660346 1081956 345940 711708 676433 828311 314457 314333 383700 816458 703608 734038 604329 569734 527051 537125 649950 730137 567990 749639 625359 814472 601085 275118 886323 356742 957977 796976 295091 1027906 459024 378031 718376 565689 732003 767746 368232 764521 675671 643844 390218 289320 497746 740551 856770 274912 364801 766274 454273 258916 644321 683538 849930 405542 313584 1103733 609059 935153 576396 612750 93384 465780 816933 698531 274778 872367 297693 58860 547075 870779 222934 358562
142057 248271 161021 397520 580715 359807 222014 456437 467571 235728 182442 736076 634305 273720 179593 342189 323232 553676 659552 483388 999999999 581890 399367 477832 222598 433507 216429 353849 426362 604790 197888 231622 210650 459260 383867 525792 215510 333180 489182 257059 400823 244959 432928 421029 296673 409957 270457 395334 420305 513863 670675 434376 421563 265942 507143 385714 499858 553557 648015 266844 334359 388686 629892 306638 542886 734362 627743 162658 377884 257617 295111 259005 387589 327267 282318 569507 638985 367747 417914 319238 715531 149214 405639 628012 500409 477304 345274 504785 511377 293475 389603 664691 462010 392733 570765 541038 159965 648851 283413 177686
609547 677172 742687 759129 254621 622320 368327 913095 521488 432336 732519 375922 129311 849954 679528 645990 794634 72432 496154 498561 581890 999999999 298456 179634 370723 692596 788387 444781 969520 988438 620128 706469 642382 591605 726561 189976 367434 826551 357909 709532 314099 806960 902177 901805 872229 479071 824406 527255 949489 506231 106130 721476 785165 321180 808696 626481 204426 929968 124531 703785 546119 283557 278512 690567 136115 271000 202100 665366 781086 365527 321836 783289 774619 657198 302777 376609 117979 670572 346784 506820 392163 433221 737728 1000689 218073 806173 878362 991228 591633 783474 663132 213044 225112 825875 234363 507108 494824 471423 554107 614788
491035 405118 549584 717058 470998 611632 273345 628747 234045 385324 498579 629343 278968 668094 554977 352421 695614 234338 306868 218353 399367 298456 999999999 338738 190682 394205 566005 146909 713001 949445 357391 598621 548741 641505 432673 147325 220248 715867 490789 614223 395094 573559 621316 624056 648883 535487 583605 563066 686761 610935 404442 423482 744486 174740 802049 627667 119756 892228 297595 430157 544183 355211 514221 629028 188238 554051 460681 537706 492904 142871 301461 650596 720681 366339 174152 550083 290161 375309 436103 505728 631866 270173 442235 968287 390861 785334 621561 711250 306481 516851 653885 485750 82567 750759 176224 247302 399477 654879 266655 358356
470494 632389 631994 588495 133945 448584 256562 874109 571283 282268 649539 298014 301944 727709 538378 636099 638742 216192 610611 557069 477832 179634 338738 999999999 307673 701934 693819 463182 895092 814134 569946 557180 491102 412005 713602 303993 286020 673689 183565 555523 136885 719441 858150 853417 774450 299795 741817 348926 881882 329877 219503 725137 613735 259919 631534 450668 302490 756010 301311 659135 372990 113017 180804 526621 265596 259477 152249 526411 753456 330520 184921 640486 606331 640696 241211 220819 293702 664059 167329 335136 295325 341682 729053 825287 53176 630915 807414 943259 643699 726622 488243 188105 299659 661827 364137 583098 356974 324460 538868 559209
300554 324851 381846 530049 434044 434369 104215 566576 343412 213776 361810 599535 412315 496314 365492 338019 505100 334543 485370 345055 222598 370723 190682 307673 999999999 414440 418761 214502 600971 760758 262789 408157 358259 484104 411821 304282 39139 526158 394885 423543 291404 436275 551127 547185 502913 390394 453836 405734 583363 481993 467580 432494 557320 50631 620367 453264 279043 704043 426567 351655 373511 260117 483680 440529 320379 564631 458362 348403 446649 56368 169899 463261 532024 338956 70033 469478 417618 366999 326045 338494 589477 80425 428973 780244 346633 600976 510610 637209 407999 422253 475380 492405 242236 560282 352490 393672 211471 568073 242009 253193
575551 209018 484845 830362 834957 785226 511228 290593 207594 602074 364981 999939 658895 584744 605040 91328 739573 627813 415693 240650 433507 692596 394205 701934 414440 999999999 431335 248066 449735 1026592 238332 657677 644100 867672 90915 526707 449984 738018 809311 685791 705805 409088 297589 311288 484422 790500 396290 793849 410732 888618 798633 34548 853714 451526 940647 809686 502430 979156 678739 208793 744893 673503 882723 740057 576307 941084 841590 589758 166411 375446 584068 656743 818603 108369 467614 883190 672662 67353 740237 718824 994964 434435 80424 1051265 748301 910430 377600 378407 177617 275982 818807 870488 471844 814780 524951 281282 557901 982495 174236 258376
289679 226930 94830 485905 796561 507615 437415 311888 552197 444913 73131 949963 826549 155350 267899 354950 357503 752811 770413 577743 216429 788387 566005 693819 418761 431335 999999999 473366 219157 633703 231989 308676 335227 625729 349251 706765 421802 341301 698686 339198 614919 40760 283446 264552 84259 601523 71998 575583 223506 703420 881480 415236 501820 467387 599834 534340 679372 595853 842087 222647 508001 604620 845491 413874 732851 950781 844107 261873 300511 437391 511539 264041 463572 330854 485617 778400 833345 367657 628985 504587 927805 357539 368989 660073 716803 562728 155431 330122 570620 173790 524059 880998 640279 434714 742223 635957 364063 850830 354958 221215
476369 279966 479364 725316 597122 643188 318527 488491 129094 427578 401219 760127 420405 597976 529660 207864 674416 381232 306871 134673 353849 444781 146909 463182 214502 248066 473366 999999999 590618 948320 245299 579410 542416 698540 287323 286912 253606 686763 591488 600980 489367 472286 483484 488356 551520 603910 476313 620228 560593 692487 550885 276721 751821 233781 823364 663626 260802 893924 439731 302327 586102 452747 643291 633255 332974 694632 597104 512166 351183 160662 375646 612596 722536 224043 245188 659555 432875 229313 527765 552204 758423 271147 295919 969855 512356 800483 501065 573181 194379 391885 682853 624711 227101 739539 298264 189394 412629 762530 132452 252805
508449 310810 310124 684610 1005264 722492 639746 193749 629223 660353 246198 1162291 988402 309419 480959 409428 544890 924802 851753 660346 426362 969520 713001 895092 600971 449735 219157 590618 999999999 795250 355942 515771 550403 842769 359439 859941 612743 518765 914478 545088 827120 183279 170618 149932 169694 820647 155946 794453 41659 922566 1068403 420654 696619 651531 795384 748971 832202 767370 1005772 288517 726587 813507 1054828 622001 894700 1154284 1047047 477123 283484 605325 717678 453272 658847 385443 670788 994576 997582 406045 843803 723740 1141858 553492 370032 822059 922792 756742 91744 152832 622106 198756 735652 1083197 793678 617654 884213 712927 580688 1069223 458342 357360
472089 821635 552892 234629 819895 366130 680364 941836 1069232 576669 679072 888902 1093923 491710 425545 937087 287068 1001199 1243977 1081956 604790 988438 949445 814134 760758 1026592 633703 948320 795250 999999999 789157 373186 406222 426496 960425 1032044 729200 293557 672136 348570 677282 671373 912952 892440 634368 522785 699554 469664 821254 549690 1029038 1020550 207257 776639 191708 363792 1013069 58710 1099344 829829 442319 704996 846960 320426 1023489 975919 901901 442201 927198 814583 684367 374167 228792 918225 781697 712369 1090591 959257 651212 481824 849336 685571 982036 26816 792904 183731 774135 941074 1115988 805162 325891 934070 983455 212531 1090901 1137713 549990 703406 887945 769551
339473 63383 258850 592700 693333 555967 331719 304349 321141 397378 158878 857678 632600 370709 366708 147980 502426 571354 538427 345940 197888 620128 357391 569946 262789 238332 231989 245299 355942 789157 999999999 419355 407376 648563 186826 504087 285356 503020 633723 447481 533932 227365 288343 284717 307099 584823 231197 579271 331553 687320 722107 236823 615733 312349 703860 581403 476336 741096 650120 89570 523667 509741 743313 503103 539042 827420 721088 351456 194206 254784 412303 422325 580402 130456 331746 712707 642011 171436 561394 502694 844477 242526 208392 813603 606548 672918 264325 374775 345836 163428 587046 755191 437753 576994 530325 404343 338406 803681 123025 20260
107603 457710 214431 180456 617847 213789 349646 616538 697582 276103 331530 744182 788991 226712 52743 567144 97025 699145 880723 711708 231622 706469 598621 557180 408157 657677 308676 579410 515771 373186 419355 999999999 66404 338895 597428 702740 383061 121235 486199 30797 436098 349433 588853 571226 347357 351466 380661 309648 528223 440691 774311 654307 200118 435016 295003 238879 680038 322636 798747 469534 242016 445982 660279 106244 706109 783845 686357 69027 574293 457625 384729 90343 163021 549565 444844 557264 789591 590635 430809 257905 713407 328498 619328 396573 557789 260010 463814 638660 742945 462463 220843 723419 645902 161215 756395 768425 214128 604628 514794 399382
69015 452929 241018 187467 551901 172424 290821 633089 664841 210798 344367 680404 727895 278923 70801 552799 153585 637297 838388 676433 210650 642382 548741 491102 358259 644100 335227 542416 550403 406222 407376 66404 999999999 293019 591366 646054 329922 184192 421883 68179 369747 375240 606432 590371 385918 291611 406385 253701 558510 385270 708637 644199 212401 380524 296586 199119 624235 351509 737065 468093 184774 379686 594733 95991 646814 717793 620005 73424 576750 410423 320565 154608 180660 537452 388810 494351 727934 578115 365082 195656 650423 280754 613277 427459 491386 266819 489965 663530 714775 473722 190975 657092 591267 202027 701284 731763 154427 546167 491015 387116
337896 704943 532716 242353 395789 125465 380599 911662 827515 271694 625172 466757 710323 565587 363533 779058 363983 619917 948075 828311 459260 591605 641505 412005 484104 867672 625729 698540 842769 426496 648563 338895 293019 999999999 834438 679577 445088 405135 249347 315168 280291 664925 886518 872316 678932 113938 695682 78836 849181 126398 615323 876197 257863 473930 234987 102418 667346 372453 711668 725198 125126 316786 420690 242304 656595 549457 478825 365860 836385 539152 340375 423571 271725 769836 469498 286099 703651 807404 244910 149174 428659 437630 855520 432013 380516 247468 778725 950061 891160 749004 133707 509552 647196 341009 742011 874189 311011 291824 696750 629357
524404 139723 411131 774433 843874 742744 499079 210420 281615 577762 287116 1009643 707573 504225 545512 80577 673811 666250 498772 314457 383867 726561 432673 713602 411821 90915 349251 287323 359439 960425 186826 597428 591366 834438 999999999 574091 443127 668705 802316 626724 699848 323887 213049 224592 397066 766576 308862 763914 320932 867778 832436 66872 796427 455290 886954 768220 548118 915358 726975 131102 709784 671050 892947 686445 620103 962285 859324 531399 77408 383138 576765 587309 760130 73017 473213 879176 720176 58754 731121 687571 1000982 414668 21939 985704 756394 854799 286751 298355 263936 187021 773440 890527 514100 750412 580819 361446 523620 974716 175573 206706
596462 552443 682332 797417 419285 676043 355678 774098 340085 455423 641376 559517 133495 798894 664439 494769 798259 117543 312137 314333 525792 189976 147325 303993 304282 526707 706765 286912 859941 1032044 504087 702740 646054 679577 574091 999999999 321531 823219 482987 713839 405622 716761 767520 770763 790431 566708 728231 604976 834019 622062 288231 558143 824796 268660 869019 687335 27763 973618 152907 577452 602436 366033 453297 715468 54595 460862 384338 647922 637410 271189 350738 764917 805992 510339 257900 524473 146311 515806 446020 561985 571043 383305 581885 1048401 355915 858072 768397 857453 407689 664135 718845 400481 66752 845084 62568 318075 491746 627070 412764 504237
275915 348420 376514 497110 408013 397516 65099 589649 382462 175253 369659 572668 420996 487525 343119 371280 479513 338435 520107 383700 215510 367434 220248 286020 39139 449984 421802 253606 612743 729200 285356 383061 329922 445088 443127 321531 999999999 502681 360289 396475 257174 442569 572849 567625 505292 351371 462283 366664 597497 443590 459807 466850 524499 53021 584971 415849 297798 672030 433914 374898 335366 228053 457973 408780 331579 545069 438058 326482 473860 94434 134418 443415 500433 370672 67214 436212 424818 400431 290382 299893 560721 66302 460978 748122 321200 566612 523633 657374 447134 440603 438894 473158 262940 531639 373527 431632 179232 533348 276482 273662
226830 530906 259446 182426 725935 283815 470827 651732 799878 394860 385645 842503 910212 209346 160912 649999 41245 820267 991367 816458 333180 826551 715867 673689 526158 738018 341301 686763 518765 293557 503020 121235 184192 405135 668705 823219 502681 999999999 588185 118167 548288 379870 622977 603052 351327 444056 408975 395812 539979 521288 892021 730093 186210 555016 282318 303312 800206 254669 919906 537738 334070 561431 766024 167133 827246 892123 797753 178271 633720 573792 504719 81428 151942 629938 565355 654149 910753 670721 538754 358695 809285 445926 690150 319599 670951 242986 486594 657825 839992 511753 272656 834364 765613 99164 876208 874207 335344 689135 609694 484079
427808 696785 619452 464097 147839 321518 303604 931957 712206 254131 671588 258871 484024 692319 484715 731548 548722 399730 781894 703608 489182 357909 490789 183565 394885 809311 698686 591488 914478 672136 633723 486199 421883 249347 802316 482987 360289 588185 999999999 474817 103534 731565 911607 902647 770718 152156 758638 205991 909487 148536 368138 827033 485851 360571 482163 314560 478078 616172 481920 721907 255883 138766 180055 424550 448001 309125 229958 477884 827217 437183 225905 576155 487975 730333 346960 80393 474765 760712 72534 229787 231290 391309 820667 679436 139884 489466 834433 989629 782946 773044 353916 262030 468853 552114 544449 737886 334651 173188 636554 618495
125153 487048 245095 149836 609894 189703 358857 647325 720787 277343 362243 731488 796022 252012 81214 595030 85486 705325 900306 734038 257059 709532 614223 555523 423543 685791 339198 600980 545088 348570 447481 30797 68179 315168 626724 713839 396475 118167 474817 999999999 430699 379958 619627 601965 376241 335595 411162 291204 558157 421147 773924 683029 170039 447600 264332 213866 691811 296531 805111 499307 225208 443290 651042 77397 714968 776112 680547 96035 604535 474533 387883 108730 133406 577851 456340 543719 795985 618888 422559 245151 699673 344863 648642 371293 553202 229608 494216 669074 767628 493180 193303 717321 658514 138682 768701 790282 222459 586711 540466 427415
360865 597219 541575 452742 185791 311986 202396 834535 611606 173762 581947 335279 430159 625187 424584 628436 511523 339641 693155 604329 400823 314099 395094 136885 291404 705805 614919 489367 827120 677282 533932 436098 369747 280291 699848 405622 257174 548288 103534 430699 999999999 645546 815055 807018 690644 166497 671263 213194 819588 218556 353741 723696 477638 257406 494980 313786 396648 619202 431992 622743 236767 40507 232636 394842 378263 349618 250259 414887 726635 333912 123085 523132 471593 627638 244326 179446 423838 657570 41378 199899 315493 291529 717974 688410 122855 494030 744355 894972 681778 677514 351394 287367 382184 529164 468136 640912 255400 276695 533194 519393
328017 211312 135429 526561 825532 547532 462937 272199 542753 477449 75529 980824 839384 186807 308360 337709 397218 768427 763473 569734 244959 806960 573559 719441 436275 409088 40760 472286 183279 671373 227365 349433 375240 664925 323887 716761 442569 379870 731565 379958 645546 999999999 243604 224363 80220 638156 31294 613505 184426 740547 902128 390567 542311 485884 640416 574293 689156 634539 855487 202593 546310 633511 874796 454578 745398 977581 870587 301983 269659 450219 538977 303590 504059 312985 504572 811570 846882 347639 661185 541713 959626 379959 342671 697848 744461 603218 114888 289433 556215 141720 564475 907211 650041 474204 749347 627244 397484 885998 348564 219854
550288 226904 375025 768004 980187 775947 614955 28914 494369 663965 262447 1143626 900209 422522 544005 280753 640806 848453 711463 527051 432928 902177 621316 858150 551127 297589 283446 483484 170618 912952 288343 588853 606432 886518 213049 767520 572849 622977 911607 619627 815055 243604 999999999 22222 283499 842870 214007 826839 128988 946780 1005947 265239 784726 600545 882317 802763 740437 877572 918910 199991 763267 793805 1030238 691984 809088 1115755 1009422 535046 136927 539736 695856 547194 746511 260766 619901 991647 911451 268412 839110 751401 1128736 524893 217610 939572 893842 845607 141279 89941 474884 139662 797406 1043520 703879 717800 781654 574466 592444 1077406 354783 299192
535371 224857 357023 749909 974118 760572 607908 50397 504677 653612 247325 1136965 903019 401586 527087 288584 621502 849331 723340 537125 421029 901805 624056 853417 547185 311288 264552 488356 149932 892440 284717 571226 590371 872316 224592 770763 567625 603052 902647 601965 807018 224363 22222 999999999 261939 830877 194303 813712 108283 934755 1005028 279719 766269 596987 864085 787408 743514 857543 921539 198099 749550 786675 1024184 674894 811327 1111651 1005051 518549 147390 538038 688720 527819 728032 267494 616407 982831 913954 278213 830224 738609 1121361 517912 230921 919089 888123 827171 119680 90058 487897 129610 781280 1039475 706549 698316 786606 585734 580884 1067393 358191 294257
350744 290856 151873 514921 873941 556778 518606 312259 622904 518549 151160 1024720 910719 143096 315488 416223 375871 837050 843691 649950 296673 872229 648883 774450 502913 484422 84259 551520 169694 634368 307099 347357 385918 678932 397066 790431 505292 351327 770718 376241 690644 80220 283499 261939 999999999 665299 88220 635091 188657 765171 964682 463935 527125 551376 625920 582972 762978 602983 926304 280634 566390 682456 922415 453421 816980 1030174 923879 313495 336745 521481 591041 283737 489280 391324 569507 849703 917570 424742 702369 567404 1001144 440568 414720 661147 795674 587387 142260 307226 635374 210636 567937 960959 723866 449669 825021 707430 436814 917713 428692 298751
314560 644868 513953 312013 299333 169847 286329 866129 731892 189040 587874 398783 596647 569908 359997 704809 403622 506046 840836 730137 409957 479071 535487 299795 390394 790500 601523 603910 820647 522785 584823 351466 291611 113938 766576 566708 351371 444056 152156 335595 166497 638156 842870 830877 665299 999999999 667535 53900 821522 103911 508131 802405 333707 373450 335064 162486 555206 466038 598283 667435 110504 202885 331777 277742 542836 461124 379964 356799 777616 443266 234500 441631 336334 698422 366721 210408 590193 733790 132512 98042 365233 356065 786841 531470 271857 339311 748106 913515 798071 703338 201844 413278 536377 401457 629222 773349 250747 254789 616868 566857
358455 206564 166723 557532 850035 578626 485689 242759 539970 504537 92647 1006482 852711 211772 339638 329724 427258 783843 762074 567990 270457 824406 583605 741817 453836 396290 71998 476313 155946 699554 231197 380661 406385 695682 308862 728231 462283 408975 758638 411162 671263 31294 214007 194303 88220 667535 999999999 643610 154193 770177 920922 375733 573071 503925 671278 605399 700528 663592 869200 194128 576639 658131 899487 485859 758660 1000542 893402 333170 249859 464497 562796 333553 534818 304702 522866 838784 860703 337185 687879 571408 985918 401005 326635 726107 768163 633971 83630 258144 549386 122771 595738 929819 661483 504013 758656 624766 425213 914426 349330 226317
286005 637310 485220 258404 353231 117040 302015 851102 749125 194379 567986 449323 642134 532476 323873 706106 354966 550633 869772 749639 395334 527255 563066 348926 405734 793849 575583 620228 794453 469664 579271 309648 253701 78836 763914 604976 366664 395812 205991 291204 213194 613505 826839 813712 635091 53900 643610 999999999 797786 131585 560102 803538 279864 395095 283222 108591 591810 412658 644677 658604 69053 246689 385384 228743 584251 514810 433737 322771 769589 460580 262328 398940 283214 697875 390755 261421 636401 734716 182730 76660 414616 361589 784713 478879 323732 286021 725551 894102 813190 688034 147950 467157 570557 349080 667212 795367 240926 295507 621839 560508
512439 282179 317539 700846 995185 730934 628216 152523 593851 655814 237945 1154106 963716 331443 490361 374162 563897 902618 815722 625359 420305 949489 686761 881882 583363 410732 223506 560593 41659 821254 331553 528223 558510 849181 320932 834019 597497 539979 909487 558157 819588 184426 128988 108283 188657 821522 154193 797786 999999999 924293 1049716 381048 714184 633993 812970 757616 806346 791226 981419 258441 730715 804086 1044990 634313 870370 1141351 1034097 485096 244322 584218 707309 471069 676136 350659 653384 989809 973375 369229 838122 725560 1134968 540408 330690 848065 911557 774727 75235 120333 584376 169955 746325 1069846 768134 638214 856144 677044 577609 1067366 428143 334982
414862 747825 614514 367100 284321 237535 379451 970029 818743 290211 691407 340661 631563 664060 455331 804275 480087 545641 911442 814472 513863 506231 610935 329877 481993 888618 703420 692487 922566 549690 687320 440691 385270 126398 867778 622062 443590 521288 148536 421147 218556 740547 946780 934755 765171 103911 770177 131585 924293 999999999 513922 901756 383761 459118 358070 220119 614395 496982 629984 770658 200524 259047 302403 354697 590871 429110 367788 453827 880571 532354 317182 529450 395571 798813 449767 164391 622699 833385 177258 198852 302310 454907 887789 553492 288352 373165 851169 1017212 886800 807248 256092 395407 600726 464316 684317 854376 354605 168217 714499 669605
683357 780194 830183 806477 234336 665236 451267 1017445 625070 498271 828528 311506 190693 933211 752472 751879 857647 173535 582489 601085 670675 106130 404442 219503 467580 798633 881480 550885 1068403 1029038 722107 774311 708637 615323 832436 288231 459807 892021 368138 773924 353741 902128 1005947 1005028 964682 508131 920922 560102 1049716 513922 999999999 827591 831270 417173 843117 665330 305994 971390 175767 806928 590441 332513 238797 746108 233672 187084 157463 739515 886207 467367 393037 855590 825113 762804 398105 363657 174337 776594 377837 553500 336602 524117 843750 1038916 236377 845339 977719 1094684 694408 885114 703700 149265 329697 881262 323266 606147 568450 444173 659529 715867
576215 199188 474140 829251 857563 789951 526591 257188 242039 613473 351560 1022933 690724 569874 601931 97604 733543 657594 449649 275118 434376 721476 423482 725137 432494 34548 415236 276721 420654 1020550 236823 654307 644199 876197 66872 558143 466850 730093 827033 683029 723696 390567 265239 279719 463935 802405 375733 803538 381048 901756 827591 999999999 851988 471744 940667 814862 533502 974321 710508 194682 752522 692445 905755 739908 607123 967135 866641 587175 137389 396464 601257 648672 816280 107456 488452 901957 704295 68824 757164 727896 1016892 446856 51042 1045554 770554 909531 351570 344774 211178 253783 822368 896175 502161 809538 557830 315703 565452 1000161 190510 257083
281261 656827 409945 27494 632836 166526 473879 812844 875882 369411 530722 722287 888015 389574 251093 762629 152984 795328 1042228 886323 421563 785165 744486 613735 557320 853714 501820 751821 696619 207257 615733 200118 212401 257863 796427 824796 524499 186210 485851 170039 477638 542311 784726 766269 527125 333707 573071 279864 714184 383761 831270 851988 999999999 570839 98808 171371 805916 148857 893935 669330 240872 502694 665072 118581 816482 794569 712481 265049 774410 612076 477431 243389 38253 746188 575287 537288 885109 787127 455283 278829 685123 484421 818357 224250 596773 60908 654678 828906 926939 661494 132080 746504 776580 94354 883748 940715 345862 549514 703305 595555
328186 373904 426581 543366 388639 437210 98658 615485 359690 211228 411716 554397 368889 538990 395814 379405 531177 287953 479553 356742 265942 321180 174740 259919 50631 451526 467387 233781 651531 776639 312349 435016 380524 473930 455290 268660 53021 555016 360571 447600 257406 485884 600545 596987 551376 373450 503925 395095 633993 459118 417173 471744 570839 999999999 627312 453815 245205 719056 382215 400775 371069 222834 437880 456564 278847 515384 409530 379264 493537 76695 141983 496374 548155 382273 19471 432280 373159 407987 294739 333491 546065 117636 471585 794946 301138 610764 561225 687038 427838 472572 479334 443122 210974 581679 321386 400511 227861 533174 282326 303313
365131 747832 507311 114583 629625 193001 528720 910305 949853 417950 626527 697782 919652 487949 344107 849332 251164 827232 1105072 957977 507143 808696 802049 631534 620367 940647 599834 823364 795384 191708 703860 295003 296586 234987 886954 869019 584971 282318 482163 264332 494980 640416 882317 864085 625920 335064 671278 283222 812970 358070 843117 940667 98808 627312 999999999 183318 852373 139756 923556 761562 267300 525696 655651 200759 855004 784434 712121 356724 868128 676351 518281 342187 136852 834021 629135 520684 915039 874700 465944 307872 658482 552656 908890 197315 606759 39343 753142 927501 1004275 757454 150181 743689 825943 185311 929775 1010589 411235 514071 785004 683604
252893 633978 440094 150694 461797 26846 355536 828839 792237 242588 540325 553555 736377 465381 268022 719234 262091 643928 933366 796976 385714 626481 627667 450668 453264 809686 534340 663626 748971 363792 581403 238879 199119 102418 768220 687335 415849 303312 314560 213866 313786 574293 802763 787408 582972 162486 605399 108591 757616 220119 665330 814862 171371 453815 183318 999999999 671487 306062 740429 652215 84950 343052 493705 139951 672073 623198 542039 272521 762925 509622 336934 321807 177107 707490 453595 367084 731879 746634 287600 125351 517401 393769 789789 374628 429398 180278 688933 862116 851542 667582 39360 575664 646378 244920 748544 846859 255085 388293 643771 561532
