NAME : synthetic_000818
TYPE : CTSP-D
DIMENSION : 100
GROUPS : 8
RELAXATION_LEVEL : 1
EDGE_WEIGHT_TYPE : EXPLICIT
EDGE_WEIGHT_FORMAT : FULL_MATRIX
EDGE_WEIGHT_SECTION
999999999 833397 141482 796240 205433 301596 113979 753194 957217 258348 562946 351716 264658 527789 791424 631211 676022 617858 846751 431444 467713 286554 918234 890262 180314 710325 40097 494828 32963 811050 456892 237713 206699 193154 696070 170194 608154 511953 753959 468667 300282 956544 631975 859234 280762 253231 331389 179266 538557 128650 508053 98948 837047 591286 776096 746971 423969 854409 628983 300084 103254 581256 644006 532920 642820 592373 543831 261029 766775 716325 871964 607754 679534 117313 501302 56802 486112 858328 345547 963813 136321 760261 890094 600421 762224 601677 648006 483635 132034 845616 355433 326466 755153 676388 307381 351460 367243 522161 469189 728102
833397 999999999 733980 585902 650421 568706 722869 157124 123854 784163 419388 577081 652555 307267 296696 731484 352313 252053 174962 410881 475155 621484 306833 240226 657445 155853 851015 444566 809630 687614 744544 728444 629930 663982 422779 774734 521280 695033 432753 367051 870163 165086 478336 679544 1057183 770782 568042 661408 381583 830914 373489 734552 173505 343318 427124 222469 539914 678097 697858 536530 776020 284018 479856 603234 256721 474323 320775 828379 89852 396734 46823 450088 165076 746988 357812 881534 630698 234615 493705 135072 708421 547641 649324 282626 386704 411939 318570 579953 872344 411414 760259 513715 216934 430674 712917 563551 658104 593360 567352 669998
141482 733980 999999999 654760 83569 273634 120316 637636 857264 337700 528626 212329 123353 438327 661232 496909 542798 502432 771475 357177 439670 146919 789248 822620 92789 626478 135339 360808 108529 671082 511043 106664 116952 70053 558049 249548 466964 376652 615472 367657 223984 869980 614714 718539 326442 139080 195659 155012 409569 99025 385312 98739 717817 538936 637942 679690 413767 713727 660518 201401 45200 507831 503783 392013 522555 452689 427230 173269 676411 579612 775609 583662 573311 24596 385254 165645 507806 733702 276440 867686 145995 618877 748751 531525 626024 465622 595062 342180 139223 708765 420390 261495 632538 538068 356980 213886 396846 533340 327742 588537
796240 585902 654760 999999999 604850 723821 737170 432730 649566 925277 794679 450507 531884 562477 292492 256401 257144 421745 747070 616809 774806 512911 357426 817135 648114 631887 785295 349145 763282 104030 1014160 568692 633624 613788 181073 859674 192849 325298 153591 517521 620277 743053 896898 98474 868384 576716 478676 713455 353030 706582 405055 729001 426531 736236 159497 737554 810068 95821 1072703 578129 695230 642473 175807 267508 384944 226622 426619 611334 616174 196670 626842 856572 487202 679039 442267 812652 939568 380005 633174 681683 745822 46759 98555 668422 199217 259371 758510 312689 740846 202000 966404 644143 369750 185637 896461 455694 886777 929769 327371 128433
205433 650421 83569 604850 999999999 219921 132972 555909 773735 340439 461073 154343 88463 355671 586321 475927 470606 420455 690023 278658 376824 94669 713519 742508 48677 544021 210134 289678 174694 632412 488901 128065 53181 13634 492687 261846 413059 356673 550937 284136 277088 786898 552802 676153 409214 175389 128574 128198 333520 181645 305498 124419 637253 464633 572674 600144 360312 671449 621553 119526 126412 427814 444481 352191 442072 391853 345377 225280 593174 511889 692049 519351 490002 98296 303136 241323 467341 655373 202115 784121 146062 565945 701344 452438 557463 397082 519982 297222 222495 641106 408741 189757 553165 473374 340024 150401 365593 486590 279411 552205
301596 568706 273634 723821 219921 999999999 190406 526418 689747 226497 262830 316433 297618 266827 611604 656436 521649 403016 554114 160557 169235 287065 725520 592676 183605 428707 332487 374771 289900 776192 295251 347935 167165 226058 571374 206162 535877 544678 627815 242182 493136 672063 341950 810081 574000 394624 281179 127254 383930 362001 335041 211969 615286 290661 645106 450593 141035 805809 404651 155294 294965 293945 548712 511738 439584 497200 343304 441237 491164 579336 601330 312769 435843 269328 307604 357686 250968 652363 95488 690604 165372 679086 822222 308257 617440 474000 347125 453706 394039 699153 243915 80627 549095 556441 175989 302294 165880 266928 431959 704285
113979 722869 120316 737170 132972 190406 999999999 649737 846526 218280 453145 286881 216110 416186 699813 604031 589532 515426 732802 318053 358820 227295 824441 776400 89734 597094 142208 412638 99494 765230 392706 224454 109598 125814 618511 132630 544904 483827 677038 361149 339166 843293 527708 809125 384090 259395 258964 65381 448579 182823 412502 24841 735387 478307 698081 633057 320460 804421 549194 196739 119255 467398 574301 484844 543348 521254 443063 290278 654377 635526 760549 501061 572000 103063 400875 168492 399155 760646 232225 852161 28921 697646 833971 486442 679935 521009 535105 430170 208858 763991 300287 212912 656480 599840 238228 281650 283848 429619 412359 684708
753194 157124 637636 432730 555909 526418 649737 999999999 251787 752237 453418 456430 540595 264136 153544 576077 195471 135567 314914 367540 479746 509359 216104 384683 572952 219300 764586 310075 725865 533026 754460 613947 546537 569470 265803 725039 366278 546455 279141 291255 745790 321189 537089 528289 950816 652050 454533 594448 247192 729832 254748 656830 88934 378972 276077 321063 537937 526518 746598 453821 681947 292127 323347 453210 119226 321131 210532 708205 187107 240460 201954 501414 98412 654202 252846 795763 650031 135298 437408 276132 640749 392827 502294 306314 234716 259905 377612 435725 771640 273646 748525 456840 64115 273563 691030 445343 648720 621819 425616 513018
957217 123854 857264 649566 773735 689747 846526 251787 999999999 901868 521410 695610 773477 430609 358231 822936 441501 368073 214658 533288 586490 742280 321394 256074 781257 266301 974852 557222 933483 753450 849524 849013 753751 787318 504018 895909 614849 798170 501593 490743 988266 114731 565460 736992 1179693 890404 688353 784809 493827 953863 491201 858355 223799 448004 490949 302126 652032 736280 784798 660301 899518 400383 568928 704755 365741 571708 439842 947714 200228 474547 88982 542528 285583 870539 478414 1005382 733498 271578 616799 35182 831789 616566 699240 394807 454053 511268 413893 687119 995379 457382 872700 636773 298406 515518 828643 682703 770840 692896 676339 747555
258348 784163 337700 925277 340439 226497 218280 752237 901868 999999999 413691 484995 428323 490286 836639 816348 741859 629451 743791 384918 325443 433503 951854 769766 291881 636152 298316 581860 273019 964960 203434 442727 298269 336970 785612 90750 732980 697049 843351 468250 547453 870546 446961 1004784 523702 476277 452333 215704 601196 378600 555038 238976 841164 469712 862039 635946 261845 1000246 385762 348599 326720 501487 753963 687693 665633 700943 568217 501684 701647 796706 812887 435781 660113 317996 530844 305611 262645 878855 319997 898972 196689 882636 1023632 508839 837026 686874 520231 630655 389729 919923 99748 302464 775563 769135 81865 475693 154426 308339 610832 887243
562946 419388 528626 794679 461073 262830 453145 453418 521410 413691 999999999 499837 519626 232203 588100 808626 545963 383207 337121 208634 95706 498729 669340 356685 435893 263926 595012 475816 552614 872441 328218 584815 413575 470658 616713 439531 635711 715747 661781 288977 737632 468924 105906 891406 836800 633635 469094 389885 447646 621780 398140 474774 533849 76818 671365 229471 152534 888004 293560 355189 554962 163075 626284 654412 424583 585740 368343 686056 329635 610566 435318 65598 356593 527901 359039 619463 212197 588150 261490 510779 427444 747981 886460 147320 633577 537905 110930 602297 655555 701146 362038 271554 502513 609380 332850 482645 264601 174134 580710 816827
351716 577081 212329 450507 154343 316433 286881 456430 695610 484995 499837 999999999 92181 324558 456373 340588 335034 327798 653721 292087 435112 65414 584955 715054 198528 502656 347493 155074 319193 480775 608986 158871 187109 163530 345833 412434 258909 228612 403149 242653 293089 729642 602668 522955 497707 195688 35260 269403 212318 287199 204451 278587 528443 479020 425663 580857 441051 518294 715336 162379 256382 414743 292384 202810 337293 240673 256312 252373 537853 368054 622337 564322 412034 235248 220835 377358 564186 535846 251284 711918 297133 411803 547100 443654 414744 255032 527762 145690 327785 496953 541443 251228 439520 325782 470740 17327 480219 572100 126373 402275
264658 652555 123353 531884 88463 297618 216110 540595 773477 428323 519626 92181 999999999 378039 547988 388558 427062 408434 713829 321416 442577 31308 676547 771391 137075 563886 257214 246275 231755 551845 575651 76325 137880 91475 437100 347713 343611 268815 493971 298543 227699 799376 616996 597822 410304 122379 86066 216579 300915 195288 285971 202702 615758 512074 516708 632346 434693 593045 702128 164439 165954 461137 380924 271502 422276 330350 334337 180029 605624 459916 696635 581205 488022 147346 295064 286535 548142 625814 258639 787602 232616 495603 626487 488338 506697 347189 564936 219726 236193 588607 497043 251412 527785 416873 428041 97909 450718 563843 204602 470270
527789 307267 438327 562477 355671 266827 416186 264136 430609 490286 232203 324558 378039 999999999 373259 592644 315803 159220 336373 106288 226316 349403 473338 393452 355458 188413 547513 255298 505372 641285 495953 453493 327910 368775 384962 470905 407713 512540 431650 81905 605413 432063 335265 659268 764725 500417 303155 354202 218189 537145 171717 428842 352802 178849 442632 256457 278368 655894 516270 237013 477768 94148 394985 439626 200857 356628 136371 557996 239618 380265 344367 294692 169870 448377 133228 577529 398855 395761 186543 436070 401191 515779 654567 123914 406438 306307 215149 393152 577514 478956 484563 206580 296992 377236 427065 307836 385397 378631 373150 588530
791424 296696 661232 292492 586321 611604 699813 153544 358231 836639 588100 456373 547988 373259 999999999 477831 123319 214839 464958 463797 599187 518671 128582 533696 614402 371247 795225 301760 761014 395942 868350 613198 590839 599057 156598 795095 281547 477875 143571 369871 723380 450775 678888 383691 950603 642751 466202 653555 252868 743271 287965 701632 134483 517234 133107 474270 651038 382461 881070 505717 706415 425092 229848 384994 174416 252042 268446 694220 340204 124522 335649 641361 235913 681513 306524 826150 771779 98019 516805 389696 696897 258337 352712 444209 96055 207586 523273 387255 784096 120201 848311 534184 90929 173119 785102 450381 753026 749020 384797 390789
631211 731484 496909 256401 475927 656436 604031 576077 822936 816348 808626 340588 388558 592644 477831 999999999 381710 503486 864857 603405 759618 383486 579017 934187 524469 724875 610213 337348 599417 209182 949569 393682 520140 480007 322137 736154 210242 120424 343000 521496 395765 896517 914460 265958 641845 383238 375773 602146 382787 519247 422128 588709 604768 769502 362481 824122 775079 261322 1049964 501363 528379 685837 254010 154235 482321 259018 468048 401019 732374 353656 777412 874196 590737 521072 459658 632711 901364 575707 583890 850355 621166 253374 315837 715324 386439 321867 807571 207979 545684 430662 879879 587199 524535 308347 809522 354178 820778 905204 230087 133040
676022 352313 542798 257144 470606 521649 589532 195471 441501 741859 545963 335034 427062 315803 123319 381710 999999999 165759 499696 388024 538169 398391 251169 570094 502018 376212 677622 181990 644910 349791 795673 490736 479944 482917 76791 692718 173608 363883 115895 288066 600304 516660 645487 355613 827576 519575 347154 547912 142080 622232 186974 589302 228019 483312 127654 481656 582073 352933 831921 400182 587845 388921 128062 269833 127841 134606 186639 570902 366632 64603 397424 605695 231771 563858 215343 708301 708698 213652 426250 468645 589212 212316 342748 413688 95866 84395 502506 266036 662741 178068 763973 441646 143268 79483 697524 330083 673877 692640 262307 320178
617858 252053 502432 421745 420455 403016 515426 135567 368073 629451 383207 327798 408434 159220 214839 503486 165759 999999999 362101 250159 385536 377127 322594 430946 437565 222511 629019 193173 590362 510177 653514 482994 411287 434032 240691 595954 297891 450709 280297 161793 620207 411657 480804 520129 817894 523102 322538 461629 131097 595420 123387 521876 219968 318220 288540 325162 436260 517253 672971 319003 546603 223751 269783 362497 41798 246207 75220 580127 231266 229763 298383 441368 90784 518751 117325 660197 558058 250090 310374 385748 507480 376053 508498 248000 250373 184982 336906 332288 637231 320157 635325 329057 146159 237746 573699 315355 538871 537305 317984 469900
846751 174962 771475 747070 690023 554114 732802 314914 214658 743791 337121 653721 713829 336373 464958 864857 499696 362101 999999999 417210 418494 684628 481451 70402 684578 151069 871336 547830 828280 846088 660899 789593 657510 702802 574809 754825 656830 810715 593617 415395 940562 133711 360864 843116 1097529 836108 636137 667723 489867 870498 465093 749326 347929 274090 590987 108165 483220 841288 577097 570539 808817 265864 622220 724235 383338 606232 411518 893857 133404 552437 153881 343796 274236 779458 437288 899955 543417 409391 502500 192109 712736 706066 816727 246688 549623 543695 226339 690697 910032 582648 698902 520906 378791 579127 665137 637858 599977 498921 674430 819603
431444 410881 357177 616809 278658 160557 318053 367540 533288 384918 208634 292087 321416 106288 463797 603405 388024 250159 417210 999999999 160002 297258 571686 465787 268040 279056 454516 278067 411600 684486 407932 392227 241371 290580 448486 364936 442863 507564 500980 100564 546684 525241 313200 709943 681650 440960 262560 254080 263912 455799 211831 333128 456470 190712 515302 322594 194705 706119 457988 161022 392598 151566 442274 449661 289453 396078 201714 496497 337521 450213 445748 273837 275494 363380 175789 483543 323264 496252 85898 536490 300536 570336 712945 174358 482968 357788 243805 395903 494396 560960 385179 105184 394589 436897 324493 274808 289289 313677 374044 622234
467713 475155 439670 774806 376824 169235 358820 479746 586490 325443 95706 435112 442577 226316 599187 759618 538169 385536 418494 160002 999999999 424754 694226 445476 347527 320920 500301 438032 458151 844284 275175 503251 326984 385336 603029 345117 602845 658971 653184 257338 653837 546577 175988 868852 742854 551589 402080 296464 421889 530595 370019 380947 565679 144446 665768 310539 65739 865100 298312 280070 463583 193960 601168 606774 427146 555769 352404 601953 387872 601892 498097 144064 381425 437261 332545 524325 172600 614584 185645 580096 332639 728168 870057 192610 630946 515437 195300 551642 563204 704984 286218 191164 520117 592768 246766 418457 184539 155132 529552 782180
286554 621484 146919 512911 94669 287065 227295 509359 742280 433503 498729 65414 31308 349403 518671 383486 398391 377127 684628 297258 424754 999999999 647163 742855 142151 534384 282127 216939 253944 537937 571712 107030 136752 101744 411176 356405 322544 265536 468554 269234 256046 768887 597809 582212 441488 151660 54838 218678 270416 224892 254699 216777 584811 487901 491041 604553 420978 577485 691410 144743 191091 434003 357454 257583 391125 305978 303049 209576 575279 433091 665665 561243 456870 169876 263885 312086 538005 595502 239430 756544 240576 475247 608652 461606 479668 319578 539958 203103 266127 562118 497197 234176 497035 391162 427271 68336 444960 551206 186038 457555
918234 306833 789248 357426 713519 725520 824441 216104 321394 951854 669340 584955 676547 473338 128582 579017 251169 322594 481451 571686 694226 647163 999999999 544161 740218 424969 922889 430292 888141 459475 968021 741662 716073 726387 270134 915154 397448 594347 236372 483660 849564 430772 750656 432375 1078743 770694 594506 776010 380080 871823 411951 827223 140315 594447 216573 518025 750714 432559 962224 628931 834445 508215 344780 503634 286579 374620 386058 821597 376798 238623 332291 715959 314112 809273 426465 953883 865369 81339 632221 356347 820238 336202 387844 522096 196459 334860 589565 511353 912670 155501 956497 650479 177099 289393 895951 578895 858454 837832 510416 474807
890262 240226 822620 817135 742508 592676 776400 384683 256074 769766 356685 715054 771391 393452 533696 934187 570094 430946 70402 465787 445476 742855 544161 999999999 733774 214708 916761 614450 873562 916363 669413 846564 707157 754951 645202 788278 726598 878019 663623 474222 998859 152179 359689 912971 1147409 893763 695867 711032 557515 921434 530744 794212 413715 304109 660664 143584 507930 911187 567099 623106 858355 314813 692424 792448 453211 675808 477676 951230 203682 622732 212309 350280 343943 829160 501430 944586 552570 474568 549491 227184 754828 776305 885939 291713 619380 613390 250240 757666 960183 650588 716935 567022 448391 649519 689360 698852 621153 505633 740934 889970
180314 657445 92789 648114 48677 183605 89734 572952 781257 291881 435893 198528 137075 355458 614402 524469 502018 437565 684578 268040 347527 142151 740218 733774 999999999 542118 193729 323709 153314 678619 442296 168549 27583 47705 529179 214563 455621 405320 587677 290792 309597 787330 522992 721448 413636 213042 169535 80083 362049 188972 328807 87339 656751 446837 608868 590434 324579 716778 579762 121135 124588 419496 484577 398908 462709 431521 363531 257742 594989 546691 697432 491380 500863 95492 321005 224511 425794 678769 185201 789551 98822 608245 745205 442138 591439 432009 503156 343178 226575 675432 360535 169419 575270 510385 292230 192422 320710 447732 324671 598996
710325 155853 626478 631887 544021 428707 597094 219300 266301 636152 263926 502656 563886 188413 371247 724875 376212 222511 151069 279056 320920 534384 424969 214708 542118 999999999 732339 400246 689688 725970 588748 639884 514701 557076 452985 634220 520399 664213 481570 265366 790111 246220 329754 729983 952919 685998 485351 533062 344651 725385 316114 611758 284885 187577 483524 105685 386219 727595 547177 425078 665345 135412 490919 580097 251131 468645 263323 743841 67007 435267 177495 298480 144694 635933 286884 761801 474881 344485 364876 263087 579329 588074 710721 128605 442099 407443 167725 543622 765584 491302 606915 384236 280320 453810 562377 486817 504904 438042 526563 690829
40097 851015 135339 785295 210134 332487 142208 764586 974852 298316 595012 347493 257214 547513 795225 610213 677622 629019 871336 454516 500301 282127 922889 916761 193729 732339 999999999 495686 43209 795207 496956 219528 221153 196928 693303 210287 599906 492216 750619 484518 265540 978320 666874 844717 244209 228227 330691 207037 542830 96214 515594 122624 846908 620193 773156 773231 458895 839865 668474 314861 91270 605481 638132 519645 651888 587459 554274 229319 787088 714951 890650 641606 694450 113785 511817 31219 524717 865491 368884 982716 167663 750860 877671 625809 761348 600915 677018 472851 93179 844101 395528 350458 763260 673275 347098 349214 406020 559976 459838 711804
494828 444566 360808 349145 289678 374771 412638 310075 557222 581860 475816 155074 246275 255298 301760 337348 181990 193173 547830 278067 438032 216939 430292 614450 323709 400246 495686 999999999 463431 408026 665573 313345 303454 301691 206472 523736 165555 264179 264996 186840 436561 604800 581615 437411 652089 346699 165167 376862 63396 441535 85994 410479 376483 432678 285607 493641 465995 433309 735524 233343 405858 348604 173990 184838 191874 122649 136945 401205 421040 222982 491132 541004 283484 381947 122417 526329 595741 381083 284323 577030 415122 304321 447476 378166 267990 108376 470263 143423 482449 351858 617869 294998 286686 188589 548319 148627 537769 590655 126604 344169
32963 809630 108529 763282 174694 289900 99494 725865 933483 273019 552614 319193 231755 505372 761014 599417 644910 590362 828280 411600 458151 253944 888141 873562 153314 689688 43209 463431 999999999 778296 466945 205747 180414 162069 663944 182731 575298 479922 721741 443647 277419 935755 625870 826365 285129 223515 299476 163990 508199 106183 478879 79418 809016 577089 743955 730038 418081 821541 634381 274230 71047 562440 611385 500010 614367 559865 515951 235466 744855 684487 848915 599971 654065 84426 473427 72174 488334 829151 325892 940927 125793 727352 857137 582657 730509 569939 633919 450672 118913 813777 367418 307378 726330 644193 314694 319259 370275 522107 436255 695411
811050 687614 671082 104030 632412 776192 765230 533026 753450 964960 872441 480775 551845 641285 395942 209182 349791 510177 846088 684486 844284 537937 459475 916363 678619 725970 795207 408026 778296 999999999 1070446 575688 667816 639575 273091 893031 242519 308928 254936 588104 600998 846020 976490 57091 848722 574870 512693 749838 425098 709591 475798 753980 530207 818321 262835 831316 874021 52646 1142471 624540 708059 725905 246301 280540 475967 288556 505036 600814 714145 293662 729232 935856 581556 695677 514495 820400 1003760 484032 690030 785435 777436 140201 111446 753038 301624 335047 844585 335445 740067 304604 1014735 698694 470852 272795 944042 489317 941538 998002 354442 83732
456892 744544 511043 1014160 488901 295251 392706 754460 849524 203434 328218 608986 575651 495953 868350 949569 795673 653514 660899 407932 275175 571712 968021 669413 442296 588748 496956 665573 466945 1070446 999999999 608538 437773 489987 853445 286792 829068 835330 907498 507614 731794 794201 313021 1102750 726998 648793 573829 362863 666019 569305 614615 416777 840779 402082 922591 555169 217590 1098578 187087 450059 510608 468229 838378 806735 694326 788164 609633 682923 655448 857175 762947 319270 656286 495667 581435 507040 117489 888936 381268 838888 365397 968616 1112045 463344 890843 759027 437670 748644 585695 968724 103728 371764 792623 840369 154505 595737 129384 163855 726996 999382
237713 728444 106664 568692 128065 347935 224454 613947 849013 442727 584815 158871 76325 453493 613198 393682 490736 482994 789593 392227 503251 107030 741662 846564 168549 639884 219528 313345 205747 575688 608538 999999999 180847 122433 492932 355612 388358 274241 547973 374519 154458 875698 679006 625455 338864 48935 160688 246031 371156 138522 359963 204515 687188 582159 571237 706819 488369 620597 748102 232061 134702 535052 430979 301637 495108 383442 409426 104840 681946 518046 772684 644642 563731 129525 370730 245093 594010 694414 323515 863511 247756 536323 659531 561760 565112 408435 636013 258451 175682 645047 521891 313603 598380 472316 456079 168678 488931 614396 248356 492277
206699 629930 116952 633624 53181 167165 109598 546537 753751 298269 413575 187109 137880 327910 590839 520140 479944 411287 657510 241371 326984 136752 716073 707157 27583 514701 221153 303454 180414 667816 437773 180847 999999999 59017 509656 226203 440804 402242 568204 263386 327370 759822 502881 709254 440333 227504 155623 82588 339140 214715 304243 111345 630754 422005 589040 563923 307907 704636 568388 93822 151345 392673 467581 389527 437141 414345 337578 275419 567423 526182 669864 470341 473652 122048 295092 251855 414174 653684 159536 761980 112692 592870 731239 415638 570432 411820 478110 332769 253025 654500 360610 144627 549933 491213 290961 178949 313315 433573 313375 589308
193154 663982 70053 613788 13634 226058 125814 569470 787318 336970 470658 163530 91475 368775 599057 480007 482917 434032 702802 290580 385336 101744 726387 754951 47705 557076 196928 301691 162069 639575 489987 122433 59017 999999999 503974 256478 422439 360284 562131 297606 268605 800166 561310 683946 395997 168567 139340 127666 346331 168405 318822 115254 650705 475673 583991 612433 366893 679221 625792 132269 112781 440187 454773 359110 455501 402331 358938 216678 606499 523549 705559 528315 503628 84736 316717 228092 471655 668568 212868 797640 141161 575332 709950 464584 569271 408793 531219 304841 209115 652810 407858 199830 566477 484544 339813 160622 367993 492102 287547 558909
696070 422779 558049 181073 492687 571374 618511 265803 504018 785612 616713 345833 437100 384962 156598 322137 76791 240691 574809 448486 603029 411176 270134 645202 529179 452985 693303 206472 663944 273091 853445 492932 509656 503974 999999999 729917 127359 324404 58549 347946 586009 585637 717747 279504 822876 515437 364805 583195 187941 629177 238862 615335 283176 556313 80032 558446 643180 276699 899217 438261 602215 462230 74727 233595 204123 110339 251026 562458 442123 32251 466776 677641 308482 580617 272796 723183 771435 254592 477109 533046 621555 135727 269772 487780 75400 98874 577530 246124 668174 152119 815206 490750 207668 20732 747074 344693 728945 758095 248894 247225
170194 774734 249548 859674 261846 206162 132630 725039 895909 90750 439531 412434 347713 470905 795095 736154 692718 595954 754825 364936 345117 356405 915154 788278 214563 634220 210287 523736 182731 893031 286792 355612 226203 256478 729917 999999999 666826 616098 788301 434616 456731 876042 490959 935233 443455 387257 381760 147071 550677 287984 508298 151097 813292 484212 808186 648964 288926 930595 461884 292735 236308 499020 692090 613471 629039 638799 529098 411201 697187 743842 807474 473091 638006 228875 489054 220771 325158 845821 287798 896562 115833 818545 957397 511414 786270 631163 538542 557599 300346 870085 185360 268224 741409 712319 140385 405040 207020 365754 538790 813559
608154 521280 466964 192849 413059 535877 544904 366278 614849 732980 635711 258909 343611 407713 281547 210242 173608 297891 656830 442863 602845 322544 397448 726598 455621 520399 599906 165555 575298 242519 829068 388358 440804 422439 127359 666826 999999999 197081 170161 348269 465833 686336 740876 274247 707771 404079 286093 520645 189596 526802 237595 537430 400555 586493 193629 622266 631524 269948 900727 387050 508943 497008 52669 106945 273521 52254 274119 446694 523810 159242 567284 700153 382656 490873 276720 628358 761252 378787 448091 641434 553087 152898 290816 525530 201669 113273 618224 130640 563613 269537 776761 457414 316853 108813 706421 263258 700535 756003 140407 181133
511953 695033 376652 325298 356673 544678 483827 546455 798170 697049 715747 228612 268815 512540 477875 120424 363883 450709 810715 507564 658971 265536 594347 878019 405320 664213 492216 264179 479922 308928 835330 274241 402242 360284 324404 616098 197081 999999999 363063 435544 295803 858939 820749 362477 544334 267388 263747 483703 320916 403147 349596 468320 591675 684037 385804 757512 668873 357617 943542 390985 408882 606684 249677 94118 438567 229336 401062 292044 681749 356323 741819 781196 541275 400883 383487 515706 792765 574376 478092 822171 501376 305654 404353 636451 398144 287232 726767 120828 431969 460672 762724 479312 504467 305813 692709 243754 707273 799795 139576 225478
753959 432753 615472 153591 550937 627815 677038 279141 501593 843351 661781 403149 493971 431650 143571 343000 115895 280297 593617 500980 653184 468554 236372 663623 587677 481570 750619 264996 721741 254936 907498 547973 568204 562131 58549 788301 170161 363063 999999999 400496 635268 591402 760878 249810 874995 568638 422871 641640 243890 684955 293791 673757 277800 598456 23616 587196 695562 247822 947644 496424 659442 503995 119719 276665 240621 164562 300896 614042 463170 51403 474321 721219 337341 638216 326074 780344 822998 237947 533140 532679 680096 115498 229871 528169 47547 157141 615797 296615 723525 99475 871444 547240 216245 77593 803697 402502 783959 807908 301599 247646
468667 367051 367657 517521 284136 242182 361149 291255 490743 468250 288977 242653 298543 81905 369871 521496 288066 161793 415395 100564 257338 269234 483660 474222 290792 265366 484518 186840 443647 588104 507614 374519 263386 297606 347946 434616 348269 435544 400496 999999999 525210 504002 394780 611580 692750 420742 221705 303760 164551 465492 112731 370459 378965 248917 415069 338292 295268 607855 555507 169682 409146 173680 343957 367396 197420 299671 102937 478538 309903 349829 408042 354183 211006 380034 75464 515239 423602 411873 148642 500162 350395 470919 613130 203179 383397 258183 291606 317847 506583 462495 479282 167267 307872 336551 415278 225944 386544 412248 297057 529033
300282 870163 223984 620277 277088 493136 339166 745790 988266 547453 737632 293089 227699 605413 723380 395765 600304 620207 940562 546684 653837 256046 849564 998859 309597 790111 265540 436561 277419 600998 731794 154458 327370 268605 586009 456731 465833 295803 635268 525210 999999999 1021899 829824 656112 248550 105829 305273 378899 498737 171826 497137 315019 812448 736553 658866 860045 634154 651294 884494 386397 221779 688724 515604 362335 626718 476654 549388 51954 829158 614955 915411 796414 705122 236564 513462 276357 731732 811790 476933 1004963 366941 597212 699856 715721 661168 515909 790470 339902 177162 734721 637249 466079 722312 565448 577289 306988 620492 756398 339189 518816
956544 165086 869980 743053 786898 672063 843293 321189 114731 870546 468924 729642 799376 432063 450775 896517 516660 411657 133711 525241 546577 768887 430772 152179 787330 246220 978320 604800 935755 846020 794201 875698 759822 800166 585637 876042 686336 858939 591402 504002 1021899 999999999 494113 834069 1196098 920040 717108 779154 542578 968542 529316 857951 318358 402491 583558 239531 611969 832982 708933 668934 909812 378393 644480 767660 420382 639372 475387 977968 194130 558461 119244 477504 321484 880427 508809 1007893 676753 373126 611086 80948 825293 706869 799749 364642 544416 576920 358010 742697 1009202 558242 829708 630407 378232 594438 793205 715097 729797 632536 729268 832523
631975 478336 614714 896898 552802 341950 527708 537089 565460 446961 105906 602668 616996 335265 678888 914460 645487 480804 360864 313200 175988 597809 750656 359689 522992 329754 666874 581615 625870 976490 313021 679006 502881 561310 717747 490959 740876 820749 760878 394780 829824 494113 999999999 994135 910912 727440 571092 467909 552274 703843 503289 550911 611989 162802 769274 263351 208029 990829 219989 453220 636827 257144 730199 760260 521447 690600 471627 777939 389810 709976 485177 40723 443711 611254 464160 688755 199299 669387 358550 548926 500221 850306 987422 235064 730518 641566 162090 707938 734955 794706 375086 365993 590741 711308 365524 585594 292607 150257 686291 922009
859234 679544 718539 98474 676153 810081 809125 528289 736992 1004784 891406 522955 597822 659268 383691 265958 355613 520129 843116 709943 868852 582212 432375 912971 721448 729983 844717 437411 826365 57091 1102750 625455 709254 683946 279504 935233 274247 362477 249810 611580 656112 834069 994135 999999999 904178 626751 553648 790629 447128 760678 498854 798903 516001 833922 252608 835666 901945 4875 1167086 660838 756607 740353 267706 326571 483418 315244 523077 654506 712976 294726 719312 953717 585335 743100 536742 870513 1031676 465578 721514 769948 820085 144249 57743 766503 293648 354287 856802 379111 792074 281034 1050864 731361 464736 283415 980433 530306 974488 1023489 396836 137327
280762 1057183 326442 868384 409214 574000 384090 950816 1179693 523702 836800 497707 410304 764725 950603 641845 827576 817894 1097529 681650 742854 441488 1078743 1147409 413636 952919 244209 652089 285129 848722 726998 338864 440333 395997 822876 443455 707771 544334 874995 692750 248550 1196098 910912 904178 999999999 308288 496325 446949 709894 227593 696090 362032 1025677 857213 898585 1004056 703003 899376 905323 527843 289055 833005 755533 607310 832577 712546 743182 261105 1002291 850085 1099769 885057 894362 318287 702656 224945 765826 1033165 598383 1191622 410915 844103 948377 855764 896988 744170 913955 578479 187500 973923 623429 581630 937130 802147 583688 506862 646815 802764 574001 766974
253231 770782 139080 576716 175389 394624 259395 652050 890404 476277 633635 195688 122379 500417 642751 383238 519575 523102 836108 440960 551589 151660 770694 893763 213042 685998 228227 346699 223515 574870 648793 48935 227504 168567 515437 387257 404079 267388 568638 420742 105829 920040 727440 626751 308288 999999999 203083 288080 406759 136038 399723 237431 722777 631012 592148 754526 535405 621875 792603 280961 154938 583028 449831 309647 532865 405136 450580 57955 726661 542147 815480 693275 605775 158396 413057 249576 638757 726942 372400 905822 284736 547372 664263 609941 589126 435965 684763 273529 165325 667036 559354 362313 633261 494709 495232 207772 531573 660440 267041 491139
331389 568042 195659 478676 128574 281179 258964 454533 688353 452333 469094 35260 86066 303155 466202 375773 347154 322538 636137 262560 402080 54838 594506 695867 169535 485351 330691 165167 299476 512693 573829 160688 155623 139340 364805 381760 286093 263747 422871 221705 305273 717108 571092 553648 496325 203083 999999999 237193 216357 278684 199913 252679 530106 451352 444836 559488 406504 549036 680545 127356 240690 391021 316004 236417 336293 263294 248748 260941 524000 385012 612539 533151 403186 217072 210232 361241 529158 541530 217446 703112 267226 438720 575984 419437 431095 270530 501395 178744 320147 514301 507024 216664 442537 345278 436265 23380 445009 537565 158541 435118
179266 661408 155012 713455 128198 127254 65381 594448 784809 215704 389885 269403 216579 354202 653555 602146 547912 461629 667723 254080 296464 218678 776010 711032 80083 533062 207037 376862 163990 749838 362863 246031 82588 127666 583195 147071 520645 483703 641640 303760 378899 779154 467909 790629 446949 288080 237193 999999999 405875 236450 365660 85072 681265 413171 661739 567710 262593 786041 505820 148066 169700 402549 545098 472013 491866 491811 391286 327846 591210 597705 698247 439732 513495 146131 349871 233818 352833 709525 168617 789582 47051 671932 811416 421249 640670 484545 469991 415092 267133 724641 280554 148949 605013 565447 212156 260572 243494 378755 395470 671677
538557 381583 409569 353030 333520 383930 448579 247192 493827 601196 447646 212318 300915 218189 252868 382787 142080 131097 489867 263912 421889 270416 380080 557515 362049 344651 542830 63396 508199 425098 666019 371156 339140 346331 187941 550677 189596 320916 243890 164551 498737 542578 552274 447128 709894 406759 216357 405875 999999999 495030 52084 449375 316187 396910 261408 441716 457865 443441 720011 258102 454762 307738 179714 235464 128595 138475 85687 462131 361106 195766 428227 511567 221832 429276 89663 573849 587029 325174 289311 513737 447477 306481 449048 336518 236081 93887 429266 201541 536441 319577 627574 303371 227238 174351 559839 203279 541059 576768 186889 370345
128650 830914 99025 706582 181645 362001 182823 729832 953863 378600 621780 287199 195288 537145 743271 519247 622232 595420 870498 455799 530595 224892 871823 921434 188972 725385 96214 441535 106183 709591 569305 138522 214715 168405 629177 287984 526802 403147 684955 465492 171826 968542 703843 760678 227593 136038 278684 236450 495030 999999999 475656 158032 807830 635681 708070 778385 499029 755806 731397 300343 67038 606691 568812 439174 613054 520426 520276 133189 774801 653284 873038 674545 669094 94132 478916 114092 581956 820202 374075 965021 211744 674731 796421 630152 700258 541685 692075 396972 41813 781213 471477 358366 720938 608682 415571 292992 466040 612083 386639 625890
508053 373489 385312 405055 305498 335041 412502 254748 491201 555038 398140 204451 285971 171717 287965 422128 186974 123387 465093 211831 370019 254699 411951 530744 328807 316114 515594 85994 478879 475798 614615 359963 304243 318822 238862 508298 237595 349596 293791 112731 497137 529316 503289 498854 696090 399723 199913 365660 52084 475656 999999999 415515 332585 350348 310338 407928 405830 495125 668232 217754 430144 263918 231229 270561 137449 187808 54197 456747 341185 244541 419222 462567 208883 403246 39131 546798 534953 350298 239853 508006 408959 358534 501131 293293 282565 145969 385751 228773 517431 364962 578096 254811 247668 225968 511020 192000 490254 524813 210840 418728
98948 734552 98739 729001 124419 211969 24841 656830 858355 238976 474774 278587 202702 428842 701632 588709 589302 521876 749326 333128 380947 216777 827223 794212 87339 611758 122624 410479 79418 753980 416777 204515 111345 115254 615335 151097 537430 468320 673757 370459 315019 857951 550911 798903 362032 237431 252679 85072 449375 158032 415515 999999999 741605 497815 695171 650708 344057 794165 574020 203018 94528 483561 568682 473441 548357 515914 448575 266524 667887 633418 773023 523709 581451 79739 406147 150631 423978 765021 247269 864866 53733 690324 825204 503464 678384 518641 554650 419811 184738 762321 323360 228483 661224 596314 262272 274767 308663 454250 402749 672792
837047 173505 717817 426531 637253 615286 735387 88934 223799 841164 533849 528443 615758 352802 134483 604768 228019 219968 347929 456470 565679 584811 140315 413715 656751 284885 846908 376483 809016 530207 840779 687188 630754 650705 283176 813292 400555 591675 277800 378965 812448 318358 611989 516001 1025677 722777 530106 681265 316187 807830 332585 741605 999999999 458040 267437 378054 624975 515020 825489 538883 762547 375233 351757 497563 195270 362352 293221 777668 237021 252643 206848 578082 184934 735351 335747 878125 734633 61944 525864 255256 727293 392805 481535 386638 230257 306562 450390 489063 849542 240646 836897 545195 90241 296449 779815 518817 736771 704660 482083 524192
591286 343318 538936 736236 464633 290661 478307 378972 448004 469712 76818 479020 512074 178849 517234 769502 483312 318220 274090 190712 144446 487901 594447 304109 446837 187577 620193 432678 577089 818321 402082 582159 422005 475673 556313 484212 586493 684037 598456 248917 736553 402491 162802 833922 857213 631012 451352 413171 396910 635681 350348 497815 458040 999999999 606576 166291 209538 830733 367781 350167 570087 94469 572242 615722 358706 535247 313695 685954 253763 547695 360936 124226 283328 541701 311552 646735 287414 513149 262912 439154 455037 689805 825703 73127 567730 483401 56836 566764 672094 632270 427858 277473 430098 550619 391194 461700 327383 250802 545933 767170
776096 427124 637942 159497 572674 645106 698081 276077 490949 862039 671365 425663 516708 442632 133107 362481 127654 288540 590987 515302 665768 491041 216573 660664 608868 483524 773156 285607 743955 262835 922591 571237 589040 583991 80032 808186 193629 385804 23616 415069 658866 583558 769274 252608 898585 592148 444836 661739 261408 708070 310338 695171 267437 606576 999999999 588890 709569 251045 958902 515911 682023 512142 143333 299989 247894 187795 314214 637643 461927 65797 467548 729905 340212 660575 341358 802965 836346 223900 550124 522692 700674 126237 227433 535548 41619 177329 621910 320223 746742 75921 888420 564637 212279 99882 821081 424698 799883 820125 325107 262277
746971 222469 679690 737554 600144 450593 633057 321063 302126 635946 229471 580857 632346 256457 474270 824122 481656 325162 108165 322594 310539 604553 518025 143584 590434 105685 773231 493641 730038 831316 555169 706819 563923 612433 558446 648964 622266 757512 587196 338292 860045 239531 263351 835666 1004056 754526 559488 567710 441716 778385 407928 650708 378054 166291 588890 999999999 375110 833272 482931 480980 715021 172450 594708 676541 355836 570203 357583 811643 141291 540946 223047 241384 250352 685869 374889 801140 437848 439383 405959 286604 611775 693661 816193 148296 547404 509917 118544 636697 816930 594471 590913 423441 383559 558897 557069 564219 491824 394618 618455 794809
