NAME : synthetic_000717
TYPE : CTSP-D
DIMENSION : 100
GROUPS : 8
RELAXATION_LEVEL : 1
EDGE_WEIGHT_TYPE : EXPLICIT
EDGE_WEIGHT_FORMAT : FULL_MATRIX
EDGE_WEIGHT_SECTION
999999999 242267 427474 478019 146458 698219 192751 468237 487081 459019 774511 711462 463022 569187 521352 377162 689728 681475 572301 563910 111507 450844 628329 611222 768572 198641 118550 450646 130919 762673 537949 450641 413596 100928 375242 564466 680051 829134 306140 113409 110011 453976 474683 847913 600217 712961 389360 686399 123512 540680 627283 335072 479909 291673 259277 317096 381959 429333 467125 485017 450093 360400 780538 167166 363473 505793 508619 803623 464484 684287 629905 254760 635544 526256 628626 493181 390552 130539 445348 660469 156511 212270 358174 302052 434322 291802 674465 542515 342021 197766 437763 552373 764766 57359 752690 504167 659603 249178 162215 267161
242267 999999999 202705 401991 317349 483815 340087 605584 626334 508366 548313 469232 582304 327958 487903 439639 557374 453945 331015 378022 304967 413314 570920 403389 531477 52265 177827 557377 253373 523767 492690 542247 461554 268069 194331 391390 465927 596730 424806 343987 187682 211922 235980 605904 432913 606550 548913 556322 118870 344370 388147 379648 392890 98552 471962 426281 175954 455154 481127 266885 543427 411201 612892 391325 352936 351907 461313 561397 351298 472136 431616 115412 405981 404010 544297 255143 185975 112070 442970 444060 92755 260288 338998 93033 311797 210586 464460 554714 342768 47715 360016 363411 632957 184916 529804 546008 454279 58813 367903 152401
427474 202705 999999999 331208 457010 281223 461316 678223 698501 524609 348165 313778 643189 168882 437538 479697 406670 383954 215875 195901 504616 376205 485814 388880 419176 254929 329599 611492 389974 341986 430736 586619 643989 468910 291077 434819 427927 497550 624160 512345 341092 128056 175412 456335 476104 474102 644691 407703 308361 155681 210902 421280 313564 243045 615919 624282 60008 630611 473384 267404 588982 449006 430822 587269 524309 426738 403704 408355 464197 437459 235938 185968 336991 285069 438359 86556 253420 300937 429580 404250 293394 350980 342502 125451 425743 230378 435309 532661 361799 235454 300351 179889 477129 372040 463498 721790 435833 239497 517619 197542
478019 401991 331208 999999999 399203 407058 368169 443438 460088 243334 508296 598154 397530 475439 107983 244663 230842 711832 539845 248805 588423 71609 168949 719041 729408 432152 363415 362080 360297 578198 99628 328765 844239 568155 577892 753108 758990 811168 770524 493549 369772 458022 505350 731293 795465 236165 451135 225595 420408 267934 485709 215903 21349 494295 516372 777863 287051 845088 174700 591475 332248 223257 356561 635816 748508 731802 73171 683833 747845 768600 314296 288894 666191 97617 151461 406745 551897 415676 136164 735341 442631 274441 133991 324354 707838 201640 766516 212331 161192 391048 42883 252361 299270 448755 790336 933350 766708 460762 456752 253764
146458 317349 457010 399203 999999999 698670 48217 323019 342292 324870 786604 764985 316566 618411 416460 243724 626699 771238 639072 546428 242143 354693 527871 716409 844535 291407 139666 304692 67444 798662 437435 306474 557662 243631 488521 685590 781436 912625 441060 97099 129675 519341 550258 906428 723946 633491 247975 622144 214792 533467 667545 213966 407017 394844 159370 453875 400864 574995 345428 582344 305672 233130 736918 253968 509494 632267 411525 859609 600166 787085 618191 271260 723130 468945 541691 536387 494177 218535 332637 760089 258740 130662 266492 339589 567206 256728 778666 417009 242575 270078 365141 538237 697841 171384 847081 647534 766663 347252 63408 263170
698219 483815 281223 407058 698670 999999999 689838 843056 861067 649701 101295 267847 799370 241795 502129 637491 303820 459938 317011 163239 782967 477230 485636 529824 416255 535966 589601 764204 635912 198586 481395 732311 914399 748258 539085 620036 531585 494652 904291 769850 600745 340540 369412 364295 654035 390590 835096 309531 584543 165666 191594 591961 386056 515643 850422 903764 317020 896835 581757 462598 735600 610437 229637 862370 790510 638343 469088 323608 697984 542604 92815 444440 432212 311696 416943 256048 495831 577157 542203 512413 573522 574220 498664 400754 664061 443196 547567 611137 526566 514047 405292 166046 339644 645332 520445 986690 560205 518962 761963 439932
192751 340087 461316 368169 48217 689838 999999999 281220 301049 277462 780836 773123 271455 626513 376543 196812 598028 791728 652768 533529 290350 318484 488407 742706 859788 320178 164219 257920 88162 800691 398684 258610 605233 291183 519461 717967 806004 930165 489277 140336 156182 534096 567911 915351 757178 599649 211913 593124 247169 524173 672137 171641 377874 423845 160632 502080 403154 621975 301039 606895 257890 188170 713537 299715 554366 666981 374158 867938 638845 812136 606233 278465 743174 443999 506233 543640 521809 249870 291162 784137 291371 115669 234207 350016 604813 246962 804270 371217 208098 294165 336990 526572 667430 211697 868804 695279 793371 375768 89670 264077
468237 605584 678223 443438 323019 843056 281220 999999999 20798 207706 942959 988678 48472 846704 377981 206278 650164 1042891 888670 680116 550448 371926 467810 1007421 1095724 594385 439410 82765 366440 993699 405302 117609 870712 560350 793803 993071 1066533 1171649 742171 381350 433183 776445 816383 1130156 1033265 613245 89946 643418 525850 687357 879048 258905 462837 696641 266215 757049 618477 891709 278275 869710 113837 235030 789143 528336 831682 945053 400188 1081744 919782 1073656 750855 518568 993931 540817 519671 764763 791290 527763 308770 1043743 569687 346672 348204 591061 885295 448318 1067029 295488 322881 563225 438180 679346 700139 492777 1122088 958265 1058475 648664 316429 491376
487081 626334 698501 460088 342292 861067 301049 20798 999999999 221899 961154 1008666 62688 866907 391766 225125 664103 1063616 909191 698274 567794 388496 478925 1028213 1116178 614944 459843 98098 386639 1012979 418952 132279 888006 578423 814405 1013668 1087328 1192200 758473 398473 453527 797111 837113 1150044 1053821 625194 104167 657295 546141 706095 898872 278698 479717 717275 279452 773503 638795 909444 292877 890505 128612 254255 803710 543584 850427 965477 414993 1101627 939787 1094453 768735 539321 1014658 557606 532366 785050 812016 548113 324814 1064535 590022 367468 367324 611787 905422 468717 1087827 305834 342334 583909 455936 697737 712710 512443 1142830 975226 1079266 669283 333858 512039
459019 508366 524609 243334 324870 649701 277462 207706 221899 999999999 750762 821875 159612 687300 170303 81914 442467 905636 740444 489133 564499 172480 265434 889522 942074 514876 380819 125013 329766 813677 197668 90103 870696 559941 702563 897233 940748 1021614 763335 416344 379940 638902 683416 960042 939345 407677 240979 435714 465761 502635 709650 132126 263966 606582 368096 775224 468116 882866 71125 753088 93888 101851 581810 576508 803388 860272 193231 911845 853292 949155 556888 400430 857456 340651 312919 609460 689363 464704 107498 917179 504159 264717 183013 465195 815126 310582 944556 103887 169123 476071 247026 490714 493326 458935 985580 961740 939955 561929 357059 365779
774511 548313 348165 508296 786604 101295 780836 942959 961154 750762 999999999 224463 899654 257733 603181 737060 393403 431672 319517 262883 852345 578322 583161 519092 364590 600417 670809 864570 722214 129109 582160 832910 954930 816126 572169 621109 507168 436362 958701 853003 682169 376313 394456 287269 650621 479337 932805 399664 656498 259491 192923 690231 487262 564995 940955 956571 393424 933719 682987 477690 836168 709589 295319 935423 828767 649832 570273 253608 717987 517947 194002 524616 413765 412973 513780 300579 528284 649073 643272 491044 640413 665244 597233 472877 687441 533945 525127 712153 624740 583502 505760 264002 418442 719746 480441 1021492 541325 575869 849513 524622
711462 469232 313778 598154 764985 267847 773123 988678 1008666 821875 224463 999999999 951551 146680 704802 786350 560863 208514 148785 363050 764793 658492 717621 305491 148581 515723 630720 918691 697540 104514 690179 891637 797766 726049 418947 416148 284671 228555 829641 809434 642014 258633 249366 142564 440293 646620 958207 565649 587970 333114 112657 730073 577277 446627 924343 824033 373596 770541 762767 300965 894291 756050 497141 855166 671235 456602 669718 94816 534207 295248 326436 494937 197301 518693 654012 229510 377958 581021 719279 270256 558777 664469 645218 425430 510054 543136 303303 810371 667732 514266 579735 353901 605059 654103 256850 852744 321158 474281 823298 510672
463022 582304 643189 397530 316566 799370 271455 48472 62688 159612 899654 951551 999999999 810981 329779 165609 602050 1012734 855605 636785 552051 325926 419437 981624 1061862 574901 422267 35451 352368 953441 357058 69693 871572 558625 773207 972286 1039079 1138759 747270 385056 417101 745393 786518 1092445 1013052 564774 113858 595280 509860 645484 841112 221957 417248 675698 284554 761538 583828 890605 230430 843738 65991 195582 741338 537978 825724 926627 352496 1044024 905447 1046515 706916 489869 963836 495084 471232 729710 768272 511135 262141 1016053 553046 322025 307901 561446 869960 414703 1040340 247400 283962 541712 394098 636560 651692 482241 1092273 960352 1032675 628086 319604 460792
569187 327958 168882 475439 618411 241795 626513 846704 866907 687300 257733 146680 810981 999999999 583405 646663 484139 246128 79095 265982 629146 530044 611798 293305 255369 376670 484806 778826 550969 198559 572005 753037 699113 590926 315313 378357 307776 336309 712343 664603 496153 125687 136873 288864 413033 564917 813410 487497 445800 227247 67061 589039 455503 319765 777779 708690 228886 676790 631818 222795 755526 616092 456750 717905 572482 397855 548448 241464 461808 318577 257257 348264 207145 407282 553910 83162 271517 438685 587943 285974 419438 518437 507300 278953 430248 399230 320824 685151 528222 371432 451601 252788 541656 511926 320533 764051 329443 340289 677002 364559
521352 487903 437538 107983 416460 502129 376543 377981 391766 170303 603181 704802 329779 583405 999999999 205821 272338 819368 647605 349937 632777 75487 111936 823859 837190 511225 416124 295317 393574 680778 27473 260399 910844 618140 671997 853126 865455 919022 824213 513558 419989 563340 610491 836390 895623 240720 405141 265532 486122 372897 592588 205615 128068 583883 504976 833335 390686 915571 100910 694199 264189 197001 412573 666887 823742 828117 35111 789260 838313 874941 410473 372528 773467 191661 144442 514409 648990 482553 87269 841769 514799 309135 164808 418594 798494 278239 872539 109034 179458 469683 138154 355323 323985 502387 898034 1001352 872076 546411 465722 335660
377162 439639 479697 244663 243724 637491 196812 206278 225125 81914 737060 786350 165609 646663 205821 999999999 466103 854123 693679 474358 482652 175371 314219 830083 898846 441680 302064 132343 248267 788043 232199 107384 789205 478076 633797 830695 884488 976626 681445 336603 300470 586341 629044 927012 872423 445490 206765 459916 388300 481079 675659 60954 262467 536822 302158 693312 420889 801852 112245 692577 109525 30749 599268 496454 723782 790631 216833 878594 779535 892417 545621 337166 805428 340197 348880 566030 623582 387717 120735 861151 428022 187353 142357 405961 741956 254271 887019 175680 118628 404245 233940 473257 525379 378274 933969 880198 880923 490925 279229 304912
689728 557374 406670 230842 626699 303820 598028 650164 664103 442467 393403 560863 602050 484139 272338 466103 999999999 728702 562128 221426 796448 292310 206920 771291 708173 599958 571475 567429 582079 502261 245224 532555 1018441 771244 695627 835826 791855 789294 964848 718848 579717 525391 569492 667887 875666 86780 671819 7266 610834 263517 462093 445242 220170 632381 747166 969808 393912 1012443 372099 667181 536329 448863 142487 853356 909206 832862 251346 626124 869741 802616 234947 461662 691281 163561 138897 447286 659649 604783 346876 769823 622129 498415 364399 465656 830740 398485 804438 368939 391993 562872 261602 236557 76248 652058 798997 1103376 811561 611918 685831 434614
681475 453945 383954 711832 771238 459938 791728 1042891 1063616 905636 431672 208514 1012734 246128 819368 854123 728702 999999999 172813 512041 705045 760039 855629 116304 118791 486055 631605 983294 706509 312163 810408 961464 658245 666534 321082 233364 76338 150939 720659 791372 641603 267784 226519 249007 246907 810525 995864 732342 565274 473286 271383 793792 692921 390187 925247 711439 437895 625126 856911 197913 963476 823461 687686 797239 537876 290167 784932 232403 375585 86776 497288 524490 48965 650698 799286 305147 294105 559712 813209 65298 526009 698560 722639 451830 362849 599854 95521 916488 739091 501438 683476 498915 783068 626870 79955 697873 115562 432695 821068 551987
572301 331015 215875 539845 639072 317011 652768 888670 909191 740444 319517 148785 855605 79095 647605 693679 562128 172813 999999999 342588 619315 589975 682904 214549 207862 374262 501133 824735 572111 233985 638074 800931 653413 580400 271586 304358 229957 283154 681057 674741 512061 120045 101336 276368 337202 642000 848700 565317 449555 302604 128772 634353 520688 299077 797418 675655 273070 627919 688829 160603 803176 662932 535377 710443 526487 330332 613004 234103 400509 240633 336350 376151 130278 477969 627160 133310 229806 442929 644960 207713 417172 550716 558090 303292 372270 440912 242326 746230 576567 377782 512649 328778 620515 515162 250533 712454 250419 329417 694432 398619
563910 378022 195901 248805 546428 163239 533529 680116 698274 489133 262883 363050 636785 265982 349937 474358 221426 512041 342588 999999999 658420 317151 354593 549998 504517 427312 449255 601727 486658 330862 332196 570223 834471 626838 486576 615694 572535 586873 801907 623906 459811 306225 349141 488522 655080 299443 672136 223999 460356 42543 254664 428860 227485 435885 694003 803998 202234 823275 422630 447307 573452 447204 236571 730815 717476 616064 315543 442252 658766 583180 73219 310560 472562 158843 292005 226104 447801 453284 381832 550138 458762 418665 335500 286031 620770 289767 584466 458402 363532 397216 243085 16090 286251 515215 585150 914638 590857 425150 609805 297542
111507 304967 504616 588423 242143 782967 290350 550448 567794 564499 852345 764793 552051 629146 632777 482652 796448 705045 619315 658420 999999999 562343 739824 620198 802970 253719 225897 544023 240801 826864 649456 548069 320265 39019 385265 553953 691487 855650 199070 169460 218798 506810 518336 895073 584627 822594 465422 793400 199003 631624 691538 443952 589598 321962 308699 211734 466532 342356 576557 507550 547108 467958 881560 92318 297017 488886 620105 853403 431401 694030 721057 348184 662455 632909 739370 559668 411478 206298 556087 674354 212275 323648 469675 382214 408629 397996 682848 651283 453385 269292 547693 645826 871972 145173 769980 408350 665011 290512 234019 366715
450844 413314 376205 71609 354693 477230 318484 371926 388496 172480 578322 658492 325926 530044 75487 175371 292310 760039 589975 317151 562343 999999999 177488 758319 785291 435841 342875 290476 325425 644100 87388 257176 836119 546184 599163 782943 802728 866328 751736 451273 347284 499325 546002 794132 825477 282049 382126 286391 411106 332809 545837 154569 91694 509855 458565 760472 325578 840430 105792 626512 260651 156579 423910 600866 748291 755940 57900 746274 764180 811923 384415 297903 713195 169207 187767 456815 577491 407422 64991 779005 439367 239631 92674 346659 724441 203157 808878 156458 112393 394308 78802 319403 355378 429286 839391 926497 807269 471667 408135 260930
628329 570920 485814 168949 527871 485636 488407 467810 478925 265434 583161 717621 419437 611798 111936 314219 206920 855629 682904 354593 739824 177488 999999999 874282 858253 600214 519352 387094 502436 677594 90871 352644 1008952 723308 745310 915990 908751 940671 928448 624940 524176 613868 661197 839922 958080 148188 506077 199657 583766 387277 608713 317543 179861 663025 615415 936857 448497 1011303 203658 751507 356465 307950 348253 777109 916094 897779 119757 794758 916186 918821 400412 457450 812314 204935 70091 552786 717841 579539 198710 885389 608721 416951 270162 492455 876168 367795 917949 173520 288329 558912 211055 364413 238237 605748 931982 1098722 920244 629701 577642 421864
611222 403389 388880 719041 716409 529824 742706 1007421 1028213 889522 519092 305491 981624 293305 823859 830083 771291 116304 214549 549998 620198 758319 874282 999999999 235030 425163 578890 954632 655113 409635 818667 936167 545508 582769 237069 117223 71774 254658 616047 723877 587786 261122 213732 364784 135158 848337 952295 773988 503369 508375 338636 769129 702007 322598 864181 605745 433275 511336 848057 137889 937776 800026 749921 711279 427873 175141 790769 345120 261089 73854 550047 493172 108296 671500 824135 326080 222613 498814 805380 59142 460963 660795 708075 424684 251797 578991 63275 913473 720489 448559 685753 535216 832466 559906 154881 582327 51062 369440 760649 525345
768572 531477 419176 729408 844535 416255 859788 1095724 1116178 942074 364590 148581 1061862 255369 837190 898846 708173 118791 207862 504517 802970 785291 858253 235030 999999999 570149 705645 1030491 777983 236106 824616 1005793 775435 764045 425387 351875 184168 82419 832572 874867 716327 325714 295502 133165 363143 793472 1056560 712783 648044 471120 249860 840147 709123 482187 1001980 824107 478105 742926 887173 298583 1008157 868141 645210 895240 653718 408763 802125 127614 493926 192212 473296 583912 145939 656118 796517 333094 392830 641841 843290 180861 612071 758566 761100 510934 479805 647511 204159 940043 780950 579044 706742 493940 753542 712285 124427 816498 227327 520213 898381 606386
198641 52265 254929 432152 291407 535966 320178 594385 614944 514876 600417 515723 574901 376670 511225 441680 599958 486055 374262 427312 253719 435841 600214 425163 570149 999999999 156168 552385 232022 573625 518473 540316 418914 216399 199697 398831 491047 632080 374621 305673 164036 257187 276061 650374 438880 645160 531770 598527 79272 394746 438128 383546 425058 103728 440437 376775 226039 415503 494519 292598 541140 414883 660955 341310 316556 351795 486928 606752 338416 496357 482568 143789 439195 443193 578357 305950 202776 74033 458902 470180 43060 256114 355131 141282 300401 233481 487646 569866 354682 41549 389472 413004 675941 142137 559550 505445 475298 55856 336416 178410
118550 177827 329599 363415 139666 589601 164219 439410 459843 380819 670809 630720 422267 484806 416124 302064 571475 631605 501133 449255 225897 342875 519352 578890 705645 156168 999999999 401949 76249 670920 430217 393263 497476 204844 355775 554712 642932 773115 409101 182887 11493 381143 410896 771145 594406 596799 375611 568239 87934 428568 537427 249447 363906 259713 296407 417615 277901 505792 374962 443742 393661 278975 662497 284770 422739 505643 399841 724916 483625 648830 517092 146197 583469 407941 514747 404244 357627 88874 346920 621340 130780 116554 251316 206728 447759 173282 640723 451711 240077 130866 322203 438450 646699 86423 707631 588535 629449 211604 193353 151755
450646 557377 611492 362080 304692 764204 257920 82765 98098 125013 864570 918691 35451 778826 295317 132343 567429 983294 824735 601727 544023 290476 387094 954632 1030491 552385 401949 999999999 334692 919302 322671 34936 862060 548195 749558 948275 1011105 1107842 741071 379700 397530 715670 757402 1059293 989351 531544 131105 560694 489858 610853 807937 190397 381813 652009 291327 754862 552390 879675 195511 816768 31132 162763 706395 535878 811553 904121 317459 1010879 885567 1018712 671704 461911 934457 459638 437467 697931 743147 490704 226716 987962 532446 297445 274170 532784 849485 384134 1012796 216473 250970 518007 358913 601650 617944 466054 1062974 951559 1005643 604732 314649 431812
130919 253373 389974 360297 67444 635912 88162 366440 386639 329766 722214 697540 352368 550969 393574 248267 582079 706509 572111 486658 240801 325425 502436 655113 777983 232022 76249 334692 999999999 731808 411622 329688 540954 231413 431324 629933 718960 846767 437058 138979 68025 452535 484279 839001 669279 596448 299958 578018 159691 471419 600336 204189 365232 335704 226810 447950 334343 553866 336234 519775 329642 230021 685506 276119 478930 579527 383305 792167 553674 724930 557512 204076 658180 420949 508161 468982 433854 162063 315376 697276 203779 86307 233273 272149 518890 197641 716888 411607 214290 206839 322740 477657 655196 132130 782978 631977 705690 287643 127985 197736
762673 523767 341986 578198 798662 198586 800691 993699 1012979 813677 129109 104514 953441 198559 680778 788043 502261 312163 233985 330862 826864 644100 677594 409635 236106 573625 670920 919302 731808 999999999 662882 889879 887137 788846 504086 518894 388477 307300 908780 853166 682404 323847 327093 165712 544157 589041 972392 507870 640012 311323 135628 735510 556860 517788 957178 904472 398038 861902 749867 393625 892838 758728 419063 914867 760163 556368 646296 126647 631421 398931 277196 527927 301608 489586 610411 269503 461297 632752 707672 374595 616059 687585 645702 464591 605029 559554 407341 789084 670875 565376 566926 325922 536613 705784 354417 946245 425540 538753 859564 536900
537949 492690 430736 99628 437435 481395 398684 405302 418952 197668 582160 690179 357058 572005 27473 232199 245224 810408 638074 332196 649456 87388 90871 818667 824616 518473 430217 322671 411622 662882 999999999 287745 922526 633555 673620 851616 858380 906692 839121 534452 434671 557649 604979 820070 894036 213661 432457 238375 497269 357328 578405 228835 117544 587413 530037 847827 386439 926140 128376 690778 291540 222085 385865 686246 832763 828732 31547 773265 841729 868033 390425 377725 765093 173353 117216 505265 649080 493371 112433 834748 524214 326277 179855 419769 801799 284995 866037 130926 197463 476951 135872 338513 296532 516635 888604 1012715 866323 551430 488150 341238
450641 542247 586619 328765 306474 732311 258610 117609 132279 90103 832910 891637 69693 753037 260399 107384 532555 961464 800931 570223 548069 257176 352644 936167 1005793 540316 393263 34936 329688 889879 287745 999999999 863784 549766 735623 933629 991284 1083797 746363 387326 389771 693681 736235 1031676 975048 496748 160159 525810 481073 580486 780389 167789 348738 638213 310551 759650 528026 879905 160757 798473 3829 138111 671671 545730 808455 891367 282804 983293 875954 999117 639676 442996 912750 426378 402563 672823 727361 481405 192955 967999 522774 284228 246420 512652 839227 361613 993553 183023 224897 504568 327163 570573 583036 461792 1041294 953889 987085 591469 323288 411533
413596 461554 643989 844239 557662 914399 605233 870712 888006 870696 954930 797766 871572 699113 910844 789205 1018441 658245 653413 834471 320265 836119 1008952 545508 775435 418914 497476 862060 540954 887137 922526 863784 999999999 314057 384083 437139 611766 799621 144835 489547 495615 578888 562848 896803 446042 1063615 785343 1017166 425306 797421 765972 742910 839476 401135 623094 127434 633424 40924 871791 496921 863112 770321 1070954 360286 126987 371230 891345 866751 285353 609063 879902 560907 631771 862000 993579 659420 427701 429418 844370 604329 402005 612288 746775 554262 295631 642599 595683 948386 737384 457575 801380 819119 1094239 413628 696487 91184 572149 409826 554283 592919
100928 268069 468910 568155 243631 748258 291183 560350 578423 559941 816126 726049 558625 590926 618140 478076 771244 666534 580400 626838 39019 546184 723308 582769 764045 216399 204844 548195 231413 788846 633555 549766 314057 999999999 347220 518963 653907 817055 206463 183995 199249 468236 479382 856097 550591 800591 477695 768451 166482 598897 653641 435572 568113 282943 328989 216712 432589 331989 567228 468919 549071 461226 852434 131195 275911 454795 603597 814496 400480 656621 688202 317733 623743 607971 719544 522204 372790 173570 544204 636528 175715 310196 453822 347716 375906 373675 645567 642908 439507 234212 526699 613895 847100 119801 731955 404167 628036 251806 245600 338624
375242 194331 291077 577892 488521 539085 519461 793803 814405 702563 572169 418947 773207 315313 671997 633797 695627 321082 271586 486576 385265 599163 745310 237069 425387 199697 355775 749558 431324 504086 673620 735623 384083 347220 999999999 199271 307407 472018 412435 488386 363305 198735 178782 531779 239852 757991 731257 696158 273732 445423 382024 573941 565469 97552 630936 405920 304656 361577 673302 126924 736688 605496 719121 477127 257263 158037 642896 495949 174348 310744 518170 304990 280955 559580 709408 283402 43887 270202 633928 289447 229865 452145 530586 253860 135115 399939 300300 745602 536116 231577 538077 470503 767442 325726 384740 449583 284566 145200 528390 341598
564466 391390 434819 753108 685590 620036 717967 993071 1013668 897233 621109 416148 972286 378357 853126 830695 835826 233364 304358 615694 553953 782943 915990 117223 351875 398831 554712 948275 629933 518894 851616 933629 437139 518963 199271 999999999 176089 364599 520953 677719 561977 310620 266553 482007 42536 907604 929871 837681 471264 573176 433035 770371 738247 296629 823168 509042 467508 401083 863827 168674 934791 801879 830802 641703 326125 69273 821963 461619 152306 172458 627327 497028 221898 719184 872305 390234 207934 468189 822997 172273 427087 650839 721206 437225 153952 589864 159013 933912 729187 430575 715999 600050 901835 519037 260087 468014 135181 344456 722260 532534
680051 465927 427927 758990 781436 531585 806004 1066533 1087328 940748 507168 284671 1039079 307776 865455 884488 791855 76338 229957 572535 691487 802728 908751 71774 184168 491047 642932 1011105 718960 388477 858380 991284 611766 653907 307407 176089 999999999 188518 686532 792262 652196 303623 257719 317272 180704 871957 1014163 795133 569856 532345 341026 823641 740957 389746 931168 675921 477382 576479 895997 199191 993057 854116 757676 782726 496515 240575 831615 305450 326431 11022 563501 549269 100963 704236 855127 356007 289871 565007 852752 23724 528143 720038 758167 478635 320573 631283 20064 958870 772356 512124 728012 558642 848916 627866 84893 644014 43465 435695 827325 579756
829134 596730 497550 811168 912625 494652 930165 1171649 1192200 1021614 436362 228555 1138759 336309 919022 976626 789294 150939 283154 586873 855650 866328 940671 254658 82419 632080 773115 1107842 846767 307300 906692 1083797 799621 817055 472018 364599 188518 999999999 868954 937747 783505 397187 362492 170639 366328 874860 1129973 794011 710938 553534 332209 917449 790972 538917 1068646 859187 555772 764733 967657 348145 1086083 945885 722477 947893 682499 428453 883980 186116 514478 192599 554607 656774 193932 738477 878861 412156 444332 705074 923751 195551 672969 831744 840000 583577 506446 724064 206031 1021421 859183 644444 787910 576348 833234 773786 105674 832414 230258 579958 964628 680930
306140 424806 624160 770524 441060 904291 489277 742171 758473 763335 958701 829641 747270 712343 824213 681445 964848 720659 681057 801907 199070 751736 928448 616047 832572 374621 409101 741071 437058 908780 839121 746363 144835 206463 412435 520953 686532 868954 999999999 362214 404455 586966 582472 943856 539385 999952 654701 962617 354291 769122 778937 641165 769058 394077 486959 17410 600503 179854 773252 537652 745298 666032 1034693 219989 197927 451742 808890 908377 372161 685906 856341 503783 686637 803101 921939 658122 451896 360166 750662 674869 345000 516654 659645 515893 367707 572094 673044 848627 645868 406202 728433 787625 1041077 322736 770848 221044 651142 385333 427670 530390
113409 343987 512345 493549 97099 769850 140336 381350 398473 416344 853003 809434 385056 664603 513558 336603 718848 791372 674741 623906 169460 451273 624940 723877 874867 305673 182887 379700 138979 853166 534452 387326 489547 183995 488386 677719 792262 937747 362214 999999999 171413 555079 579620 948330 713175 728794 295964 714554 226947 606725 719082 310616 500238 402919 147775 376569 460642 511688 441225 596051 385945 328447 824376 160229 459853 618460 508322 902921 574267 796713 693937 328747 744782 558878 637797 585329 502449 233042 429594 772363 265413 220435 362035 388579 545480 336110 787071 511482 338961 296960 457977 614340 791054 164693 863752 576922 772531 358748 65457 329923
110011 187682 341092 369772 129675 600745 156182 433183 453527 379940 682169 642014 417101 496153 419989 300470 579717 641603 512061 459811 218798 347284 524176 587786 716327 164036 11493 397530 68025 682404 434671 389771 495615 199249 363305 561977 652196 783505 404455 171413 999999999 392046 421416 782356 601428 603829 367960 576391 92828 439468 548884 249184 370808 267745 285657 413358 289332 504841 376241 453027 390062 278200 672016 275385 423473 512069 404521 736174 488377 657996 527885 157576 593552 416255 520929 415664 366154 94586 349273 630709 136504 116911 255266 218175 452913 182011 649773 452909 242842 140427 328900 449124 654771 82664 717412 586754 638256 219721 182372 162433
453976 211922 128056 458022 519341 340540 534096 776445 797111 638902 376313 258633 745393 125687 563340 586341 525391 267784 120045 306225 506810 499325 613868 261122 325714 257187 381143 715670 452535 323847 557649 693681 578888 468236 198735 310620 303623 397187 586966 555079 392046 999999999 47411 393989 351014 597178 732830 527150 330759 263701 191983 526024 440890 194085 677486 583590 173802 558803 592566 141967 695697 555681 529827 596752 453176 310631 529985 349740 360543 312672 326181 259647 219118 412523 565728 86267 155310 323992 549225 279906 300247 434614 455938 186446 325021 332071 309572 655324 471616 258218 425412 290384 592418 396678 347640 647731 308767 216552 574413 285072
474683 235980 175412 505350 550258 369412 567911 816383 837113 683416 394456 249366 786518 136873 610491 629044 569492 226519 101336 349141 518336 546002 661197 213732 295502 276061 410896 757402 484279 327093 604979 736235 562848 479382 178782 266553 257719 362492 582472 579620 421416 47411 999999999 376794 306176 642558 769996 571470 353063 306624 203316 568449 488276 197741 706934 577727 220435 540020 638311 98450 738155 598485 567948 609686 436044 271983 577224 335295 328606 266510 363887 297988 177555 459534 612662 124185 135188 346723 595124 234052 318609 472290 500646 225330 295330 374985 262967 701806 515458 283543 472490 333507 635303 417919 305796 627178 261590 229106 603149 325730
847913 605904 456335 731293 906428 364295 915351 1130156 1150044 960042 287269 142564 1092445 288864 836390 927012 667887 249007 276368 488522 895073 794132 839922 364784 133165 650374 771145 1059293 839001 165712 820070 1031676 896803 856097 531779 482007 317272 170639 943856 948330 782356 393989 376794 999999999 495407 754662 1100645 673449 724748 463581 251356 871353 710129 573670 1065717 936662 516126 865968 899232 406307 1034406 896866 582016 986481 772731 535625 801497 48423 619457 325376 440446 637002 265932 646982 773658 371905 494438 717974 856106 312940 693351 807011 785361 566872 602054 685468 337286 943499 808488 651929 715704 481562 701764 790642 253399 942465 360315 605675 964150 653192
600217 432913 476104 795465 723946 654035 757178 1033265 1053821 939345 650621 440293 1013052 413033 895623 872423 875666 246907 337202 655080 584627 825477 958080 135158 363143 438880 594406 989351 669279 544157 894036 975048 446042 550591 239852 42536 180704 366328 539385 713175 601428 351014 306176 495407 999999999 948191 969080 877641 510146 612614 465184 812188 780518 337392 859342 526572 509646 408252 906254 209137 976173 843711 867605 670851 342168 95796 864419 478724 167225 174690 664646 539260 243374 760763 913952 429185 250203 507307 865473 182470 465926 691911 763605 479738 178044 632262 161545 976418 771428 471419 758451 639537 940986 556192 260660 468822 137351 384984 759186 574857
712961 606550 474102 236165 633491 390590 599649 613245 625194 407677 479337 646620 564774 564917 240720 445490 86780 810525 642000 299443 822594 282049 148188 848337 793472 645160 596799 531544 596448 589041 213661 496748 1063615 800591 757991 907604 871957 874860 999952 728794 603829 597178 642558 754662 948191 999999999 645648 81315 646328 340241 546188 435885 233060 688207 739788 1006234 453451 1060483 340931 739091 500576 433358 211234 871930 959432 900536 230134 712813 932295 882614 320253 502771 771845 202546 96610 522609 724236 640869 324953 849581 662776 510495 367000 517681 892770 427923 883893 321052 391704 606041 275242 313608 90587 680797 882061 1150604 890021 663278 689105 471913
389360 548913 644691 451135 247975 835096 211913 89946 104167 240979 932805 958207 113858 813410 405141 206765 671819 995864 848700 672136 465422 382126 506077 952295 1056560 531770 375611 131105 299958 972392 432457 160159 785343 477695 731257 929871 1014163 1129973 654701 295964 367960 732830 769996 1100645 969080 645648 999999999 665490 458996 673808 851452 243444 468416 635299 176277 669849 584729 807588 304741 815560 156664 228708 805985 439420 751529 878635 420981 1052459 848139 1020680 744691 473200 946996 545668 549578 730427 732570 461777 324980 991900 503214 298229 336902 546400 815017 415297 1013258 341371 308614 504158 437386 669248 728624 419358 1074063 872063 1003154 587172 232188 450471
686399 556322 407703 225595 622144 309531 593124 643418 657295 435714 399664 565649 595280 487497 265532 459916 7266 732342 565317 223999 793400 286391 199657 773988 712783 598527 568239 560694 578018 507870 238375 525810 1017166 768451 696158 837681 795133 794011 962617 714554 576391 527150 571470 673449 877641 81315 665490 999999999 608491 265899 466280 439587 215361 632103 741798 967696 393887 1011454 365419 669014 529587 442900 149692 849736 908418 834129 244858 631507 870349 805874 239490 459714 694639 160523 131649 449579 660451 602489 340519 773029 620268 494124 359323 464833 831273 395404 807588 361810 386784 561214 257003 238961 78652 649156 802944 1102324 814521 611133 681079 432275
123512 118870 308361 420408 214792 584543 247169 525850 546141 465761 656498 587970 509860 445800 486122 388300 610834 565274 449555 460356 199003 411106 583766 503369 648044 79272 87934 489858 159691 640012 497269 481073 425306 166482 273732 471264 569856 710938 354291 226947 92828 330759 353063 724748 510146 646328 458996 608491 999999999 432751 504478 333732 417160 180856 361365 360012 267730 429513 454848 371712 481508 364038 686900 278929 340789 419876 466053 680263 395753 574997 522149 152003 518301 448814 571035 370551 280758 7426 423558 549158 44222 201189 323078 184143 360109 219427 566080 531492 316519 74636 377726 447446 687024 66166 638807 515455 553209 134162 257470 176223
540680 344370 155681 267934 533467 165666 524173 687357 706095 502635 259491 333114 645484 227247 372897 481079 263517 473286 302604 42543 631624 332809 387277 508375 471120 394746 428568 610853 471419 311323 357328 580486 797421 598897 445423 573176 532345 553534 769122 606725 439468 263701 306624 463581 612614 340241 673808 265899 432751 999999999 222193 432004 246695 397538 684756 770623 168710 785256 438557 404769 583559 452729 275175 706797 679176 573665 337954 416365 617099 542916 89470 285963 432826 185669 327249 183789 406203 425533 396376 509757 428087 408554 339697 253923 579290 277582 543886 479964 366544 366795 255694 26963 328795 490079 547495 876553 549782 389164 596824 277320
627283 388147 210902 485709 667545 191594 672137 879048 898872 709650 192923 112657 841112 67061 592588 675659 462093 271383 128772 254664 691538 545837 608713 338636 249860 438128 537427 807937 600336 135628 578405 780389 765972 653641 382024 433035 341026 332209 778937 719082 548884 191983 203316 251356 465184 546188 851452 466280 504478 222193 999999999 620176 464896 385769 826636 775448 269267 743327 650176 284859 783102 645530 416736 779305 639265 457962 557486 202944 525079 352044 227888 396287 240982 407804 546659 134169 338293 497233 606727 321306 480490 560937 534033 330722 494609 436246 356516 697848 557150 429845 467086 244301 512956 570317 337671 830235 368689 404361 727623 408155
335072 379648 421280 215903 213966 591961 171641 258905 278698 132126 690231 730073 221957 589039 205615 60954 445242 793792 634353 428860 443952 154569 317543 769129 840147 383546 249447 190397 204189 735510 228835 167789 742910 435572 573941 770371 823641 917449 641165 310616 249184 526024 568449 871353 812188 435885 243444 439587 333732 432004 620176 999999999 230662 477223 304063 652138 362044 753602 132818 631627 169716 31555 572134 467438 672185 731104 206562 822935 721870 831540 501292 276239 745045 305862 340417 507781 563058 332603 119555 800324 372048 132976 93458 345065 683943 194042 826105 207466 65499 345363 195994 426347 509828 329626 873592 834083 819971 431757 260317 243991
479909 392890 313564 21349 407017 386056 377874 462837 479717 263966 487262 577277 417248 455503 128068 262467 220170 692921 520688 227485 589598 91694 179861 702007 709123 425058 363906 381813 365232 556860 117544 348738 839476 568113 565469 738247 740957 790972 769058 500238 370808 440890 488276 710129 780518 233060 468416 215361 417160 246695 464896 230662 999999999 483627 528521 775958 271240 839320 195740 575574 352185 239945 341598 639702 741614 718379 93008 662710 736417 750649 293265 281328 647551 78034 154125 387775 538412 412144 156590 717341 437493 280133 144788 312675 696398 197735 748770 233405 173050 384305 42509 231013 290900 448405 771220 928109 749352 451502 465718 247184
291673 98552 243045 494295 394844 515643 423845 696641 717275 606582 564995 446627 675698 319765 583883 536822 632381 390187 299077 435885 321962 509855 663025 322598 482187 103728 259713 652009 335704 517788 587413 638213 401135 282943 97552 296629 389746 538917 394077 402919 267745 194085 197741 573670 337392 688207 635299 632103 180856 397538 385769 477223 483627 999999999 541653 391594 238982 387737 579604 193347 639251 508773 672309 413919 281659 253882 556245 532908 254438 394585 478843 212571 344996 486557 632156 264604 100027 176513 541197 369537 138445 354606 437324 171897 214615 308047 385440 652963 441317 134028 453140 420221 706534 238294 461051 479016 372354 48137 438052 249593
259277 471962 615919 516372 159370 850422 160632 266215 279452 368096 940955 924343 284554 777779 504976 302158 747166 925247 797418 694003 308699 458565 615415 864181 1001980 440437 296407 291327 226810 957178 530037 310551 623094 328989 630936 823168 931168 1068646 486959 147775 285657 677486 706934 1065717 859342 739788 176277 741798 361365 684756 826636 304063 528521 541653 999999999 502864 559151 648727 414372 733031 307983 308009 868296 268043 604355 765059 509926 1018951 722026 936193 766786 430433 877642 598580 643957 695736 641680 366405 417787 910523 403227 276202 383805 498928 693001 407369 927090 471560 355518 424265 489408 687171 813440 305219 999754 706993 913618 495503 104182 420593
317096 426281 624282 777863 453875 903764 502080 757049 773503 775224 956571 824033 761538 708690 833335 693312 969808 711439 675655 803998 211734 760472 936857 605745 824107 376775 417615 754862 447950 904472 847827 759650 127434 216712 405920 509042 675921 859187 17410 376569 413358 583590 577727 936662 526572 1006234 669849 967696 360012 770623 775448 652138 775958 391594 502864 999999999 602200 162543 783933 530355 758639 677393 1037538 236404 184543 439933 817437 901759 359389 675074 857395 508313 678181 808546 929180 656071 446083 365673 760659 664688 348673 526543 668622 518004 356306 578631 662134 859542 655425 409511 735608 789557 1046054 331194 760411 204537 640021 384971 442014 535734
