NAME : synthetic_000918
TYPE : CTSP-D
DIMENSION : 100
GROUPS : 8
RELAXATION_LEVEL : 1
EDGE_WEIGHT_TYPE : EXPLICIT
EDGE_WEIGHT_FORMAT : FULL_MATRIX
EDGE_WEIGHT_SECTION
999999999 337966 591328 497953 569636 205925 669521 134583 541359 459757 185288 453045 333879 68813 461465 402217 489202 331638 219092 622005 407528 343594 164530 622715 331673 817517 646241 709237 231937 437119 344807 477067 613949 230458 604656 534021 526710 367589 698032 264178 533232 161290 689393 348588 388294 145008 432120 224304 377670 471367 607686 194698 457344 725849 582004 149327 520116 307131 286323 566642 611520 530961 207196 249477 211434 403535 525684 240392 459086 184765 385777 369466 352000 205361 596631 297872 199874 366213 555047 128826 693470 378251 701456 302810 339100 250920 726322 312407 259793 232331 94619 585957 101222 795416 116131 393497 220755 263064 684111 384358
337966 999999999 289809 688593 317513 291761 371968 471896 542206 134117 154877 115107 568620 405033 307665 316107 662843 240504 392228 331501 78155 463720 487824 803706 363895 641986 796856 410113 339767 351036 595641 281847 444089 496556 392668 204159 341127 384918 417439 602105 205216 203417 609031 14530 493166 314505 211406 517901 517601 175515 800173 404658 192238 523194 275502 284452 528362 605087 274263 236116 517624 223550 535602 88800 333220 668068 348721 404669 494743 259560 414946 639195 41328 484406 436625 259153 142842 143278 237329 418299 491534 307355 603240 448810 359849 576320 453712 525466 206152 510102 302427 248342 256091 605886 265179 128396 532068 487310 380532 176077
591328 289809 999999999 781818 461123 581473 422459 715741 514875 159591 412042 211161 716141 650538 537606 325543 747025 318252 681279 411950 272268 559553 712482 872770 442460 423096 841409 120960 485501 603746 750202 197439 280127 779413 555019 117057 215695 439450 485143 845044 110321 431609 487492 288455 567432 599814 184437 795342 609910 120954 879316 691512 138784 297933 18259 570353 512106 882923 385106 259769 408828 66302 761321 359481 622864 954097 552278 552704 513828 444323 463103 802138 256613 764415 287530 541686 421264 396997 64977 631572 274373 573721 465879 567998 431960 841322 171662 666937 493813 791114 579732 202554 530034 379189 544835 360291 803943 775162 93221 220501
497953 688593 781818 999999999 997288 700959 1059944 455063 336343 740782 570344 774954 169899 463413 929397 456316 38808 480349 710986 1020089 764949 229485 388933 124883 344657 726714 158926 858985 349728 922824 176082 586256 601625 669757 1056579 800876 588748 342594 1105838 473837 795461 508492 508469 703122 214453 642869 604610 633353 175525 703378 113459 679933 660272 709230 784592 643860 322955 672926 423502 909093 493834 753622 392356 621973 709387 790589 989332 290368 285533 435548 318938 195431 671233 641146 580594 780899 616276 792653 787842 372328 688821 862979 540914 239849 353659 575102 821812 185918 729661 658532 591291 895369 579202 733545 603316 801523 600627 725285 849728 586148
569636 317513 461123 997288 999999999 405736 133560 696266 855071 341414 430201 280012 863017 636499 159669 627082 974068 556612 490516 90978 252304 777307 734147 1115714 681162 881092 1112510 546783 647976 241259 885432 561684 709496 621619 94031 345799 614163 702381 134161 813417 353263 491350 899471 303534 808957 467122 495430 662397 830407 409239 1110165 523108 451620 755526 442956 443239 842522 736661 591267 206558 809536 413449 775853 375315 435359 751539 123927 707961 811699 561838 732413 922417 346897 624303 708428 303692 388937 208292 397469 683406 728864 259655 887337 758230 677319 748959 624329 824457 315544 641638 491578 269760 468486 838401 458047 195878 692393 580285 516407 476210
205925 291761 581473 700959 405736 999999999 524769 307127 694192 424958 211051 390959 539264 259254 271817 507311 689583 422919 102421 475758 329931 525491 358424 825837 480205 899538 845109 701875 396175 234185 550725 534673 693165 224063 420686 490774 593038 514286 539674 412579 493069 248006 815108 294352 568412 66865 471379 259509 567297 464811 811931 124178 471919 790127 567262 57121 674674 339709 406803 466737 728205 515264 391837 232659 41568 382624 336418 427136 620297 317638 539037 574007 326048 221668 680316 104483 174885 233641 528302 334748 757341 177391 819525 489560 483810 343263 742683 515050 101842 242176 111344 505667 126521 868991 99655 273148 287194 199917 672228 424328
669521 371968 422459 1059944 133560 524769 999999999 800891 878313 345047 510203 293873 938942 737965 292979 652917 1033250 594317 615239 49013 295001 833287 832350 1173301 727438 843975 1162198 483326 711700 374819 964587 564170 694209 745511 196475 320431 608803 743211 62871 923214 328283 567895 895633 357494 859857 582164 506058 783982 887511 406634 1170891 645866 453883 719635 405622 555970 868632 861243 640333 170831 809354 391106 876645 447774 557667 881761 254529 776451 846919 630666 772852 1005762 389538 745978 697215 426785 476204 304148 365993 773758 696818 390899 878617 820394 721624 866760 567971 896790 428158 764915 599960 220192 570178 799245 564080 276696 811718 707623 455840 499450
134583 471896 715741 455063 696266 307127 800891 999999999 582996 590854 317978 586843 285572 66965 576760 489836 456838 432363 276178 752905 542090 363682 66326 575012 393650 902198 612613 831240 293023 540343 282269 583779 705506 214697 723846 665234 627661 427487 826803 130788 664042 284776 748842 482798 406679 240262 547451 180380 380218 597492 554806 239779 578946 821705 707652 257497 561126 237435 375431 701208 680427 657692 85399 383178 296636 352017 641549 267677 496706 282631 437673 288492 484028 186128 686430 409182 334433 496798 683456 117342 790304 484474 766251 319539 403715 151579 841193 284548 381605 203947 205376 720127 230784 885098 238278 526032 153052 271630 807578 501674
541359 542206 514875 336343 855071 694192 878313 582996 999999999 533487 495805 586011 378244 550284 841058 228053 297617 302827 749740 848799 602814 223200 533274 387046 214537 391318 339628 563642 309571 865022 411756 324044 279351 767953 934525 572089 300148 179920 934581 667185 564986 447261 181952 555097 186189 659337 373118 750524 229647 475846 402308 732393 427853 377339 523316 645048 21870 819394 291491 710012 158233 508935 565619 514920 720493 930400 888640 315592 86465 377147 156712 461632 508859 740727 260132 735439 543618 679483 542083 466107 360305 809698 210295 266212 210389 733409 510310 340885 674189 765845 609004 676716 571990 397218 599721 670528 732239 804419 561899 380817
459757 134117 159591 740782 341414 424958 345047 590854 533487 999999999 274701 62432 644191 524053 389144 309853 710296 261336 526003 318183 115532 511311 598337 846471 397763 549231 828137 277983 407213 449749 675039 222311 368604 630168 431556 74381 272900 407896 402585 721635 73539 308849 559252 130615 531274 448416 161066 650151 565322 68044 847562 538771 111201 425094 143846 418429 524310 737580 318188 176914 470254 94072 647126 213982 466506 802172 412851 476107 506136 343628 436568 723196 108424 617325 367044 382097 273612 239709 103368 522419 395903 416297 546146 507414 390112 704508 329056 597214 334815 643311 434011 154597 386092 508976 397419 205491 662569 621376 247745 158483
185288 154877 412042 570344 430201 211051 510203 317978 495805 274701 999999999 269241 432976 251014 363766 297174 549799 212255 293557 465466 228913 360290 333157 691443 287472 690910 695733 531922 225954 373317 456356 328921 484064 371859 486236 348862 385753 318386 547742 448587 348229 61851 605804 166749 397926 201805 270836 384027 410467 291121 683739 293314 284067 585130 401344 176355 477707 471461 204324 389066 517969 349432 380777 66366 246137 549211 420985 279977 429301 137475 345980 495879 166727 354541 470456 239738 49172 223015 371686 265961 552225 315964 609122 334570 288450 430944 557970 394391 178891 381732 170741 403077 120212 662014 139902 237043 391933 377681 505260 222171
453045 115107 211161 774954 280012 390959 293873 586843 586011 62432 269241 999999999 667704 519938 329138 359442 746210 301531 493260 262796 63333 546056 601199 884612 436359 611137 870302 323838 432763 392799 696788 281960 430830 604766 369451 102445 334223 450295 348671 717150 106379 313606 619635 105399 569691 422331 217375 628901 600402 130380 883955 509779 171609 486679 193848 392100 575612 715533 351770 134157 530029 149389 649311 203669 432356 772549 350832 500562 553064 360553 479732 742735 109587 594408 428906 336527 257008 186651 148424 529512 457811 363005 607339 537727 429850 690315 382753 622320 295059 619408 414943 134210 369954 570524 377195 149145 644827 590234 292567 205823
333879 568620 716141 169899 863017 539264 938942 285572 378244 644191 432976 667704 999999999 294596 780376 404972 172308 398422 542907 895947 646735 174974 219711 292295 280271 756894 327054 810489 237046 766565 36237 533136 594237 500176 914460 711710 552683 296173 979631 318284 707492 372557 559996 582846 196458 478656 531867 464753 149089 619685 274957 511052 582652 711099 715117 482251 358388 508759 332590 800321 517703 675994 227909 491860 544591 626493 842369 168086 299203 309112 285375 90285 559083 471507 572734 625016 474831 655137 708810 205799 685062 706900 586632 151087 292002 411837 790038 49441 577750 489372 428310 796542 421803 753359 444061 669711 433220 555391 795532 501925
68813 405033 650538 463413 636499 259254 737965 66965 550284 524053 251014 519938 294596 999999999 523409 436964 459545 374251 248530 690316 475667 338587 99892 586823 350231 851900 617112 766825 248073 493313 299484 524185 651981 221123 668542 598431 570295 385369 765708 197686 597301 219023 708951 416031 383091 193589 484826 200244 363956 531746 569324 216538 514432 766735 642103 205458 528553 273314 321033 635064 636175 591830 139373 316285 256146 380573 588011 236764 465161 223870 399128 316902 417101 192822 633550 357330 268395 434336 617201 94183 734891 435644 724078 295137 359323 201359 779141 282146 324112 216564 150727 653313 168354 832714 179505 462162 184841 267806 742705 438315
461465 307665 537606 929397 159669 271817 292979 576760 841058 389144 363766 329138 780376 523409 999999999 619723 911191 538845 343292 247983 275517 724056 623255 1052254 644722 936748 1059189 641644 589628 83148 797879 586612 746547 473961 149405 421878 644733 672036 288272 684239 427946 424479 916694 297571 761322 337846 516165 517801 773928 453992 1042762 378643 486228 813586 519668 319345 825364 587072 556132 317767 825288 478283 660274 327914 293861 594454 64791 640343 784160 501185 701248 828404 347263 480023 740910 167820 315452 164479 472962 585490 783701 104326 910611 697371 643649 609006 708787 747703 203300 494710 372927 377703 362701 897448 345369 186649 550838 427761 610099 483650
402217 316107 325543 456316 627082 507311 652917 489836 228053 309853 297174 359442 404972 436964 619723 999999999 421513 85407 580856 621905 374795 237755 462092 549395 124729 415660 523443 408001 202783 650792 440678 130955 215672 630538 707355 357009 149325 114602 708053 604512 350588 264415 308854 328525 242045 487183 154572 626351 285771 258264 554638 572287 211485 332545 328823 466478 216433 707193 116317 486704 220901 301635 506771 300304 540068 805628 664363 257006 197203 217452 137593 494425 281393 606821 196726 529763 340293 456205 335994 379938 301804 598410 312223 253886 112971 637725 385402 355726 467999 634094 443455 458945 397781 395789 423790 444449 619160 652878 395798 153629
489202 662843 747025 38808 974068 689583 1033250 456838 297617 710296 549799 746210 172308 459545 911191 421513 999999999 449196 705090 994204 738465 200238 391457 141785 312905 688182 157627 822421 326195 907788 186070 550844 563187 670926 1035622 769019 551866 308592 1080280 486098 763446 488075 470530 677368 180691 633442 571301 636636 145889 671077 137779 675357 627325 670489 750213 632661 284149 680718 394443 880216 455038 720323 399643 599058 700174 798486 970206 270850 247335 413505 283926 214469 643906 642152 542202 766074 596656 770967 754618 366623 650195 848005 502747 215982 321363 583466 784162 177741 713251 660784 581226 864760 566028 694797 590958 778190 605491 724582 813659 554508
331638 240504 318252 480349 556612 422919 594317 432363 302827 261336 212255 301531 398422 374251 538845 85407 449196 999999999 499124 559685 306195 251315 413901 585191 136437 488750 568813 419024 168384 567019 432141 152345 283182 555882 633151 320779 196085 148898 646394 554142 315576 183778 394217 253878 269947 405488 133826 555478 304846 224385 586290 492512 184601 394241 316731 383650 288221 638716 67149 434089 305778 278399 461148 215935 456478 732640 585813 234590 255300 150387 178565 483898 210022 533431 266835 444517 254901 376684 311818 330720 361937 513927 396872 252642 128911 575444 414170 349451 382735 560950 363828 415626 316639 464541 341909 368394 551734 574420 401019 106152
219092 392228 681279 710986 490516 102421 615239 276178 749740 526003 293557 493260 542907 248530 343292 580856 705090 499124 999999999 566459 432350 561539 337920 834899 535739 983946 862634 801994 442109 285982 547736 622335 777015 131205 491746 592712 679303 571215 624472 356374 594857 316448 884087 395564 606020 93688 562180 174710 596749 563297 817778 38609 567380 878565 667483 117218 729170 246244 472561 567384 800167 615251 360361 326867 61629 280373 405204 458823 670698 375100 593030 561740 424925 137263 762788 188497 266055 333282 629365 338810 845667 239839 891574 521510 541209 268379 840078 527391 202766 151604 140867 607638 183135 955536 157222 373658 209442 97703 772668 514076
622005 331501 411950 1020089 90978 475758 49013 752905 848799 318183 465466 262796 895947 690316 247983 621905 994204 559685 566459 999999999 256119 794695 785226 1134814 691042 835040 1125726 483788 670975 330613 920952 539923 676686 696629 168341 303324 587432 708311 86732 874743 311172 524016 874793 316971 822600 533226 478798 734990 848748 382704 1131625 596937 428852 709842 394403 507127 838242 812390 602918 152819 787052 373950 829191 404152 508739 833907 214724 734802 813850 588572 738145 961334 352088 696992 678273 377975 430105 256116 351974 727803 685465 343861 859399 780282 685727 817779 565825 854506 379241 715992 551450 210556 522312 790979 515748 230193 762707 659138 454828 468314
407528 78155 272268 764949 252304 329931 295001 542090 602814 115532 228913 63333 646735 475667 275517 374795 738465 306195 432350 256119 999999999 538721 561736 878842 435362 661239 869811 386693 416951 334238 673794 316901 473370 546614 335072 165778 373097 453868 342637 671279 169609 280631 653139 64143 566525 364649 247865 572760 592851 178551 876031 450306 211888 538170 255391 334506 590470 658725 346866 160183 562254 208470 608942 162730 371124 712276 304551 482417 561450 337643 483840 717228 96513 537516 469174 273194 208045 124767 210804 494321 508189 301535 643691 525405 430397 638017 443315 603412 232596 561936 361314 181353 318778 622007 323253 90119 590579 529684 355527 224428
343594 463720 559553 229485 777307 525491 833287 363682 223200 511311 360290 546056 174974 338587 724056 237755 200238 251315 561539 794695 538721 999999999 310969 340125 117365 585404 336340 645749 134696 728910 211177 368493 419293 559572 842310 572087 381845 124375 880962 444015 566835 300012 399474 478219 44815 478157 378602 536974 54355 475200 338016 538279 433253 536155 560846 470702 201568 601086 194305 680116 347511 527075 342419 403990 543750 714515 780717 103422 137284 222927 110558 265084 443817 531387 397782 589282 408794 577200 561060 248787 510108 669841 422670 44146 127599 512452 619452 128774 532498 554984 425353 665904 398973 579887 426041 581680 515340 602565 633261 357379
164530 487824 712482 388933 734147 358424 832350 66326 533274 598337 333157 601199 219711 99892 623255 462092 391457 413901 337920 785226 561736 310969 999999999 508686 355984 868051 546743 824466 259965 592607 215966 566218 676702 280917 768061 672328 605539 387835 862152 142540 670373 289592 704145 499899 352325 292193 537148 245179 321972 597422 488529 302652 574003 794449 705955 305236 511463 295340 352007 721902 640377 657801 48981 399521 352759 411997 687828 222055 446829 269464 394393 224081 494559 252404 656822 457201 358035 529993 685686 83197 763891 535239 723629 267264 366891 202569 827503 221506 423357 269683 250612 735385 265742 853783 278800 555753 215051 337868 802575 493878
622715 803706 872770 124883 1115714 825837 1173301 575012 387046 846471 691443 884612 292295 586823 1052254 549395 141785 585191 834899 1134814 878842 340125 508686 999999999 448893 761263 74016 939732 467944 1047129 292939 675363 665369 789412 1177373 902641 669139 440155 1221049 581336 896757 629678 536838 818218 315285 767668 702347 751182 286107 804053 30192 803325 759004 763545 877371 768740 379745 785378 533327 1018303 543031 850767 507497 740800 834145 902395 1111594 412051 360626 555282 413115 299564 783770 761016 645457 905241 738111 912750 885143 496588 747322 987293 571797 357757 456360 687352 893839 310801 853408 777259 716152 1000457 703880 775183 728117 919842 716954 846302 933691 689209
331673 363895 442460 344657 681162 480205 727438 393650 214537 397763 287472 436359 280271 350231 644722 124729 312905 136437 535739 691042 435362 117365 355984 448893 999999999 512197 434799 531285 102169 660491 315949 253603 326395 561283 752242 456282 273244 35927 777727 497854 450820 234814 359121 378099 133609 444898 261262 548658 169538 358739 449866 519567 316144 445033 443539 430552 194592 623434 90111 569675 286852 409869 397241 317244 505986 729641 697248 138519 141939 162726 59028 369704 339009 535049 305591 526555 336384 489155 443924 277767 416235 603427 373888 129190 12020 544947 510053 231000 466236 561163 394894 552052 357463 499349 385202 487828 535026 593799 517651 241637
817517 641986 423096 726714 881092 899538 843975 902198 391318 549231 690910 611137 756894 851900 936748 415660 688182 488750 983946 835040 661239 585404 868051 761263 512197 999999999 700899 376722 609725 990905 792272 366053 206932 1044349 974300 535554 306825 481716 906832 1010050 527988 671972 224656 648207 560618 890983 433541 1041791 609173 482950 781230 979995 452032 125592 440736 866992 407102 1122843 531970 682765 239392 467887 909301 670456 936532 1220477 961969 649189 459294 632853 480722 844626 600700 1021368 221963 896512 724834 779043 484530 788549 153332 949326 189475 620839 501175 1051812 289239 713536 837984 1048781 851800 625168 803516 45834 827590 750516 1034756 1062662 397377 477496
646241 796856 841409 158926 1112510 845109 1162198 612613 339628 828137 695733 870302 327054 617112 1059189 523443 157627 568813 862634 1125726 869811 336340 546743 74016 434799 700899 999999999 900809 469814 1059846 335007 644474 618829 827144 1178625 880105 632315 420441 1212372 631806 873825 634714 476314 811242 303710 790065 677943 791620 285280 781241 103402 832984 734871 711358 847379 788383 335747 831831 523013 1002737 491005 824505 551268 740251 856824 949473 1116623 421441 328036 558283 391570 351118 773638 798435 599756 918630 743746 913525 858769 524248 697279 1000236 511752 362112 440638 733978 849889 335356 864199 816420 737627 980571 720549 717430 746013 917274 759308 881584 896931 669722
709237 410113 120960 858985 546783 701875 483326 831240 563642 277983 531922 323838 810489 766825 641644 408001 822421 419024 801994 483788 386693 645749 824466 939732 531285 376722 900809 999999999 587312 712177 845583 277684 294783 900241 640316 222609 270977 522010 545577 959529 217767 548574 496220 408126 647129 720773 288149 915658 692799 241384 949463 812461 252393 262307 134617 691310 565326 1003201 485986 340227 432453 186744 873004 480343 743325 1075051 649079 652177 579510 555067 541872 898657 377527 885021 309660 658837 542163 510393 176140 742469 250669 686200 468185 659945 519938 959814 87959 761049 612785 911793 700320 277112 650473 330889 665622 471839 923547 896069 31590 330663
231937 339767 485501 349728 647976 396175 711700 293023 309571 407213 225954 432763 237046 248073 589628 202783 326195 168384 442109 670975 416951 134696 259965 467944 102169 609725 469814 587312 999999999 594487 268643 315914 416753 460274 710028 474794 349136 137522 756438 402505 470682 165347 461170 354266 174500 353999 301540 446639 184613 383910 462271 423237 349081 534642 482898 343158 288465 521317 101326 566329 388481 441362 304048 272863 417774 627599 646813 69030 228663 88480 153896 318600 325545 433708 396861 455396 274234 445075 473555 178970 504312 535573 476011 110257 111366 443837 578788 190122 398053 459597 302255 560018 270210 594171 297826 452110 432888 494933 569370 267289
437119 351036 603746 922824 241259 234185 374819 540343 865022 449749 373317 392799 766565 493313 83148 650792 907788 567019 285982 330613 334238 728910 592607 1047129 660491 990905 1059846 712177 594487 999999999 780659 632858 795072 413180 213456 490238 692157 690445 365841 638226 495750 430257 954649 343427 768710 300687 562441 459725 776087 511361 1035393 323588 538892 869736 586184 288525 847960 522800 574897 396664 863596 541843 625434 351201 245859 520502 128551 638426 802034 507450 718643 806544 392205 422882 787610 141938 324218 212075 539989 565077 838905 59845 951345 698310 660918 554359 775408 738107 196433 434442 343767 454896 344818 953249 322902 244321 495395 361653 680590 525305
344807 595641 750202 176082 885432 550725 964587 282269 411756 675039 456356 696788 36237 299484 797879 440678 186070 432141 547736 920952 673794 211177 215966 292939 315949 792272 335007 845583 268643 780659 999999999 568426 630456 496492 934270 743361 588622 332320 1003966 300029 739304 396941 593678 609733 231662 488350 565811 458510 183602 652254 272586 514470 615978 747266 748860 494073 392231 496887 365872 828747 552978 709054 216308 516887 553421 614583 860550 199662 333956 336808 321605 54072 587725 468133 608951 639769 496558 677207 741645 216012 721278 721262 620819 186846 327731 399129 825883 84961 594700 484364 439391 826631 436826 789139 457765 693398 425015 553818 830300 534875
477067 281847 197439 586256 561684 534673 564170 583779 324044 222311 328921 281960 533136 524185 586612 130955 550844 152345 622335 539923 316901 368493 566218 675363 253603 366053 644474 277684 315914 632858 568426 999999999 162886 694094 649509 249588 59803 245522 623301 706430 242234 319914 337792 290141 372441 530650 70561 698403 416694 157581 682188 621626 111156 256231 202907 505123 318861 783465 216005 393553 248100 184902 613339 304441 572531 871984 620947 377801 316600 301160 267363 621753 240814 673593 154788 531369 359788 423713 218100 483028 223332 587715 326892 382378 242262 724642 262940 483712 472251 701198 495681 354788 445866 334329 468099 400934 697806 705608 264851 111462
613949 444089 280127 601625 709496 693165 694209 705506 279351 368604 484064 430830 594237 651981 746547 215672 563187 283182 777015 676686 473370 419293 676702 665369 326395 206932 618829 294783 416753 795072 630456 162886 999999999 839036 800154 374054 103138 301432 755833 819237 366184 465622 207902 451800 405310 684063 232801 838158 454690 300565 679030 773235 261590 118638 294277 660077 285642 920508 330960 524875 137692 303252 720466 465560 729855 1015798 777798 464763 316359 430060 308894 684376 402871 816589 21554 693955 518702 584905 328959 595066 90840 750511 185882 447717 314582 853047 232309 547110 634465 844094 645216 475329 596731 181476 620691 560074 832907 856101 299686 273704
230458 496556 779413 669757 621619 224063 745511 214697 767953 630168 371859 604766 500176 221123 473961 630538 670926 555882 131205 696629 546614 559572 280917 789412 561283 1044349 827144 900241 460274 413180 496492 694094 839036 999999999 621828 700507 747371 597123 755625 251786 701754 374700 919673 502316 604148 182474 641100 50175 584502 658941 768708 100134 655662 947796 767141 212703 746407 115914 515500 689706 841910 714642 286433 419936 188076 177953 535181 457203 683873 413708 613959 498483 524151 28838 822612 318842 358243 457582 732535 313773 915061 370049 931913 516233 569080 147815 929756 496483 325659 21438 201136 725864 251649 1020267 234647 496603 90656 64137 872282 592288
604656 392668 555019 1056579 94031 420686 196475 723846 934525 431556 486236 369451 914460 668542 149405 707355 1035622 633151 491746 168341 335072 842310 768061 1177373 752242 974300 1178625 640316 710028 213456 934270 649509 800154 621828 999999999 439391 703363 775785 165404 833261 446793 548087 987040 379511 876419 486233 581878 666435 894280 499590 1169973 527593 540546 848782 536834 466443 920966 733789 662155 300204 896536 506447 806555 438406 443247 733801 86662 766212 886634 622160 805700 967651 425968 628794 798336 316305 440906 265115 491198 725459 821801 251915 976085 819844 749384 758244 718293 878817 344873 642764 518951 363204 504232 931825 489272 265098 699950 573332 610077 559258
534021 204159 117057 800876 345799 490774 320431 665234 572089 74381 348862 102445 711710 598431 421878 357009 769019 320779 592712 303324 165778 572087 672328 902641 456282 535554 880105 222609 474794 490238 743361 249588 374054 700507 439391 999999999 289527 462490 381809 796016 7871 382984 575505 198301 588695 518217 202507 721965 625474 98867 905377 607443 145754 409963 98826 488063 565244 809213 381819 150904 490231 70808 721162 287291 532308 870782 435244 543824 554057 415215 489956 792431 182257 688566 376784 438970 345926 288165 52188 595866 383994 463618 558186 571488 447657 778052 287044 664035 396605 714230 506174 105243 458890 492636 469170 249257 735354 689069 191127 214747
526710 341127 215695 588748 614163 593038 608803 627661 300148 272900 385753 334223 552683 570295 644733 149325 551866 196085 679303 587432 373097 381845 605539 669139 273244 306825 632315 270977 349136 692157 588622 59803 103138 747371 703363 289527 999999999 257571 669171 747172 281806 372673 287361 349074 378750 587056 129742 749669 425818 205649 678527 677414 162819 200501 225585 562109 298843 833794 253623 438054 200722 220418 651528 363694 630475 924995 677611 406060 308654 346427 274217 642549 299968 726089 96221 591139 418211 482430 250763 522547 167708 647379 273247 401840 261307 771525 237646 503696 531920 753690 550504 394102 501143 276301 524107 458579 747255 761035 264815 171049
367589 384918 439450 342594 702381 514286 743211 427487 179920 407896 318386 450295 296173 385369 672036 114602 308592 148898 571215 708311 453868 124375 387835 440155 35927 481716 420441 522010 137522 690445 332320 245522 301432 597123 775785 462490 257571 999999999 795038 529050 456605 267748 323661 398846 128150 480089 262895 584159 171174 363914 443502 555335 319229 419767 442003 465263 160512 658410 116005 582330 253102 411844 427855 344123 540718 765121 723191 167480 112132 197355 30034 386384 357375 570829 280226 558016 366931 514333 446173 310999 392018 633947 339117 146811 30479 578965 495213 247767 497268 596887 430350 561057 392294 470706 419992 510788 570066 629716 510320 249718
698032 417439 485143 1105838 134161 539674 62871 826803 934581 402585 547742 348671 979631 765708 288272 708053 1080280 646394 624472 86732 342637 880962 862152 1221049 777727 906832 1212372 545577 756438 365841 1003966 623301 755833 755625 165404 381809 669171 795038 999999999 945779 389676 607194 956317 402913 909162 600436 563576 796555 934951 465747 1217596 657244 512537 782449 468222 575944 924282 870512 689495 231308 869458 452592 905014 487859 569519 882668 238852 819673 900439 673254 824868 1043357 438742 758461 758446 437853 510328 332328 428140 807599 759516 391171 939830 865991 772445 882935 630537 938836 447847 775707 623064 282723 597355 862113 588611 310906 826491 713459 518339 554426
264178 602105 845044 473837 813417 412579 923214 130788 667185 721635 448587 717150 318284 197686 684239 604512 486098 554142 356374 874743 671279 444015 142540 581336 497854 1010050 631806 959529 402505 638226 300029 706430 819237 251786 833261 796016 747172 529050 945779 999999999 794802 415005 841689 612763 482569 347636 673979 202648 446310 727441 556528 317769 707597 936940 837344 370216 645581 208353 493551 829701 780742 787730 101978 513503 392866 322827 748663 362084 581234 406823 534060 281889 614786 229944 799362 517019 463264 619408 813863 224784 906314 586223 862489 401626 508910 113557 966391 336929 497997 232726 323302 850131 355920 996207 359287 650776 161955 315923 936443 629171
533232 205216 110321 795461 353263 493069 328283 664042 564986 73539 348229 106379 707492 597301 427946 350588 763446 315576 594857 311172 169609 566835 670373 896757 450820 527988 873825 217767 470682 495750 739304 242234 366184 701754 446793 7871 281806 456605 389676 794802 999999999 381244 567695 199873 583033 519584 196029 722713 620119 92736 899670 609134 139180 402397 92145 489467 558271 810038 377098 158773 482498 62937 719246 287293 534622 872532 441980 539703 547546 412145 483937 788574 181904 689519 368933 442686 346407 292674 45345 593524 376327 468470 550334 566705 442091 777957 280851 659693 399562 715295 506757 112731 459189 485143 469904 254128 735686 691016 186379 209457
161290 203417 431609 508492 491350 248006 567895 284776 447261 308849 61851 313606 372557 219023 424479 264415 488075 183778 316448 524016 280631 300012 289592 629678 234814 671972 634714 548574 165347 430257 396941 319914 465622 374700 548087 382984 372673 267748 607194 415005 381244 999999999 569109 216740 338722 222789 271378 378753 349450 312764 621889 308750 296361 573119 423080 202975 428221 464467 158889 439524 484026 372923 338313 120156 277649 552392 482380 218125 376493 77306 293832 438047 205483 353724 450026 293075 109033 284661 398877 215911 540369 371871 575479 273117 237327 412196 565222 333112 234090 381332 180054 447664 133373 646352 159509 297200 380190 390757 523982 223296
689393 609031 487492 508469 899471 815108 895633 748842 181952 559252 605804 619635 559996 708951 916694 308854 470530 394217 884087 874793 653139 399474 704145 536838 359121 224656 476314 496220 461170 954649 593678 337792 207902 919673 987040 575505 287361 323661 956317 841689 567695 569109 999999999 619432 366056 790900 405347 907775 411111 492661 557289 872036 448210 254477 501067 772083 201629 981754 411526 725064 91407 505297 739723 607010 846598 1088753 955300 482498 263143 510533 311173 643540 569859 893784 200296 837787 649115 752254 533311 631584 251826 904246 35709 440476 350776 900378 422925 521552 776129 920077 744266 678960 701379 242921 728236 733914 893513 949397 504593 433205
348588 14530 288455 703122 303534 294352 357494 482798 555097 130615 166749 105399 582846 416031 297571 328525 677368 253878 395564 316971 64143 478219 499899 818218 378099 648207 811242 408126 354266 343427 609733 290141 451800 502316 379511 198301 349074 398846 402913 612763 199873 216740 619432 999999999 507564 319950 219583 524816 532112 176944 814702 409262 197062 528513 273586 289779 541457 611785 288553 223043 528035 222167 547500 100402 335905 672668 337111 419080 508436 273835 428879 653086 49695 490869 444891 256544 151610 133695 233951 431127 497101 301396 613040 463335 373953 584967 454272 539807 205639 516292 310028 237369 264597 611517 272466 116039 539886 491317 378160 186229
388294 493166 567432 214453 808957 568412 859857 406679 186189 531274 397926 569691 196458 383091 761322 242045 180691 269947 606020 822600 566525 44815 352325 315285 133609 560618 303710 647129 174500 768710 231662 372441 405310 604148 876419 588695 378750 128150 909162 482569 583033 338722 366056 507564 999999999 522075 390624 581050 49525 490555 316718 582990 446640 519846 570139 514018 165177 644104 219685 703181 321318 539653 381605 438189 587436 758059 816905 148230 103286 261417 105305 284163 470618 575911 383775 629890 446826 611593 573939 292657 495527 709937 391310 88019 141274 554472 614951 155581 572307 599363 469353 685431 441919 558165 469156 613985 558820 647366 636698 374494
145008 314505 599814 642869 467122 66865 582164 240262 659337 448416 201805 422331 478656 193589 337846 487183 633442 405488 93688 533226 364649 478157 292193 767668 444898 890983 790065 720773 353999 300687 488350 530650 684063 182474 486233 518217 587056 480089 600436 347636 519584 222789 790900 319950 522075 999999999 472069 209171 516770 480122 752686 92440 480594 786800 586945 30232 639049 294216 379422 511153 706638 534449 325005 241181 66760 354333 402568 377054 581793 283140 502788 509663 343506 173092 669598 170052 179312 283398 551181 273046 753893 244240 798065 439944 449884 284893 754478 457169 154034 197293 52952 544724 89578 863101 63591 320115 231529 176980 692253 423605
432120 211406 184437 604610 495430 471379 506058 547451 373118 161066 270836 217375 531867 484826 516165 154572 571301 133826 562180 478798 247865 378602 537148 702347 261262 433541 677943 288149 301540 562441 565811 70561 232801 641100 581878 202507 129742 262895 563576 673979 196029 271378 405347 219583 390624 472069 999999999 649015 430442 103981 706347 564003 56927 319326 183422 445345 364786 735355 200778 336977 314663 149035 585471 239220 510224 818943 551213 368362 351550 267743 289239 617701 170302 622115 225317 462974 297059 353155 183317 454761 286731 517775 396060 384497 251455 682507 294471 482739 404629 649613 440664 305259 390250 399847 410730 330739 651557 648456 268417 48816
224304 517901 795342 633353 662397 259509 783982 180380 750524 650151 384027 628901 464753 200244 517801 626351 636636 555478 174710 734990 572760 536974 245179 751182 548658 1041791 791620 915658 446639 459725 458510 698403 838158 50175 666435 721965 749669 584159 796555 202648 722713 378753 907775 524816 581050 209171 649015 999999999 558053 674422 729571 139536 667675 949411 783913 238876 728785 87605 510246 720281 832829 731589 244804 437206 227052 180990 579911 436377 665305 408955 598939 457036 542667 38096 820921 358733 376571 490845 751323 288456 916904 414542 921782 493079 557221 97755 940782 464889 359398 30093 216252 753434 265359 1019633 252810 528609 40790 113829 888522 600404
377670 517601 609910 175525 830407 567297 887511 380218 229647 565322 410467 600402 149089 363956 773928 285771 145889 304846 596749 848748 592851 54355 321972 286107 169538 609173 285280 692799 184613 776087 183602 416694 454690 584502 894280 625474 425818 171174 934951 446310 620119 349450 411111 532112 49525 516770 430442 558053 999999999 528207 283667 571254 485630 569367 611815 511534 209487 616626 248640 734451 369785 579264 346908 456317 583084 732180 831404 140175 150363 273045 151601 235463 498085 555894 433148 635532 458479 629198 613373 270747 544978 716698 437544 78041 178997 524464 662665 112084 579961 578138 463819 719895 441163 607335 467644 634639 533244 631146 681467 410728
471367 175515 120954 703378 409239 464811 406634 597492 475846 68044 291121 130380 619685 531746 453992 258264 671077 224385 563297 382704 178551 475200 597422 804053 358739 482950 781241 241384 383910 511361 652254 157581 300565 658941 499590 98867 205649 363914 465747 727441 92736 312764 492661 176944 490555 480122 103981 674422 528207 999999999 807111 572145 47995 359621 110644 450916 468176 761995 287633 236164 404387 60398 646393 239195 505908 834163 479922 452681 455405 332385 391201 702502 138775 643641 299203 433479 301097 299587 90007 517927 329764 474545 478798 476612 349804 720865 278371 571360 381658 670410 458941 201374 409148 443467 424299 268374 683046 656138 214172 118419
607686 800173 879316 113459 1110165 811931 1170891 554806 402308 847562 683739 883955 274957 569324 1042762 554638 137779 586290 817778 1131625 876031 338016 488529 30192 449866 781230 103402 949463 462271 1035393 272586 682188 679030 768708 1169973 905377 678527 443502 1217596 556528 899670 621889 557289 814702 316718 752686 706347 729571 283667 807111 999999999 785543 762729 779572 883320 754810 393629 761635 532198 1017934 559520 855178 485229 734885 818925 878327 1102776 403775 369990 548634 417442 275378 781625 740468 658798 893456 729733 905914 889535 480462 762388 975551 591932 352093 457943 663680 905882 297443 842729 756063 701643 1001915 691259 793841 714956 914333 694720 826395 942478 691196
194698 404658 691512 679933 523108 124178 645866 239779 732393 538771 293314 509779 511052 216538 378643 572287 675357 492512 38609 596937 450306 538279 302652 803325 519567 979995 832984 812461 423237 323588 514470 621626 773235 100134 527593 607443 677414 555335 657244 317769 609134 308750 872036 409262 582990 92440 564003 139536 571254 572145 785543 999999999 573034 877538 678390 121229 711496 216022 461222 590617 789800 625934 323319 333452 88199 263431 441231 435014 651739 361551 575854 526722 434971 101539 758216 219626 271647 357818 641861 308747 844640 275953 880977 497246 525735 231141 846891 497651 225971 119059 128848 628213 176511 953037 153556 397186 172477 84572 783717 515428
457344 192238 138784 660272 451620 471919 453883 578946 427853 111201 284067 171609 582652 514432 486228 211485 627325 184601 567380 428852 211888 433253 574003 759004 316144 452032 734871 252393 349081 538892 615978 111156 261590 655662 540546 145754 162819 319229 512537 707597 139180 296361 448210 197062 446640 480594 56927 667675 485630 47995 762729 573034 999999999 331483 134199 452348 420254 754897 250118 283707 359057 93954 622788 240514 512215 832527 516213 417133 408367 305554 345894 667135 151695 638605 258195 450896 301716 327021 127808 492871 300221 498414 435758 437117 306705 708177 274193 533846 395708 665795 454562 249202 404119 414639 421850 299583 673485 657543 228873 82177
725849 523194 297933 709230 755526 790127 719635 821705 377339 425094 585130 486679 711099 766735 813586 332545 670489 394241 878565 709842 538170 536155 794449 763545 445033 125592 711358 262307 534642 869736 747266 256231 118638 947796 848782 409963 200501 419767 782449 936940 402397 573119 254477 528513 519846 786800 319326 949411 569367 359621 779572 877538 331483 999999999 315444 761354 387561 1032953 446359 557414 220642 342437 838580 558473 828402 1125336 837425 583391 426465 543523 426148 801041 482158 926330 139588 780301 615360 657663 358982 712468 32906 829893 221383 565700 433219 968065 178613 664447 723090 953921 750923 500306 701436 83888 724091 627874 945922 961320 279259 365802
582004 275502 18259 784592 442956 567262 405622 707652 523316 143846 401344 193848 715117 642103 519668 328823 750213 316731 667483 394403 255391 560846 705955 877371 443539 440736 847379 134617 482898 586184 748860 202907 294277 767141 536834 98826 225585 442003 468222 837344 92145 423080 501067 273586 570139 586945 183422 783913 611815 110644 883320 678390 134199 315444 999999999 557341 519862 871516 383167 242033 421112 52511 754867 347300 608720 941278 534064 550612 519458 438738 466375 800428 243453 752586 300836 525705 408899 380027 46820 625568 291433 556676 480155 567885 433292 831459 189320 666059 478565 779155 568001 185510 518555 396974 532735 342989 793242 761811 105327 216376
149327 284452 570353 643860 443239 57121 555970 257497 645048 418429 176355 392100 482251 205458 319345 466478 632661 383650 117218 507127 334506 470702 305236 768740 430552 866992 788383 691310 343158 288525 494073 505123 660077 212703 466443 488063 562109 465263 575944 370216 489467 202975 772083 289779 514018 30232 445345 238876 511534 450916 754810 121229 452348 761354 557341 999999999 625118 324267 361292 481722 686748 504862 340987 212344 75457 384012 384122 371372 569272 267916 489009 518254 313889 203088 646066 152171 150674 255438 521288 278060 728455 230330 778209 434000 434874 312345 725957 457947 128207 227472 55245 514730 73241 838363 45464 291406 260087 205407 662663 397100
