NAME : synthetic_000669
TYPE : CTSP-D
DIMENSION : 100
GROUPS : 8
RELAXATION_LEVEL : 1
EDGE_WEIGHT_TYPE : EXPLICIT
EDGE_WEIGHT_FORMAT : FULL_MATRIX
EDGE_WEIGHT_SECTION
999999999 495479 735098 317631 587182 328818 664543 258687 412745 283656 223164 633509 767200 910013 828399 339518 542739 490098 501104 827947 198096 391333 922576 760311 605047 276172 352037 315078 614767 400148 779897 475793 233924 467095 126314 305451 741801 861176 812693 346218 848161 504975 305769 753236 487079 393226 806747 398888 719076 493107 449433 365577 705235 243064 472226 426727 677702 682250 666702 367406 462834 299925 153308 331107 853740 341885 667954 392047 156258 396918 351668 303916 365733 46697 403786 102735 614302 782999 230866 689272 92856 308273 822658 327098 287959 628511 474869 176009 776343 419343 398163 254976 749237 643514 475686 197642 296420 740887 47557 552737
495479 999999999 709619 760697 154639 378352 376316 297240 82821 271041 435431 184664 804152 575717 967191 698311 504991 982685 411203 795738 500244 832677 1065344 732761 282040 319391 706070 386500 172974 660347 978373 904304 288424 804880 503712 661683 534111 530699 964427 572830 978076 880191 417384 974542 547430 703746 925568 263805 763233 134743 725754 335965 823587 702214 827298 882122 697383 755088 834144 856439 672045 402966 342312 781254 906071 713259 484883 106712 343707 876971 373041 718889 727964 480791 683284 533217 689785 926797 374635 362409 450071 221473 839903 801530 689487 755457 252706 403261 1005898 913690 446525 262103 755773 278311 727275 450560 584196 925223 508780 480800
735098 709619 999999999 695905 614024 931496 404715 555101 686210 553819 513544 634456 116211 491105 325626 549914 217425 977309 304429 95127 543576 719885 405308 25863 471636 516924 543407 927563 623837 421034 400781 726225 599098 532574 850145 547182 271533 468660 337308 415176 324883 616911 437434 427640 248077 482578 276346 468976 104772 832738 434181 925673 221106 709091 565433 774953 74221 143170 290949 869711 350375 928047 695674 717452 207712 568781 261836 662911 660002 843489 943316 635848 556731 769525 442207 658342 158984 304086 853386 451916 789674 769973 132959 784808 610957 220915 457229 828606 457220 947261 346217 605093 57397 513578 399458 537590 480829 352327 782082 232054
317631 760697 695905 999999999 809860 645131 800599 468964 680623 497349 341549 856136 677783 1028828 655917 146056 577047 286275 587747 772340 269897 74629 733982 716312 773982 458862 153412 630838 836758 274885 573438 158181 472276 219610 417794 153615 814752 984127 633776 301354 678645 212298 402899 534840 481162 216863 651957 572471 636279 789746 275301 683207 572476 76990 205252 121802 623502 588967 506771 174122 347168 614208 445591 24001 736466 127863 745440 654248 428776 151635 668305 61665 144110 359980 255098 236134 540613 614911 548215 839816 408503 611037 735010 89631 91996 511059 645682 492842 548612 251429 458573 498594 684926 823273 312566 318584 240773 551487 343101 604436
587182 154639 614024 809860 999999999 526992 238564 345542 205985 316893 468905 46898 718995 421438 901243 722300 431980 1057583 341566 692113 540109 877142 995944 634727 148441 351051 727714 533714 27685 657706 929653 939720 356406 812394 621105 688899 403070 377024 902420 573604 908991 895752 423201 933074 499498 711659 856092 245850 683240 284728 720464 487886 760639 761963 839067 931108 616055 684205 785139 928834 651977 548412 441160 832338 818908 739903 366165 211787 431034 940971 523715 760080 750181 582798 683770 601136 626090 864547 510056 215182 560931 358380 746919 864217 728539 700786 191116 529461 965378 993140 419027 333094 665564 129015 714027 491304 601657 875200 610155 400654
328818 378352 931496 645131 526992 999999999 709085 376939 323872 378055 459375 562158 994811 936814 1100839 660035 715233 769171 638695 1026295 480084 717836 1199356 957253 621453 415720 671999 16102 548853 693964 1071789 803179 333271 787643 239728 623523 841146 889158 1089388 620337 1117925 832307 509709 1051618 702252 703541 1070739 479486 947263 287660 752402 56399 964545 569180 796246 748533 891909 920997 943293 663016 742431 38419 252602 656981 1092128 665238 775490 327571 288099 703922 23711 632390 688086 285170 704785 424667 849540 1055682 99470 711077 236708 178565 1044066 642503 614785 887002 527865 152825 1077872 694405 591469 326495 961850 636049 771978 449929 590036 1026691 303208 708382
664543 376316 404715 800599 238564 709085 999999999 407468 393706 385675 477532 244018 518059 245581 717782 680964 277161 1076736 220019 471010 545285 856040 805622 421562 94276 388826 682265 711891 238620 581811 767706 900854 440481 738461 736786 655764 165293 196646 723947 513678 721365 828736 401228 780851 374055 646544 669677 266272 490551 511057 634306 681170 586864 772989 769792 914041 425520 503801 629431 949637 549834 721685 548178 824549 612322 701091 143034 383503 523811 947450 711651 742139 703645 676699 609953 640385 460179 687116 665487 50107 670986 530575 535760 872867 709965 542287 193634 667361 813209 1022606 345436 427694 460600 115677 616305 506241 563616 713663 700443 240199
258687 297240 555101 468964 345542 376939 407468 999999999 223077 28708 138625 392402 618955 653017 739360 401313 340186 712281 271834 650087 203480 539094 838972 580914 346538 39167 409351 372551 373048 375037 726723 608174 44060 511300 333217 364503 500074 603995 730918 288602 754566 583869 143949 714588 327640 411238 705084 141199 571804 358924 440349 375971 598598 417144 532124 590761 515214 548099 588641 583427 401425 373062 150021 490637 717471 416047 427995 194357 119571 595809 389904 423674 431087 269303 395196 256060 476812 695252 299611 430694 267102 228308 667397 519121 393539 522603 216274 281869 744067 648809 215642 54743 584942 386453 447886 153621 289696 677052 293020 337190
412745 82821 686210 680623 205985 323872 393706 223077 999999999 199073 361605 245638 773102 613748 924108 623809 473604 899918 382155 776185 423695 753149 1023255 710501 302212 249868 632118 329500 230094 594203 927066 826211 209106 734149 425142 586645 540095 566545 919420 506788 936488 806770 353293 920118 501994 633716 884643 221224 729827 150036 659766 289678 780440 620833 755199 801752 665775 716885 784270 773804 612091 343262 259673 700824 875011 637986 482573 29201 261013 794861 322888 640381 653705 398848 615820 451417 648926 882237 304668 390130 369546 152401 813038 719635 611556 709168 234669 327741 950854 830870 395057 182842 728355 312610 664065 374490 512615 874932 426828 454253
283656 271041 553819 497349 316893 378055 385675 28708 199073 999999999 164433 363763 622343 630915 749734 427296 337198 740831 263135 648449 230968 567228 849421 579518 321549 51836 435032 374861 344417 395944 741105 635693 55534 535264 351953 390803 484918 581800 742185 308836 764307 609251 158888 730489 333481 434679 714166 120468 575757 338900 461454 372789 607911 445842 556826 619133 517347 554223 601446 612007 418522 377091 165063 519105 721898 442426 413851 170025 138251 624517 389499 451554 456926 291582 417031 284511 483314 706071 306258 406978 285907 220455 669346 547828 421223 532812 192944 293474 760395 677143 221107 51843 586091 360160 467351 181068 313893 690664 316150 331111
223164 435431 513544 341549 468905 459375 477532 138625 361605 164433 999999999 514950 553675 717981 641936 262880 320262 603318 287634 607235 71861 408253 740151 538987 438150 119313 270760 450955 495603 245073 614260 473160 159940 373657 336927 226406 530019 670510 630082 163471 659473 445245 84997 596939 266362 274612 613362 231939 505322 493830 308969 472553 507897 300263 393747 462379 459146 472597 483918 474884 284353 445072 206778 364420 645364 278050 456150 332962 171520 478737 477001 291290 292564 255983 262284 166580 402256 596656 366442 511258 278348 343887 607444 402364 259991 430056 307087 329457 624770 546147 175558 183769 530924 485396 321355 29331 152330 567932 269394 332491
633509 184664 634456 856136 46898 562158 244018 392402 245638 363763 514950 999999999 742290 400918 929398 766951 461805 1104477 373972 708843 586301 923099 1022794 654075 162918 397457 772136 569685 19404 699587 962069 984984 403176 855074 665138 733904 409094 359091 931631 616303 936242 939194 467365 967115 534646 754669 883451 289808 708424 306684 761735 520619 790242 808679 882192 977277 641329 712091 818064 975722 691281 585271 486695 878687 840978 784750 379985 254232 477293 987725 557511 805970 794605 628432 725959 648033 656350 893846 550294 212032 605659 397568 767355 910964 774339 732815 230414 571831 999524 1040024 458920 379724 687514 128551 754140 537649 646044 907507 655886 428916
767200 804152 116211 677783 718995 994811 518059 618955 773102 622343 553675 742290 999999999 603921 210740 533566 299915 949083 393153 114827 569804 689934 289254 107939 580275 579844 524869 989308 730631 408725 295028 682788 662008 489719 888300 538958 387664 583398 224329 427144 208901 565836 487456 327275 292866 460967 161586 552278 48353 922027 403941 994587 130693 703334 520604 741352 107327 89582 209596 851213 334045 987452 749830 697306 102021 550308 375886 748023 713501 818434 1008623 621088 534081 805813 424119 680572 152938 193582 910522 566033 831809 842356 57712 767374 600484 168056 551895 879989 354580 927431 403474 671826 58816 624399 366806 573862 488730 251387 814755 323678
910013 575717 491105 1028828 421438 936814 245581 653017 613748 630915 717981 400918 603921 999999999 814591 900036 464762 1310143 441321 515646 783331 1078783 885563 495982 318717 634075 899496 941342 406951 788534 890920 1114921 685436 938947 981190 879030 234397 49176 827816 732046 811306 1030030 638164 914793 568082 855754 765500 511833 594775 705510 832251 903079 708456 1007852 971790 1137252 542851 625205 769513 1184772 742777 953177 792318 1052816 676101 920574 290143 609499 768857 1178454 936616 968622 919645 922187 816302 882818 605736 795152 902269 228364 915602 760234 597729 1105553 937027 686980 438220 908208 945464 1259268 570421 671699 546557 301195 807858 747084 788429 840791 946013 431601
828399 967191 325626 655917 901243 1100839 717782 739360 924108 749734 641936 929398 210740 814591 999999999 528748 469517 893784 561950 309539 634550 644787 99688 318645 770803 701058 517070 1092778 915970 430270 114962 611806 778746 439362 954534 548250 596717 793978 26139 485977 23128 489243 596539 160578 422122 456482 49281 705089 227995 1074035 393574 1110221 143757 702320 462062 685763 292278 217308 161728 818240 365822 1086958 848484 670226 158951 539604 578432 896774 812756 774805 1117747 610117 517467 872249 432445 730116 277681 45517 1008292 766991 907018 967652 225347 740818 599262 216924 721333 969014 175818 888656 531345 794096 268798 818274 360273 654382 532096 107407 874643 500770
339518 698311 549914 146056 722300 660035 680964 401313 623809 427296 262880 766951 533566 900036 528748 999999999 440499 429413 462729 626515 201946 179722 613850 570258 665859 380541 12788 647759 747920 128883 459028 221197 417593 127893 460992 38153 679533 856994 508548 168242 550807 183757 299946 426130 341143 74145 519244 477291 491226 750821 136551 688197 433217 174631 137826 238102 477446 444359 372807 320112 201337 635052 425948 167612 596455 20594 612566 595396 399321 294738 681561 87524 30123 386205 109594 237597 394641 485623 560577 723461 430797 586214 591034 235358 70605 368171 544259 509436 445673 397485 335546 443019 539151 717361 172700 249797 121395 428901 379125 470359
542739 504991 217425 577047 431980 715233 277161 340186 473604 337198 320262 461805 299915 464762 469517 440499 999999999 862867 93930 311507 366433 620220 565228 242905 308180 302901 438646 711773 447587 324211 501455 651246 384238 474545 649678 423867 239082 424965 470447 275701 477991 565657 237064 509707 103356 391682 425083 253606 258242 622198 368042 708377 328724 569068 507229 678587 192713 253093 358833 742751 279518 713079 484709 600695 401933 461080 174640 449037 449887 728617 726557 515550 457841 572107 351804 480294 194546 432581 639663 326658 586559 552548 339830 659781 485397 272350 254007 618202 542219 819746 144708 388760 255165 359059 345530 347674 338050 446863 588059 36963
490098 982685 977309 286275 1057583 769171 1076736 712281 899918 740831 603318 1104477 949083 1310143 893784 429413 862867 999999999 868965 1049457 532897 259199 957057 996618 1041451 711802 434720 753159 1085164 557545 794753 282967 703404 462848 531575 439889 1099830 1264496 869197 587330 916909 404859 675558 750310 767435 494737 899576 833741 910581 981431 546402 819286 834016 303885 435230 209535 903942 862237 761087 129022 626939 731999 642597 263051 996693 409724 1029702 877216 639029 134850 792619 347940 420587 514832 535200 456453 819832 857764 687971 1113172 557429 796223 1005113 204608 377504 781030 909979 634373 754616 74782 740164 728374 962085 1088155 583050 576278 525336 786381 488393 889515
501104 411203 304429 587747 341566 638695 220019 271834 382155 263135 287634 373972 393153 441321 561950 462729 93930 868965 999999999 395963 347029 639704 658351 329080 228331 238319 463452 636536 358766 361911 588342 681637 314874 518939 597392 439340 242429 396382 561911 294729 571034 608964 203424 593263 163489 426531 518171 165132 352083 529828 415668 627590 420004 567428 550029 698023 286208 346362 444128 744170 333663 639759 421235 611746 495150 483050 168520 358515 388561 737135 648357 527895 484556 524524 390038 454054 285163 524013 569355 265614 532235 470334 431090 664358 496108 359278 160157 553694 625703 819313 129176 314832 346465 281108 399759 316861 347903 533828 543679 72465
827947 795738 95127 772340 692113 1026295 471010 650087 776185 648449 607235 708843 114827 515646 309539 626515 311507 1049457 395963 999999999 634757 790522 370978 69265 546287 611978 618963 1022477 699687 498482 404935 789152 694101 595104 944082 627288 320292 501578 327442 501731 302078 674602 532093 439726 341051 556279 262734 561042 140913 921264 503131 1019862 245346 790881 626921 843770 153227 189617 323803 946455 425194 1023082 790774 793011 160838 644508 329426 753634 755075 916997 1037930 713581 630401 863112 517249 748940 232152 301103 948499 515122 884036 863775 84501 861835 690443 272985 544662 923659 465808 1023538 441195 699830 87471 584150 466781 630742 566538 364219 875103 323541
198096 500244 543576 269897 540109 480084 545285 203480 423695 230968 71861 586301 569804 783331 634550 201946 366433 532897 347029 634757 999999999 337469 730456 568271 509051 189412 211395 469723 566933 214222 594398 404737 216009 321275 322221 164078 587765 736416 620145 149185 653644 385701 145186 572208 296388 227651 610762 303721 521828 548881 272587 500860 508112 229266 337652 390999 482934 484308 473413 404900 269074 460582 232816 292659 655649 214825 514487 395716 202318 407235 499793 220984 232066 239322 224898 115277 416868 589037 382572 580500 272469 387017 625678 331033 190314 431013 378505 337972 597980 477324 225000 241718 554012 556778 292187 49901 109971 551851 245582 383770
391333 832677 719885 74629 877142 717836 856040 539094 753149 567228 408253 923099 689934 1078783 644787 179722 620220 259199 639704 790522 337469 999999999 715810 738624 834652 526866 182240 703358 903772 303367 553269 86175 544355 206849 487719 200425 859244 1035237 621193 346804 667850 169305 463693 511543 520577 238084 646450 636903 651422 863963 287391 756777 576216 148677 182791 58487 646163 603049 504983 174599 369852 686305 520140 61063 739588 159146 792028 726459 502921 130681 741124 117248 165089 432929 279209 310681 561727 606378 621499 896993 481493 685613 746080 108252 149275 521878 708439 565941 521293 244016 511212 570688 703219 884902 323906 386972 292432 538055 415037 649908
922576 1065344 405308 733982 995944 1199356 805622 838972 1023255 849421 740151 1022794 289254 885563 99688 613850 565228 957057 658351 370978 730456 715810 999999999 394108 862802 800706 601739 1191103 1009868 522859 162764 674131 878232 514718 1048868 636080 676214 868632 110367 582601 87354 553222 696025 206787 521365 543471 140180 803817 315657 1173231 481276 1209358 242852 785250 533806 752263 382152 312137 257189 890361 461383 1184950 946859 746499 210198 623040 664331 996028 911259 843979 1216472 692013 599948 966969 522683 823132 375563 143953 1106263 854166 1002786 1067249 287860 816074 683787 316609 818194 1066214 206444 957951 630932 893711 347957 909088 449991 751869 626205 184994 968375 595326
760311 732761 25863 716312 634727 957253 421562 580914 710501 579518 538987 654075 107939 495982 318645 570258 242905 996618 329080 69265 568271 738624 394108 999999999 491158 542760 563434 953355 643881 441476 399795 742743 624917 548737 875677 568567 282359 475846 332081 438406 316133 631793 463162 428991 273233 501977 269520 493861 107814 856623 452069 951245 224101 731068 581344 793205 92823 151462 297349 890294 369868 953877 721531 737618 191551 588884 278539 687422 685852 863131 969017 656596 576213 794954 461950 682887 176899 300425 879242 467944 815325 795425 114199 805436 632205 232488 480664 854451 457732 967738 372038 630827 51957 531929 416774 562874 503848 353187 807348 256631
605047 282040 471636 773982 148441 621453 94276 346538 302212 321549 438150 162918 580275 318717 770803 665859 308180 1041451 228331 546287 509051 834652 862802 491158 999999999 335244 668901 625107 153459 580150 809447 887042 373866 738035 666338 636891 255691 269991 774253 503555 776726 826171 371276 817678 391783 641112 724127 209892 547592 416781 638087 591194 633772 738263 767653 891544 480724 553757 666993 912896 559774 636040 477610 797603 678427 685208 218368 294165 456920 916074 622838 718289 691022 612128 607817 593462 501484 736666 583620 90432 601458 443570 604497 840052 685957 580504 132496 589984 850190 983182 336037 357513 525021 53141 625164 465305 545158 754877 637304 273231
276172 319391 516924 458862 351051 415720 388826 39167 249868 51836 119313 397457 579844 634075 701058 380541 302901 711802 238319 611978 189412 526866 800706 542760 335244 999999999 387721 411087 378061 344498 690219 592471 82455 485596 360927 344782 471541 585344 692923 257247 716078 561219 107437 679075 288479 384641 666420 125487 532661 390731 410042 415137 559973 412225 507935 580255 476260 508971 551270 582786 366795 411129 183342 481289 678307 396434 398604 220706 150243 591455 428907 410184 409843 292261 365953 258819 437704 657091 336858 415789 295186 266863 628439 514697 379105 484208 202880 316513 708871 650710 176486 93347 546136 378623 415564 140278 264836 640107 314187 301534
352037 706070 543407 153412 727714 671999 682265 409351 632118 435032 270760 772136 524869 899496 517070 12788 438646 434720 463452 618963 211395 182240 601739 563434 668901 387721 999999999 659793 753165 122827 446583 218791 426571 115702 473688 48948 677727 856805 496709 168727 539197 174760 304823 413497 338416 64204 508104 482351 482978 760189 125735 699805 423027 185705 126976 240300 470612 435840 361709 327500 193860 647207 436943 174213 586498 25550 611393 603602 409913 300337 693457 96689 22470 398730 101719 249994 387380 474104 572555 725234 443188 596621 582240 243000 82216 358892 548396 521592 432943 404617 337065 451846 531536 720629 162284 258660 126093 416831 391799 469103
315078 386500 927563 630838 533714 16102 711891 372551 329500 374861 450955 569685 989308 941342 1092778 647759 711773 753159 636536 1022477 469723 703358 1191103 953355 625107 411087 659793 999999999 556022 683816 1062342 788811 328668 775479 224024 611435 841866 893487 1081030 611139 1110061 819157 503305 1041659 696554 692233 1063188 478665 941629 299587 741736 71560 957126 554739 783657 733605 886914 914707 934750 647267 733302 22605 244296 642454 1086171 652651 775543 331844 280160 688395 39499 618871 675638 271000 694174 411810 843275 1047550 87557 714990 222657 181553 1039008 627310 601665 879485 528953 139315 1067684 678390 586250 323109 957114 640956 761824 440683 579597 1017636 288502 705731
614767 172974 623837 836758 27685 548853 238620 373048 230094 344417 495603 19404 730631 406951 915970 747920 447587 1085164 358766 699687 566933 903772 1009868 643881 153459 378061 753165 556022 999999999 681350 947088 965805 384091 836606 647692 714782 403907 363914 917813 597810 923151 920503 448441 951552 518595 736096 870309 270901 696042 298783 743695 508370 776249 789280 863592 957914 628885 698706 802875 956395 673867 571214 468430 859300 829816 765669 371666 237445 458593 968331 544812 786654 775635 610118 707630 628727 642077 879988 534676 210000 587845 382375 756793 891569 755040 717928 212772 555204 983928 1020791 441262 360760 676343 124573 736471 518261 627076 892556 637517 415234
400148 660347 421034 274885 657706 693964 581811 375037 594203 395944 245073 699587 408725 788534 430270 128883 324211 557545 361911 498482 214222 303367 522859 441476 580150 344498 122827 683816 681350 999999999 381103 327186 403381 157910 526451 130237 562263 747553 413409 87555 450847 247134 243064 357988 221575 67624 412892 413614 364956 733950 65564 712788 318045 294611 188241 360612 348688 319155 268862 448818 74700 674804 444277 296467 478086 147972 498674 565009 411422 423138 713340 215240 138280 445117 28152 300280 266363 385229 596760 627376 483018 588936 466417 363966 192289 247229 469957 551858 383908 526287 244352 425588 411288 633030 78015 246689 105140 340762 445615 356968
779897 978373 400781 573438 929653 1071789 767706 726723 927066 741105 614260 962069 295028 890920 114962 459028 501455 794753 588342 404935 594398 553269 162764 399795 809447 690219 446583 1062342 947088 381103 999999999 511786 762667 353834 905926 484253 664115 865756 89242 451605 135542 390555 582944 46754 432916 391638 148138 714645 296320 1075340 331515 1086814 183699 627488 371673 589527 350650 268170 144888 727858 329909 1054307 819855 585188 267672 466547 634851 898657 785391 681233 1090300 533876 442815 825425 376171 678438 308492 104541 975884 817738 864067 952535 323851 654314 527876 229299 742613 932369 62356 795196 532633 780976 347871 859657 304310 621878 486221 54597 824384 536256
475793 904304 726225 158181 939720 803179 900854 608174 826211 635693 473160 984984 682788 1114921 611806 221197 651246 282967 681637 789152 404737 86175 674131 742743 887042 592471 218791 788811 965805 327186 511786 999999999 617124 194174 573853 251519 889441 1073141 586962 387176 634906 122636 519636 467424 548761 259603 619757 696128 648353 941850 294199 841369 561343 234135 162300 84802 652007 599596 485447 233487 383434 771967 600300 147154 721373 201912 825473 798862 581137 179215 826394 186026 197215 518078 299999 391404 567325 576942 706392 944012 566620 765777 736925 185905 214817 516431 764662 650991 472512 289682 555822 643370 703058 938471 327183 454635 342120 504438 500713 683409
233924 288424 599098 472276 356406 333271 440481 44060 209106 55534 159940 403176 662008 685436 778746 417593 384238 703404 314874 694101 216009 544355 878232 624917 373866 82455 426571 328668 384091 403381 762667 617124 999999999 532785 296617 379932 540008 636286 769639 318683 794386 601258 182209 748915 370092 434418 745378 175927 614694 334350 468014 333785 638840 415050 551633 593746 558669 590140 626257 575287 435092 329015 109588 492916 760120 430832 468597 182107 83445 591760 346621 431275 447669 238262 421768 248087 518750 734349 255647 460497 230640 189942 710841 515606 402536 562346 247220 239347 777860 637547 258537 26333 628590 410283 478173 167920 312060 713810 263598 380927
467095 804880 532574 219610 812394 787643 738461 511300 734149 535264 373657 855074 489719 938947 439362 127893 474545 462848 518939 595104 321275 206849 514718 548737 738035 485596 115702 775479 836606 157910 353834 194174 532785 999999999 587440 164165 708838 899500 416374 238805 462328 91112 391859 315558 371232 101483 439665 567009 454393 867129 106768 814951 371343 277287 33464 253463 458397 405634 298501 379032 196974 762904 550722 231829 533854 126105 648894 705212 522509 337522 809040 184153 101684 513750 130253 365433 373894 400052 688212 784551 558619 708247 544598 301843 185542 322648 626337 637288 330696 450687 402124 557239 508899 790888 135387 365816 221610 333505 505858 509002
126314 503712 850145 417794 621105 239728 736786 333217 425142 351953 336927 665138 888300 981190 954534 460992 649678 531575 597392 944082 322221 487719 1048868 875677 666338 360927 473688 224024 647692 526451 905926 573853 296617 587440 999999999 428479 832328 932015 938952 471188 974194 617881 414194 878738 603289 517909 932383 472411 840012 467045 575072 287937 830275 340807 589905 513564 795855 804648 792867 423300 588835 204219 188930 426699 976787 461401 759524 411628 213963 464643 263421 415664 485756 82929 529757 227685 735740 909109 157383 754764 66129 288330 943009 405436 404260 753233 543218 107344 901396 457005 507053 309523 867612 697949 601822 314710 422680 867175 82081 655423
305451 661683 547182 153615 688899 623523 655764 364503 586645 390803 226406 733904 538958 879030 548250 38153 423867 439889 439340 627288 164078 200425 636080 568567 636891 344782 48948 611435 714782 130237 484253 251519 379932 164165 428479 999999999 662118 835152 529108 148290 569854 221700 268139 453433 327555 92768 535715 444710 495015 712887 154915 650959 445305 164391 175773 258687 476109 449385 389563 324285 204932 599098 388033 177021 606985 51663 593586 558336 361214 305212 644881 91952 68199 352127 118192 202925 395226 504282 524111 697141 395879 548073 596652 239607 63950 376645 513276 473512 474439 402028 310788 405462 540396 687884 188335 212317 92255 451211 346420 451988
741801 534111 271533 814752 403070 841146 165293 500074 540095 484918 530019 409094 387664 234397 596717 679533 239082 1099830 242429 320292 587765 859244 676214 282359 255691 471541 677727 841866 403907 562263 664115 889441 540008 708838 832328 662118 999999999 202823 607198 513830 596413 799682 445553 685193 340696 629872 547478 367521 370730 668114 602095 819562 480505 802411 741982 917633 313580 396242 537699 977875 511954 848860 649412 838532 472637 700120 73991 525204 619568 966072 846651 753470 696852 762783 589513 696315 372010 572614 785241 201504 766413 663884 393758 895911 722848 453880 313492 777946 716458 1054227 364187 533796 328869 280558 576126 559210 574505 612495 783203 210342
861176 530699 468660 984127 377024 889158 196646 603995 566545 581800 670510 359091 583398 49176 793978 856994 424965 1264496 396382 501578 736416 1035237 868632 475846 269991 585344 856805 893487 363914 747553 865756 1073141 636286 899500 932015 835152 202823 999999999 805950 688804 791979 990611 591335 887721 528269 814487 744720 462828 570741 661653 793000 856099 682413 961754 932126 1093662 515743 598410 740520 1138697 704113 905095 743142 1008126 660621 877485 251204 561676 719712 1133272 889290 924220 877222 873121 775466 834952 574448 772283 853610 179570 866430 712225 581647 1059974 892476 656570 389067 859197 918845 1212875 525555 622524 525189 254406 769693 699543 744116 814624 897006 390799
812693 964427 337308 633776 902420 1089388 723947 730918 919420 742185 630082 931631 224329 827816 26139 508548 470447 869197 561911 327442 620145 621193 110367 332081 774253 692923 496709 1081030 917813 413409 89242 586962 769639 416374 938952 529108 607198 805950 999999999 472235 48474 464478 587524 134545 417744 436912 64730 701512 236752 1069150 374215 1099971 141907 681537 438405 661493 298882 220783 146823 794946 351074 1074743 836836 647681 181239 518857 585958 891807 801317 750987 1106648 588960 496399 856931 414294 713645 276772 37898 996053 773448 892515 959032 243940 718099 578923 210358 720514 955860 150657 864910 525363 785654 281266 822475 341778 641567 516276 83152 858649 502715
346218 572830 415176 301354 573604 620337 513678 288602 506788 308836 163471 616303 427144 732046 485977 168242 275701 587330 294729 501731 149185 346804 582601 438406 503555 257247 168727 611139 597810 87555 451605 387176 318683 238805 471188 148290 513830 688804 472235 999999999 504796 323898 155683 433490 181666 138643 461587 328407 379963 647297 153081 635571 359107 298507 266186 405288 348504 339601 325415 468719 122186 603767 368250 324994 509097 188695 445534 477589 333896 452951 638709 239851 189970 388356 111168 254221 275235 440463 525151 557077 421332 506269 484060 384975 209832 282298 388057 483726 461320 546165 168986 340071 417478 555900 159552 170456 66082 406530 393428 303750
848161 978076 324883 678645 908991 1117925 721365 754566 936488 764307 659473 936242 208901 811306 23128 550807 477991 916909 571034 302078 653644 667850 87354 316133 776726 716078 539197 1110061 923151 450847 135542 634906 794386 462328 974194 569854 596413 791979 48474 504796 999999999 512351 612252 181750 434830 478308 52917 716777 230814 1086499 415345 1126508 156579 724575 485141 708889 296565 224933 181997 841247 385359 1104543 865780 693067 146736 561875 580958 909379 829933 797896 1134599 632525 539860 891780 453651 750331 288332 65699 1025913 770260 926064 982866 217577 763700 621359 232042 730850 987223 195183 911737 545016 809267 267598 823506 381693 672512 552050 130529 894554 508337
504975 880191 616911 212298 895752 832307 828736 583869 806770 609251 445245 939194 565836 1030030 489243 183757 565657 404859 608964 674602 385701 169305 553222 631793 826171 561219 174760 819157 920503 247134 390555 122636 601258 91112 617881 221700 799682 990611 464478 323898 512351 999999999 473034 346968 462342 185345 497298 649913 533739 934570 197788 864161 441804 284571 58944 199210 543048 485174 364763 341801 287729 804737 606552 215169 600237 172227 739994 778193 581434 292186 854588 202260 153641 550688 219076 407910 459266 454333 733131 874491 597823 768622 618817 276640 217523 401754 711859 679860 354237 405702 490159 626587 589718 878840 224651 433376 296852 381855 538619 600084
305769 417384 437434 402899 423201 509709 401228 143949 353293 158888 84997 467365 487456 638164 596539 299946 237064 675558 203424 532093 145186 463693 696025 463162 371276 107437 304823 503305 448441 243064 582944 519636 182209 391859 414194 268139 445553 591335 587524 155683 612252 473034 999999999 571654 194962 290435 563483 177557 439415 497066 308393 514771 456954 371763 417080 520340 388048 411403 444745 548440 259833 500496 262374 426612 583102 318213 371797 324131 226055 547108 524931 347070 327289 335435 266660 250770 339978 552152 423181 438107 352540 371557 538991 471983 314754 380229 245263 393303 601510 621821 92973 198513 459495 421220 310859 113880 178749 533114 351000 247774
753236 974542 427640 534840 933074 1051618 780851 714588 920118 730489 596939 967115 327275 914793 160578 426130 509707 750310 593263 439726 572208 511543 206787 428991 817678 679075 413497 1041659 951552 357988 46754 467424 748915 315558 878738 453433 685193 887721 134545 433490 181750 346968 571654 999999999 433826 361599 189728 711583 322915 1067169 303820 1068799 206832 591482 331266 546166 372125 289604 151450 686095 313864 1032790 800787 545618 309240 432232 651584 891402 767002 638535 1070699 497820 408074 799217 350081 651060 320833 144165 954702 830958 839201 938238 360771 614010 493743 238610 744126 909691 32514 752363 528023 768301 377123 868766 280089 602538 462822 75960 796858 545467
487079 547430 248077 481162 499498 702252 374055 327640 501994 333481 266362 534646 292866 568082 422122 341143 103356 767435 163489 341051 296388 520577 521365 273233 391783 288479 338416 696554 518595 221575 432916 548761 370092 371232 603289 327555 340696 528269 417744 181666 434830 462342 194962 433826 999999999 289178 383424 283949 245077 651914 264823 703596 278514 479846 403881 578716 193486 220762 288058 650199 177005 694586 457224 504460 390051 361621 277940 474670 420946 632702 716443 419497 356876 522096 248927 411555 149890 380388 617719 422421 544031 553867 344031 566180 390487 208064 310348 588180 466042 727722 112398 381384 265174 444455 243361 289709 246933 379048 534141 138045
393226 703746 482578 216863 711659 703541 646544 411238 633716 434679 274612 754669 460967 855754 456482 74145 391682 494737 426531 556279 227651 238084 543471 501977 641112 384641 64204 692233 736096 67624 391638 259603 434418 101483 517909 92768 629872 814487 436912 138643 478308 185345 290435 361599 289178 999999999 445691 466041 419486 768430 63014 727264 359083 248600 127569 294590 409244 372105 299249 390653 132203 681227 460111 236885 522405 89437 566039 604702 429960 361181 724118 160888 74248 439630 41331 290575 325368 412899 604676 691407 481555 613598 518265 306487 144315 294724 526699 556195 383533 467421 305270 458369 468810 693689 98603 269164 122364 358543 435877 424154
806747 925568 276346 651957 856092 1070739 669677 705084 884643 714166 613362 883451 161586 765500 49281 519244 425083 899576 518171 262734 610762 646450 140180 269520 724127 666420 508104 1063188 870309 412892 148138 619757 745378 439665 932383 535715 547478 744720 64730 461587 52917 497298 563483 189728 383424 445691 999999999 664630 179361 1034675 382778 1078165 106539 693797 464909 690391 244414 172016 146449 818151 344470 1058179 819061 667658 119665 531656 529850 857668 783045 777067 1087048 603087 510625 849694 418143 710373 236004 46361 979648 718744 882746 933283 179233 738676 589804 183739 678032 942066 210493 890353 494222 759715 219533 771122 347590 627488 511699 122478 853512 455438
398888 263805 468976 572471 245850 479486 266272 141199 221224 120468 231939 289808 552278 511833 705089 477291 253606 833741 165132 561042 303721 636903 803817 493861 209892 125487 482351 478665 270901 413614 714645 696128 175927 567009 472411 444710 367521 462828 701512 328407 716777 649913 177557 711583 283949 466041 664630 999999999 508680 370958 477396 464788 561335 531763 593343 692343 444985 495955 570344 704889 414592 483954 285182 595641 654087 495284 298311 195746 258593 710561 487544 519677 504820 410474 439113 383621 428652 664023 418102 290788 406348 307126 593434 634069 487655 492006 77425 410920 743155 774201 184055 166807 508770 254545 473777 257768 356261 661429 434181 237503
719076 763233 104772 636279 683240 947263 490551 571804 729827 575757 505322 708424 48353 594775 227995 491226 258242 910581 352083 140913 521828 651422 315657 107814 547592 532661 482978 941629 696042 364956 296320 648353 614694 454393 840012 495015 370730 570741 236752 379963 230814 533739 439415 322915 245077 419486 179361 508680 999999999 879186 364291 947629 116718 659372 486089 703993 67187 48760 189784 810136 290514 939597 701772 656316 146334 508500 350495 704330 665430 778898 961257 578696 493185 757555 381632 632975 105050 201886 862553 539485 783459 795996 104122 725908 557160 132072 511802 831763 352449 886777 356192 624923 58032 593471 327531 525537 442182 247555 766627 284482
493107 134743 832738 789746 284728 287660 511057 358924 150036 338900 493830 306684 922027 705510 1074035 750821 622198 981431 529828 921264 548881 863963 1173231 856623 416781 390731 760189 299587 298783 733950 1075340 941850 334350 867129 467045 712887 668114 661653 1069150 647297 1086499 934570 497066 1067169 651914 768430 1034675 370958 879186 999999999 799273 235874 930398 723308 885790 908137 814722 866825 933133 860442 756879 319897 346006 807939 1024012 763146 616941 177345 361056 888897 275802 756361 780943 466786 753971 554145 798959 1032035 316663 496410 426486 185217 960896 816659 729821 858835 376726 359893 1097569 909039 544275 310062 876291 411540 806185 501911 646153 1023580 493701 601387
449433 725754 434181 275301 720464 752402 634306 440349 659766 461454 308969 761735 403941 832251 393574 136551 368042 546402 415668 503131 272587 287391 481276 452069 638087 410042 125735 741736 743695 65564 331515 294199 468014 106768 575072 154915 602095 793000 374215 153081 415345 197788 308393 303820 264823 63014 382778 477396 364291 799273 999999999 773215 297710 311181 139900 341193 360092 316133 236329 447708 90449 731809 504789 293913 461496 150081 542249 630572 472805 414687 772307 221925 131215 495398 47705 347397 275345 349906 654340 681058 535688 652434 460750 364513 207047 236322 531572 607683 327581 523587 304034 490533 415840 691158 37297 308660 162728 296541 493300 402771
365577 335965 925673 683207 487886 56399 681170 375971 289678 372789 472553 520619 994587 903079 1110221 688197 708377 819286 627590 1019862 500860 756777 1209358 951245 591194 415137 699805 71560 508370 712788 1086814 841369 333785 814951 287937 650959 819562 856099 1099971 635571 1126508 864161 514771 1068799 703596 727264 1078165 464788 947629 235874 773215 999999999 971661 608249 825495 790043 890043 923888 954882 710401 756905 94139 268537 696311 1093417 694813 756297 297668 301798 749480 40063 666516 716954 324412 725513 456574 852518 1065417 135857 679704 276005 157679 1042102 685836 647024 894675 506359 191775 1095977 744617 591578 322765 958873 601890 790573 466437 610497 1040187 344980 698685
705235 823587 221106 572476 760639 964545 586864 598598 780440 607911 507897 790242 130693 708456 143757 433217 328724 834016 420004 245346 508112 576216 242852 224101 633772 559973 423027 957126 776249 318045 183699 561343 638840 371343 830275 445305 480505 682413 141907 359107 156579 441804 456954 206832 278514 359083 106539 561335 116718 930398 297710 971661 999999999 607252 400445 624781 166966 84499 79405 743246 246149 952362 713127 590179 164039 447707 451943 753179 677039 706394 980724 519541 428685 747413 327162 610750 134876 104009 873903 636719 779241 826830 178483 661163 502939 77849 578709 837031 237061 817842 388438 653247 172863 682654 260778 522810 412444 132342 752324 361434
243064 702214 709091 76990 761963 569180 772989 417144 620833 445842 300263 808679 703334 1007852 702320 174631 569068 303885 567428 790881 229266 148677 785250 731068 738263 412225 185705 554739 789280 294611 627488 234135 415050 277287 340807 164391 802411 961754 681537 298507 724575 284571 371763 591482 479846 248600 693797 531763 659372 723308 311181 608249 607252 999999999 269089 185383 639007 613766 547383 176943 369292 537832 377528 88070 769950 162718 730895 595503 363893 179230 592454 93675 185324 284257 280817 170057 559063 659634 472869 809294 332821 542170 761022 102484 104340 540316 607339 417276 607817 252031 439535 441100 704237 785646 347198 274024 232914 600795 266583 592995
472226 827298 565433 205252 839067 796246 769792 532124 755199 556826 393747 882192 520604 971790 462062 137826 507229 435230 550029 626921 337652 182791 533806 581344 767653 507935 126976 783657 863592 188241 371673 162300 551633 33464 589905 175773 741982 932126 438405 266186 485141 58944 417080 331266 403881 127569 464909 593343 486089 885790 139900 825495 400445 269089 999999999 225735 491294 437337 326082 356886 230246 770302 563768 214566 562000 131010 681688 726420 536889 312795 818036 178439 108569 518644 160218 372054 406892 424088 696788 815568 564568 723550 575014 282788 185655 354138 654238 644800 343710 426597 431616 576541 540989 820383 168832 383879 243103 355264 509026 541481
426727 882122 774953 121802 931108 748533 914041 590761 801752 619133 462379 977277 741352 1137252 685763 238102 678587 209535 698023 843770 390999 58487 752263 793205 891544 580255 240300 733605 957914 360612 589527 84802 593746 253463 513564 258687 917633 1093662 661493 405288 708889 199210 520340 546166 578716 294590 690391 692343 703993 908137 341193 790043 624781 185383 225735 999999999 701018 655415 551559 148726 425653 715542 562667 100933 787229 217513 850501 775583 547826 94686 772066 173270 222509 465716 335874 354061 616373 648977 654224 954722 514042 727510 796948 110846 205591 573448 764597 598337 553076 206857 569424 620046 756677 941513 377072 440015 350523 578456 445531 708367
