NAME : synthetic_000682
TYPE : CTSP-D
DIMENSION : 100
GROUPS : 8
RELAXATION_LEVEL : 1
EDGE_WEIGHT_TYPE : EXPLICIT
EDGE_WEIGHT_FORMAT : FULL_MATRIX
EDGE_WEIGHT_SECTION
999999999 376677 324904 204851 312757 152031 411022 490768 316774 567821 133314 707655 470053 499083 633747 402324 284456 296649 489362 430879 98622 443630 668894 561543 335897 661215 349931 182366 346824 527831 384229 507591 355630 491485 361523 259484 550462 184158 753766 438681 212114 558054 426360 181731 370491 234153 240676 325341 400220 277412 283787 518999 380759 57206 434884 457422 465853 192969 663081 248713 371551 429281 155531 222978 655741 293706 439995 213947 666451 193032 585543 247270 522149 319686 50543 714755 446041 144510 313045 263394 523359 605814 31679 235064 163653 660541 426758 247601 569915 534834 347091 214838 34191 603255 244123 452760 195406 478080 195462 675226
376677 999999999 687769 304471 217833 491705 758257 604324 98209 310014 430510 659281 106248 654262 258365 592223 158405 327838 470039 315391 451031 812002 504220 288598 653198 299653 161237 363822 457664 895691 614778 234385 700687 645442 484299 476626 258279 295017 758148 729603 277533 199943 421387 218596 528703 359641 419864 343610 40974 445819 137441 641853 757019 320218 400567 617779 367714 350000 463598 133947 455808 803640 438887 571550 559378 570293 519766 584614 709850 431949 349566 239044 273039 601944 336338 637470 571349 485996 685991 113326 237916 678309 351940 407366 536078 406266 660062 191353 514368 424695 320606 565593 377275 325982 466705 165422 465855 506344 571804 706926
324904 687769 999999999 511540 633883 309997 102149 486532 610666 804844 265358 779334 769230 447105 945857 574740 562109 477779 601199 628644 303188 126209 832666 807407 139802 948929 674680 465330 426709 208446 301034 832250 71896 444192 419777 473063 807617 417544 772407 228093 526053 878225 706576 471841 579626 518194 349286 619770 704139 358952 608111 493401 129036 380601 580190 636741 768723 378134 850357 568521 458745 139034 265412 285219 774980 425690 492231 114134 670229 430739 807774 493857 845400 428950 354627 807475 451186 308201 191178 576198 848192 599536 355688 493936 163815 881727 313018 572178 681334 694251 649793 279864 340474 845326 301412 777505 402588 557157 153191 687276
204851 304471 511540 999999999 135098 228996 605526 662764 301743 584536 332559 831470 410712 683490 528572 295826 309281 415574 612845 505698 212055 618960 739549 569221 539903 602483 196019 64703 507567 701431 582200 340854 552596 675283 528012 172156 546042 306853 899284 643525 27265 432332 226465 237610 238455 60058 413800 122009 342162 451398 168544 695086 535930 169521 546868 332222 261644 346083 716079 183112 524897 591962 353219 302052 757227 268618 597655 397427 822860 133708 615347 327236 344339 300120 209679 826930 619372 226177 438849 220182 359364 769703 174739 103443 348542 683594 626307 113700 684167 622896 142390 298799 177772 610407 432662 303210 171702 619524 363312 827914
312757 217833 633883 135098 999999999 363520 723376 709977 257358 524705 423787 832641 317864 742717 405383 384418 290636 438907 622848 489728 342184 746384 706329 504762 645179 498348 68710 198554 552476 829733 661563 205995 668329 734067 576367 289610 475685 350393 916011 742572 112603 303868 208108 262887 318368 169543 475503 126407 258798 510900 95133 745221 667706 262949 552871 403698 182973 401203 672280 148958 562839 722622 441331 437149 744509 392955 634940 520243 850924 265330 561852 340187 212480 423579 299252 819505 669452 360361 573256 183632 224339 805973 281095 219689 470106 622393 707328 77305 683755 607235 103670 433876 293496 543153 506369 170398 304358 642719 490523 852586
152031 491705 309997 228996 363520 999999999 411088 615888 449874 714401 251034 852749 593236 611738 739042 287380 426941 447473 636715 582799 53603 401727 820921 706304 380815 787824 419891 169828 484054 481396 478924 569514 366075 605105 494849 165188 692384 336120 890533 491160 251136 650658 398436 325199 276910 217580 375831 318979 521872 409645 372981 639827 310405 189733 584946 348259 468678 340252 814617 357768 511556 368210 272583 79857 805713 153492 575945 203283 798651 121927 734387 398019 573125 174588 201564 862583 571411 7566 209853 383103 587791 734325 157956 186008 166569 808876 515089 323026 718367 686549 353150 74054 129480 748327 364905 528009 92849 620364 157345 809365
411022 758257 102149 605526 723376 411088 999999999 464536 674795 842652 327894 764061 832379 412827 1014255 676460 621932 514194 607211 659804 400945 116755 844920 848320 126446 1004190 759861 562461 438812 169876 278020 917462 57571 411857 425982 574816 852683 474082 740893 162484 618279 953331 805985 539772 681762 615888 382593 716884 770642 382267 690061 463633 191521 464249 597925 738397 864969 427351 869863 646150 469206 166685 321603 387065 774866 527319 488130 210692 638352 531027 840327 547634 933116 529673 433945 797805 436012 408969 282965 649515 932612 568283 442557 593717 257438 912056 274640 658100 682748 710199 745590 381860 430627 883967 330171 859836 503864 555981 253779 657189
490768 604324 486532 662764 709977 615888 464536 999999999 507251 507084 365858 299938 620219 72787 803664 891798 449408 279206 196058 334393 568396 578667 421601 524983 350279 725471 703697 664362 157604 631106 187749 832434 432501 67280 135009 750084 546885 361278 287950 318055 655810 791661 886499 447091 861034 709709 251700 780623 590434 214115 627678 37629 615432 499826 235370 947988 892183 316765 465117 568071 149941 617363 343745 654901 327673 769332 86534 484493 187968 683798 484030 377135 866025 789559 461827 336761 44778 608999 645587 543495 839152 119559 509342 721832 481308 539135 193700 633335 245340 312885 788071 645990 524868 546098 251112 762547 683204 133300 523770 202809
316774 98209 610666 301743 257358 449874 674795 507251 999999999 282818 347690 581567 158563 556228 340529 597568 60418 229818 381894 235763 403196 736365 449752 268233 564943 344861 220582 350887 359510 819099 518239 326743 617417 547402 386129 468019 247695 203550 673659 636594 277754 295729 465008 140029 538949 361451 324257 372925 97068 348820 162425 544697 690168 264373 311473 631843 430039 256839 419095 120286 358224 733087 353282 528745 488751 551013 423343 513373 619611 413571 314233 141803 362746 582209 270472 564918 473596 443330 629797 81968 332360 584751 297433 403549 467078 381856 563241 202301 433793 351615 359207 521769 325229 309865 372614 256773 442316 413645 506886 618000
567821 310014 804844 584536 524705 714401 842652 507084 282818 999999999 546816 420275 233577 576642 353277 880348 288736 328808 314694 186829 663505 928970 215096 27507 718263 230432 471242 632740 421821 1005501 610980 510050 789509 569217 443640 749949 64590 399177 540252 754129 560293 395592 730848 389231 821191 644154 460285 647788 269964 462260 434842 541014 907838 524699 274942 913600 675805 428303 161323 402188 399115 940155 541738 789956 305897 828992 426479 729349 529055 693377 45137 324629 552969 859681 517417 382353 495047 707286 870232 364446 505022 527170 556589 686270 691155 99108 646603 481671 307081 208103 628338 782102 585163 41630 512482 452163 719650 375276 736924 517763
133314 430510 265358 332559 423787 251034 327894 365858 347690 546816 999999999 607802 505934 368078 686433 527103 297144 229948 397737 380840 202553 391567 605587 547038 226974 683601 447592 315550 235095 473046 251189 602765 270351 360765 244212 387405 544788 152441 639902 318996 335281 626810 557360 211935 500501 366713 127724 454444 442980 159286 372985 391519 361026 164600 355841 584541 589545 119672 611999 323605 264236 395431 22634 299067 572074 404078 325714 182901 547624 322572 554494 229093 623604 425507 125501 622196 321186 243953 334116 323151 616293 483670 159460 368096 149749 629740 294338 350536 480893 466322 472824 290016 166783 586296 114949 540860 318383 373854 197634 558385
707655 659281 779334 831470 832641 852749 764061 299938 581567 420275 607802 999999999 624805 360344 772385 1102280 542005 419072 220218 345990 800367 877303 227019 446976 646931 646371 802112 853529 373843 931041 486284 890262 729755 358800 370267 958114 481948 534032 125723 616959 816077 801319 1034535 593895 1058827 887818 480078 933462 629096 450753 738455 307162 907002 695619 284634 1151576 1010742 514687 291242 684302 343676 913595 589082 906787 115133 1001065 290449 760192 167164 891461 378430 504588 930846 1025950 665514 53413 329329 845292 923321 649054 890307 217000 716067 913617 746331 393005 493217 764971 148954 235527 928764 897740 738889 444056 505446 823449 901406 234079 792656 146347
470053 106248 769230 410712 317864 593236 832379 620219 158563 233577 505934 624805 999999999 678115 189028 697097 211025 359514 460304 299006 550327 894909 443621 208225 720379 194886 255030 469899 487372 977661 660895 276713 775129 669510 513867 582868 172967 359027 734025 786746 383752 178462 514450 298095 632901 465594 471969 444266 71386 491740 243234 657683 847141 415195 395992 720772 448809 409818 394347 237188 478547 891012 510786 673038 516711 676256 533720 671243 699292 537784 277423 289796 319539 707903 425980 595602 593035 587244 782363 210283 272540 677808 447822 513535 624343 322211 704402 297475 488392 390642 418120 666736 474440 239593 522773 219158 571221 506898 662958 693174
499083 654262 447105 683490 742717 611738 412827 72787 556228 576642 368078 360344 678115 999999999 863889 894207 496831 326427 268102 400004 567663 528922 494007 593660 307666 791911 742442 678286 197093 575451 147484 877688 387164 8846 170804 755463 614166 392450 328271 258383 679297 846066 909460 481376 868507 726409 270261 803811 643596 233217 665209 53186 575824 516110 302789 952312 922982 342320 537903 605897 199966 571841 345446 642523 397823 764729 150806 460972 225647 690551 554983 420194 909421 782596 476627 401107 85287 605269 617612 584615 885618 155458 521123 733658 465265 611295 138228 665463 317577 385162 814578 633843 533194 616163 254983 808237 685798 205231 504099 244365
633747 258365 945857 528572 405383 739042 1014255 803664 340529 353277 686433 772385 189028 863889 999999999 784732 397151 548272 633321 473968 702628 1070308 565307 326062 905470 158319 337092 592802 675359 1153930 849916 256083 956748 855386 701717 694137 290475 543963 889712 974812 501740 108538 559031 474965 717437 573389 660320 520707 243818 680692 366601 840827 1014485 576832 573655 794761 467740 596361 505455 386232 665186 1061770 693235 818168 658730 795823 717200 842934 867068 662171 397134 477465 292374 826956 594559 735605 778620 733984 939621 371243 240015 852654 607775 623684 794246 410460 893416 419060 648496 547730 485379 813005 631909 336958 710606 243294 699451 684790 829181 858592
402324 592223 574740 295826 384418 287380 676460 891798 597568 880348 527103 1102280 697097 894207 784732 999999999 602280 683684 882124 793098 326848 636396 1030485 864788 664919 882385 452664 253855 748937 703298 765300 549225 639370 887163 763824 144312 840835 568314 1155145 775072 320298 678713 256908 519191 67481 236267 642951 264029 631840 679447 455021 918513 528705 406738 821210 62124 361343 591403 1010069 478503 772807 587290 549618 289547 1038570 149187 842127 481578 1068765 211306 910988 607773 531038 151999 438701 1103963 847020 292877 412356 515932 568915 1007854 388352 195825 451785 979415 802257 402707 959077 907925 300290 295219 368760 905791 641911 542014 208737 877373 432366 1077364
284456 158405 562109 309281 290636 426941 621932 449408 60418 288736 297144 542005 211025 496831 397151 602280 999999999 170767 334548 200951 377167 688246 430396 279442 509375 387317 264820 349862 299871 770134 458112 383102 564844 487995 326415 466331 266216 148066 627832 578114 288406 356012 494205 102787 547497 369185 264718 396250 155659 288575 196751 486704 647890 237403 264045 641417 469963 199239 407809 142712 299823 688221 300589 503818 455987 541056 366506 469378 568806 407018 313010 81672 417530 571510 235247 529758 414770 419965 594895 107101 389790 530788 269924 406472 425101 385458 503006 224987 393127 319170 388020 496265 298471 321515 313886 313171 431689 361226 467289 568425
296649 327838 477779 415574 438907 447473 514194 279206 229818 328808 229948 419072 359514 326427 548272 683684 170767 999999999 198916 151933 393906 600874 378007 334177 390742 502607 426460 434545 130117 676760 303602 553377 460723 317606 156830 539757 340253 115633 484179 437606 402580 521296 628679 180845 639791 470304 131605 524365 318527 138663 351935 316312 586436 277684 138716 732509 621861 112208 382062 292651 129313 614738 220105 511654 359302 589194 198228 411292 412749 473456 329995 99440 586824 615996 250549 420857 244004 439907 563697 265476 560447 367383 300481 494629 379556 404151 345904 364365 275732 240413 525481 502868 325308 369954 184232 483559 485813 205579 427288 415624
489362 470039 601199 612845 622848 636715 607211 196058 381894 314694 397737 220218 460304 268102 633321 882124 334548 198916 999999999 161304 583760 712288 239210 334659 482037 539299 599131 633453 174996 777052 338685 704423 563391 261566 182258 738004 360109 313832 293377 484081 598421 638041 820521 375754 838707 668514 271679 717848 446546 248500 530560 227829 723884 475547 70586 931379 803961 296793 273904 473900 142769 739717 381028 694532 176048 783066 126572 563185 240469 671428 288866 287488 742539 808664 446083 225881 193899 629196 724658 440859 707469 219356 496562 693539 542625 343193 363436 552087 83267 117165 715571 685535 519958 352399 306647 635204 682076 62872 590178 236887
430879 315391 628644 505698 489728 582799 659804 334393 235763 186829 380840 345990 299006 400004 473968 793098 200951 151933 161304 999999999 529499 750662 239625 198543 534393 391918 456341 539262 235107 824965 424288 548885 608023 392033 257429 652583 215008 247875 442946 567316 486640 476879 694874 274126 741897 564833 279890 597149 288502 277754 394813 370611 738368 399861 100078 835955 665589 261536 233448 343318 213464 766155 371874 652093 255127 715394 249470 562925 400778 589157 180530 187780 588312 744092 381329 329832 315871 575307 713373 306503 550660 379596 427896 598105 529869 253271 460585 425923 199218 118232 588637 643571 455200 228405 330565 480653 607887 210887 577300 395579
98622 451031 303188 212055 342184 53603 400945 568396 403196 663505 202553 800367 550327 567663 702628 326848 377167 393906 583760 529499 999999999 407012 767431 656093 354947 744177 393144 162166 433192 489376 439232 546988 351459 560736 444941 193017 643206 282586 840279 464395 230225 618232 405605 274775 307490 215097 325085 316582 479202 359699 339335 593561 325590 139927 531489 385982 465673 287098 761585 317765 460109 380561 224682 126658 752294 202372 525572 190295 749547 135573 682597 345316 554364 225756 148538 809586 523736 46043 237519 340158 564544 686141 107243 194858 145175 757316 477519 292744 665215 632951 347085 119137 78710 698024 317351 500661 120104 568520 151992 759750
443630 812002 126209 618960 746384 401727 116755 578667 736365 928970 391567 877303 894909 528922 1070308 636396 688246 600874 712288 750662 407012 999999999 947567 932192 231713 1075131 791189 567227 540090 84209 391153 948093 149145 527699 530047 555408 933098 543713 857149 278689 635972 1000399 799157 597171 652924 617973 470772 719880 829320 476863 727361 579249 109783 500363 696983 696781 869699 503560 968573 690396 571510 60056 391293 356461 883049 489262 596929 229709 754553 523343 930543 619951 958804 484811 477030 909473 548241 401758 224415 699810 964660 684321 473386 587525 279997 1003933 390698 688629 790082 810591 752572 353738 455342 969683 420868 895812 490455 663952 255995 773198
668894 504220 832666 739549 706329 820921 844920 421601 449752 215096 605587 227019 443621 494007 565307 1030485 430396 378007 239210 239625 767431 947567 999999999 242535 719063 427819 661713 776743 407480 1014538 577845 719751 799374 488877 418938 891142 279686 484876 352682 722969 718763 610486 914378 512773 977407 799329 488993 822209 467339 474078 611905 446158 951378 639424 253269 1071431 871199 490112 64663 567419 376227 971694 592948 888305 116872 955002 364499 782673 370980 828301 170003 427393 762278 983626 619893 179812 429061 813394 939531 529032 716148 393642 667131 834893 755137 167371 601278 650673 176510 139704 808843 879631 694183 228725 532291 658398 847486 296966 803108 354289
561543 288598 807407 569221 504762 706304 848320 524983 268233 27507 547038 446976 208225 593660 326062 864788 279442 334177 334659 198543 656093 932192 242535 999999999 724784 206595 449734 619067 433287 1009681 622362 484221 794476 586061 455943 736231 37213 397419 566352 764322 544496 368328 709947 381327 804789 628525 465741 628749 248094 469880 416288 559517 907851 516633 291015 896718 652785 429659 187992 386285 411976 941645 543079 782725 332829 817401 443036 728892 553090 680911 72534 321679 527194 848308 511388 409546 511127 699289 866856 349089 478846 549252 548913 671576 689448 117708 659103 464395 331226 231358 608243 775028 577498 42124 518394 427237 708204 394225 734627 542251
335897 653198 139802 539903 645179 380815 126446 350279 564943 718263 226974 646931 720379 307666 905470 664919 509375 390742 482037 534393 354947 231713 719063 724784 999999999 886251 673353 507364 312470 295513 162954 829300 82921 305017 300237 544635 730546 361627 634149 110362 548003 851457 755169 435479 657617 561369 259597 658268 661818 256642 599589 354896 268187 382249 471487 726718 801445 311094 743445 550541 343049 267125 215103 382154 651566 519938 365245 185310 531721 490507 714830 431959 849075 529744 346682 678070 317602 376568 320997 548762 843066 461015 367131 548659 214247 786150 173331 574447 558825 583884 682285 374815 362320 759709 206600 767813 471002 432443 234732 549214
661215 299653 948929 602483 498348 787824 1004190 725471 344861 230432 683601 646371 194886 791911 158319 882385 387317 502607 539299 391918 744177 1075131 427819 206595 886251 999999999 431003 663072 618375 1156499 804132 393979 947867 783951 643097 774306 179261 531958 768548 940197 575297 247409 679114 484053 816678 655371 628815 622828 266230 641151 433972 761031 1034135 607536 490101 901128 597917 576846 364765 432028 601511 1075438 685285 867570 531248 869653 641272 856264 759422 731486 268782 456818 434448 901300 615333 604718 707715 781755 974215 404721 381154 755490 640423 704297 811004 264327 844204 488786 537459 437921 592199 861161 667539 202342 681677 361322 765502 597225 851566 748191
349931 161237 674680 196019 68710 419891 759861 703697 220582 471242 447592 802112 255030 742442 337092 452664 264820 426460 599131 456341 393144 791189 661713 449734 673353 431003 999999999 260676 547772 875136 673630 157686 703615 733657 572943 357195 418762 352335 892160 765659 170613 237104 260704 262445 386303 236589 481652 191897 201654 514897 77862 740028 717894 295613 528558 470177 210327 406553 623599 136581 554297 771149 462864 495947 708474 459702 624652 562495 833208 329092 510455 327185 176055 490593 327570 785144 665271 416046 628323 161134 173571 792858 318991 286890 512008 567341 719759 102600 654123 571633 163299 492028 335851 486596 518157 108119 367562 625165 536862 833165
182366 363822 465330 64703 198554 169828 562461 664362 350887 632740 315550 853529 469899 678286 592802 253855 349862 434545 633453 539262 162166 567227 776743 619067 507364 663072 260676 999999999 513162 648524 566592 403355 511738 670431 531317 117211 597939 320696 913656 614235 91096 497020 247814 265519 205341 54071 412735 154489 400153 450436 230227 694703 479719 164801 570410 298621 303546 351511 757470 236603 533717 536901 337571 239554 785977 206590 605407 352098 832412 69436 661119 354546 404492 238232 202624 852800 620077 168010 378838 271363 422149 775684 157368 60088 305362 731373 609031 175594 708428 654401 185394 236868 149907 660750 423786 367639 107011 633875 313813 839075
346824 457664 426709 507567 552476 484054 438812 157604 359510 421821 235095 373843 487372 197093 675359 748937 299871 130117 174996 235107 433192 540090 407480 433287 312470 618375 547772 513162 999999999 607874 189181 680743 392004 188249 26721 605391 446780 203856 407390 332990 499526 651315 729993 289601 713670 556435 108224 624190 448552 76916 471197 192831 548890 348449 159585 802954 734591 162045 431147 411628 32242 565492 215617 534008 350429 635523 93190 390044 320170 538423 411319 223305 712888 658528 312235 391941 117517 476757 552510 388603 688548 262702 361590 571794 372974 479285 226440 475762 256783 271416 630813 524956 380187 463321 133112 611218 542070 139918 419781 328432
527831 895691 208446 701431 829733 481396 169876 631106 819099 1005501 473046 931041 977661 575451 1153930 703298 770134 676760 777052 824965 489376 84209 1014538 1009681 295513 1156499 875136 648524 607874 999999999 446355 1031907 217173 575345 595631 630933 1011792 624619 901431 317748 718940 1084537 876962 680254 724401 698549 545633 800261 912526 548685 811548 627483 176261 584572 766518 762430 950032 582701 1038538 774539 638558 116710 471541 430999 944529 558734 657810 313917 799472 602320 1005351 700439 1042202 551314 561073 966080 604438 481884 292244 783676 1048557 730345 557543 666446 364191 1077977 438545 772603 852557 879273 833634 429135 539289 1046495 494400 979923 568267 725755 339212 819047
384229 614778 301034 582200 661563 478924 278020 187749 518239 610980 251189 486284 660895 147484 849916 765300 458112 303602 338685 424288 439232 391153 577845 622362 162954 804132 673630 566592 189181 446355 999999999 820778 244807 143788 168065 631216 635021 325036 471466 146160 582730 813934 807947 413422 745567 617900 195628 704204 613310 169714 595950 192367 430044 412802 343827 825069 834878 269197 609946 539335 213304 429787 229573 502260 499741 629885 214355 315504 369204 568890 599506 376469 847589 645568 372704 519868 158103 472973 470381 526227 831505 298506 410558 617996 324183 665804 46151 585134 409271 449524 720438 493819 417173 652457 155613 753760 559199 282712 360236 386420
507591 234385 832250 340854 205995 569514 917462 832434 326743 510050 602765 890262 276713 877688 256083 549225 383102 553377 704423 548885 546988 948093 719751 484221 829300 393979 157686 403355 680743 1031907 820778 999999999 861121 868843 706890 482778 448096 496040 991829 919291 318512 149205 308084 407410 482004 368008 626120 290756 261252 657061 229780 869652 872527 453241 634872 550863 212267 551671 671035 282403 682668 926680 617042 642684 786700 587931 749501 719818 944128 468080 554110 457494 43050 617162 484589 865448 797012 566339 779240 295355 19816 911309 476583 416168 669350 595218 866888 260072 747189 654797 251675 639605 492854 512741 666398 69994 507410 739770 693107 941309
355630 700687 71896 552596 668329 366075 57571 432501 617417 789509 270351 729755 775129 387164 956748 639370 564844 460723 563391 608023 351459 149145 799374 794476 82921 947867 703615 511738 392004 217173 244807 861121 999999999 385075 381218 531023 797977 417136 714841 156788 564453 895823 757062 482210 640370 565507 329243 665811 713172 331513 633283 435715 192186 408094 549938 701488 813043 371193 821897 588887 423153 185085 264352 350300 733904 490951 447866 162968 612258 483944 788491 491120 877359 496118 377113 760984 400432 363299 263064 591993 876107 541628 387260 545690 206512 860907 250209 602121 640949 663111 693504 344244 376473 830676 277522 803012 458837 514812 209515 630161
491485 645442 444192 675283 734067 605105 411857 67280 547402 569217 360765 358800 669510 8846 855386 887163 487995 317606 261566 392033 560736 527699 488877 586061 305017 783951 733657 670431 188249 575345 143788 868843 385075 999999999 161958 748171 606343 383770 329863 258837 670966 837324 901190 472647 861101 718415 261907 795516 634835 224782 656440 52169 573043 508066 295109 945141 914408 333779 532125 597118 191268 569947 338138 636624 393847 758198 143066 456072 227236 683144 547917 411349 900586 776270 468640 398767 76873 598599 613345 575790 876772 156725 513328 725942 459590 604715 137270 656820 312575 378699 806147 627919 525615 608845 247362 799391 678679 198707 498827 245531
361523 484299 419777 528012 576367 494849 425982 135009 386129 443640 244212 370267 513867 170804 701717 763824 326415 156830 182258 257429 444941 530047 418938 455943 300237 643097 572943 531317 26721 595631 168065 706890 381218 161958 999999999 620832 470451 226680 395725 313380 520820 678035 751496 313670 730252 575701 120882 645624 475272 85249 496128 169042 544026 366530 176408 818678 758113 181930 445859 436616 45324 557925 223582 541701 355222 647250 81838 390235 305160 554056 431447 249397 738791 669433 329349 391828 93099 487661 553284 414235 714830 244779 377946 589438 376518 498025 203160 499452 261557 285394 653183 532661 395274 485003 135618 637433 556110 138933 422512 314831
259484 476626 473063 172156 289610 165188 574816 750084 468019 749949 387405 958114 582868 755463 694137 144312 466331 539757 738004 652583 193017 555408 891142 736231 544635 774306 357195 117211 605391 630933 631216 482778 531023 748171 620832 999999999 714825 424267 1011122 654796 199173 593472 249278 378499 114505 120794 500070 196748 514161 536895 340376 777721 455244 262505 677592 197941 336159 447211 873465 352644 628860 514769 410033 199985 895705 105184 698556 368408 925446 67078 778144 466010 475135 134644 294493 960326 705327 168617 342296 388106 502422 865278 244249 70606 330805 848561 670219 285651 815332 766228 236228 201893 225576 777879 501551 458963 73687 733111 321739 933735
550462 258279 807617 546042 475685 692384 852683 546885 247695 64590 544788 481948 172967 614166 290475 840835 266216 340253 360109 215008 643206 933098 279686 37213 730546 179261 418762 597939 446780 1011792 635021 448096 797977 606343 470451 714825 999999999 393318 600212 775032 520744 331118 679395 368975 779817 604807 470950 600623 217397 477991 389267 582174 904447 503311 311644 871047 619712 429545 225047 362966 427465 940187 542360 769812 368299 798664 463368 725177 583711 661247 109706 316665 491110 829814 500840 445488 530559 685519 858953 326738 442385 577003 535996 649001 684139 149723 673208 438912 362413 261781 578805 762339 564497 67858 523968 392119 689834 418016 728418 573569
184158 295017 417544 306853 350393 336120 474082 361278 203550 399177 152441 534032 359027 392450 543963 568314 148066 115633 313832 247875 282586 543713 484876 397419 361627 531958 352335 320696 203856 624619 325036 496040 417136 383770 226680 424267 393318 999999999 593755 434587 296897 494887 526758 89891 525516 359059 130115 421130 300588 162562 274540 395719 511149 162054 254135 617794 531574 55953 481066 216192 218568 547527 153387 404239 474169 474608 291500 331910 516011 357867 411035 76803 523979 501931 136141 536489 319720 328582 471657 201192 506515 463855 185415 380669 292105 486596 371067 273231 391364 350825 426973 395702 211028 437580 172597 428741 370402 313743 337754 521173
753766 758148 772407 899284 916011 890533 740893 287950 673659 540252 639902 125723 734025 328271 889712 1155145 627832 484179 293377 442946 840279 857149 352682 566352 634149 768548 892160 913656 407390 901431 471466 991829 714841 329863 395725 1011122 600212 593755 999999999 583707 886754 912077 1111863 664702 1117164 952744 515237 1008182 731161 480890 823934 279258 901442 750711 363792 1207910 1097328 564083 416763 767110 382365 899789 619038 936145 239014 1042651 314707 771805 102638 944046 499836 578480 1031168 1065122 716725 176297 328307 883324 933393 734235 993412 173213 766874 973311 766062 518148 466462 844519 245829 344075 1007556 927135 786785 566316 528701 923517 949158 280016 809797 85257
438681 729603 228093 643525 742572 491160 162484 318055 636594 754129 318996 616959 786746 258383 974812 775072 578114 437606 484081 567316 464395 278689 722969 764322 110362 940197 765659 614235 332990 317748 146160 919291 156788 258837 313380 654796 775032 434587 583707 999999999 649840 929460 861912 516509 767921 668052 314864 763349 733444 299066 689931 310976 346386 481062 489623 836923 904267 379912 756017 637564 358704 328647 302809 490971 640986 629575 358594 294419 481728 599950 744273 497351 941698 638570 443452 654813 297311 486874 418450 631195 931973 412751 469206 657272 324597 811405 124596 669511 552308 595650 785753 483858 467034 795719 264251 855388 581133 426650 343930 501362
212114 277533 526053 27265 112603 251136 618279 655810 277754 560293 335281 816077 383752 679297 501740 320298 288406 402580 598421 486640 230225 635972 718763 544496 548003 575297 170613 91096 499526 718940 582730 318512 564453 670966 520820 199173 520744 296897 886754 649840 999999999 406189 230730 222682 261265 84075 409063 124843 315475 446368 141334 688862 555470 170727 531494 354507 254609 339213 693891 158219 515462 610783 355147 325812 739440 295852 588385 411977 812343 160432 591834 311499 324196 327366 210432 810113 612914 247846 460747 195881 336682 760715 180938 129940 362408 659395 627405 86518 668179 604321 137761 322192 188026 585501 431074 278338 198006 607540 379985 816751
558054 199943 878225 432332 303868 650658 953331 791661 295729 395592 626810 801319 178462 846066 108538 678713 356012 521296 638041 476879 618232 1000399 610486 368328 851457 247409 237104 497020 651315 1084537 813934 149205 895823 837324 678035 593472 331118 494887 912077 929460 406189 999999999 450507 415980 611289 473269 619481 414844 202770 644548 278901 829279 937254 500886 572585 687169 359733 549943 555805 310003 646194 987213 636536 728585 691443 696614 705586 771008 877505 565856 440725 437532 187874 727368 523668 770087 761771 646137 855691 303854 134640 854528 529919 523498 721200 470164 858970 327681 666625 568275 378669 724034 551885 389900 666636 136750 604030 682888 752613 871575
426360 421387 706576 226465 208108 398436 805985 886499 465008 730848 557360 1034535 514450 909460 559031 256908 494205 628679 820521 694874 405605 799157 914378 709947 755169 679114 260704 247814 729993 876962 807947 308084 757062 901190 751496 249278 679395 526758 1111863 861912 230730 450507 999999999 447864 194655 193875 639391 105887 462094 676823 302595 919590 702348 395800 751709 246448 105060 569943 880168 351571 745177 761593 578514 447621 949999 342941 818123 595375 1040636 276539 768952 533462 282717 365205 435944 1023927 843643 399304 590959 388593 326889 990500 398080 212747 550664 827638 851646 269648 885644 812902 106246 448567 395762 747205 659122 319261 308789 834257 553435 1044206
181731 218596 471841 237610 262887 325199 539772 447091 140029 389231 211935 593895 298095 481376 474965 519191 102787 180845 375754 274126 274775 597171 512773 381327 435479 484053 262445 265519 289601 680254 413422 407410 482210 472647 313670 378499 368975 89891 664702 516509 222682 415980 447864 999999999 469513 294733 219583 343557 232322 252452 184663 482384 550290 135473 309272 563389 445266 144635 497687 126402 300519 593082 220616 401422 521217 445409 373043 373352 593025 315635 410447 89826 434504 475157 132938 589727 406703 318115 493091 114703 418493 544899 167588 324845 327156 484336 459552 186388 446596 388892 345122 393776 196175 423281 259103 340967 336574 386406 367600 596351
370491 528703 579626 238455 318368 276910 681762 861034 538949 821191 500501 1058827 632901 868507 717437 67481 547497 639791 838707 741897 307490 652924 977407 804789 657617 816678 386303 205341 713670 724401 745567 482004 640370 861101 730252 114505 779817 525516 1117164 767921 261265 611289 194655 469513 999999999 178411 609958 196748 568709 647188 392052 889488 548240 366462 775724 94072 297653 553417 954534 419027 735807 607698 523131 297603 990644 166839 806585 478795 1033780 177957 853093 559048 464477 181506 401452 1058011 816357 281049 432232 457010 501718 975019 352310 145278 443419 920297 784707 340922 913736 858085 232812 301540 336316 845421 614014 474612 187727 837848 430928 1041281
234153 359641 518194 60058 169543 217580 615888 709709 361451 644154 366713 887818 465594 726409 573389 236267 369185 470304 668514 564833 215097 617973 799329 628525 561369 655371 236589 54071 556435 698549 617900 368008 565507 718415 575701 120794 604807 359059 952744 668052 84075 473269 193875 294733 178411 999999999 458752 101976 398291 496513 222365 740936 527906 210483 603460 272240 251751 394391 776129 242241 575425 585786 388438 281486 815489 223413 647775 405340 874091 102067 675263 384557 364796 254100 249782 884460 665758 216712 423657 279710 387354 819116 207455 50307 359045 743241 660807 168407 741126 681710 135674 279938 202568 669564 472802 339669 141135 672736 366049 879905
240676 419864 349286 413800 475503 375831 382593 251700 324257 460285 127724 480078 471969 270261 660320 642951 264718 131605 271679 279890 325085 470772 488993 465741 259597 628815 481652 412735 108224 545633 195628 626120 329243 261907 120882 500070 470950 130115 515237 314864 409063 619481 639391 219583 609958 458752 999999999 533660 420375 37762 403790 282199 463227 248438 235989 697963 654008 75103 502252 345978 136577 487521 109607 426752 447138 527449 200552 294242 425995 433374 459921 183264 654017 550318 210146 495018 207343 368537 453925 331050 636447 365243 257834 470141 271044 533161 241461 398251 354944 349357 544433 417702 274494 501503 53098 558628 435258 246160 318732 435312
325341 343610 619770 122009 126407 318979 716884 780623 372925 647788 454444 933462 444266 803811 520707 264029 396250 524365 717848 597149 316582 719880 822209 628749 658268 622828 191897 154489 624190 800261 704204 290756 665811 795516 645624 196748 600623 421130 1008182 763349 124843 414844 105887 343557 196748 101976 533660 999999999 384496 571047 213115 813705 628925 291466 649664 278301 149821 464056 791624 255110 639640 687094 475198 379577 851965 301234 712588 506584 935681 200144 683540 430385 279489 329093 331613 924695 737756 318380 522871 293283 310567 884962 295968 138141 459635 746110 748309 171794 784817 715381 39711 378758 296337 667791 554230 278099 237639 729851 467901 939580
400220 40974 704139 342162 258798 521872 770642 590434 97068 269964 442980 629096 71386 643596 243818 631840 155659 318527 446546 288502 479202 829320 467339 248094 661818 266230 201654 400153 448552 912526 613310 261252 713172 634835 475272 514161 217397 300588 731161 733444 315475 202770 462094 232322 568709 398291 420375 384496 999999999 443618 176822 628062 778703 344852 378304 658179 406452 353836 425022 166051 443882 823620 449447 601684 526749 606166 504805 603953 686991 467569 310201 237217 301796 637797 357204 605258 559559 515898 711945 139054 262252 658736 377305 445414 556388 365687 657927 229895 486110 393723 361566 595407 403665 285148 469324 194671 500539 486493 594034 683031
277412 445819 358952 451398 510900 409645 382267 214115 348820 462260 159286 450753 491740 233217 680692 679447 288575 138663 248500 277754 359699 476863 474078 469880 256642 641151 514897 450436 76916 548685 169714 657061 331513 224782 85249 536895 477991 162562 480890 299066 446368 644548 676823 252452 647188 496513 37762 571047 443618 999999999 437100 244437 477757 286194 221250 734829 690203 109699 491901 378669 107917 497958 139166 457660 424543 562001 166447 314719 390139 470328 458196 207020 685988 584233 247825 468415 169672 402444 476608 361707 666805 328432 295254 507730 296221 529806 214431 433598 331314 335330 581366 448609 311369 503809 58515 588938 471397 216821 343203 400055
283787 137441 608111 168544 95133 372981 690061 627678 162425 434842 372985 738455 243234 665209 366601 455021 196751 351935 530560 394813 339335 727361 611905 416288 599589 433972 77862 230227 471197 811548 595950 229780 633283 656440 496128 340376 389267 274540 823934 689931 141334 278901 302595 184663 392052 222365 403790 213115 176822 437100 999999999 663765 659683 227517 460259 482196 273410 328691 579211 59607 478734 710909 387405 451770 649458 436555 549744 497723 761570 299393 470437 252499 252395 468152 256171 724638 588710 368163 576815 89758 243562 719162 254106 270589 447366 533376 642089 54859 589685 512178 196948 446785 274320 455889 440555 169793 335203 553234 475946 762385
518999 641853 493401 695086 745221 639827 463633 37629 544697 541014 391519 307162 657683 53186 840827 918513 486704 316312 227829 370611 593561 579249 446158 559517 354896 761031 740028 694703 192831 627483 192367 869652 435715 52169 169042 777721 582174 395719 279258 310976 688862 829279 919590 482384 889488 740936 282199 813705 628062 244437 663765 999999999 622408 530627 271123 975423 927122 349657 492453 604166 186999 620750 369105 675531 346983 793299 123965 499717 176858 711833 516644 413853 903052 812608 492089 348118 76066 633090 658925 580095 876482 106150 538759 751582 499982 569706 189219 668397 269741 343576 821985 666705 553179 579562 276615 799793 709778 165867 540908 194447
380759 757019 129036 535930 667706 310405 191521 615432 690168 907838 361026 907002 847141 575824 1014485 528705 647890 586436 723884 738368 325590 109783 951378 907851 268187 1034135 717894 479719 548890 176261 430044 872527 192186 573043 544026 455244 904447 511149 901442 346386 555470 937254 702348 550290 548240 527906 463227 628925 778703 477757 659683 622408 999999999 437795 698124 588579 778294 479947 965250 629173 581116 59613 367073 255270 898880 382943 618609 179291 799247 429507 914694 587791 879649 376788 421505 933957 579611 311756 116474 643699 889977 728550 407599 493334 223147 989649 440744 616377 805136 812044 663534 253837 385482 947288 419312 824765 394261 682409 185304 816312
57206 320218 380601 169521 262949 189733 464249 499826 264373 524699 164600 695619 415195 516110 576832 406738 237403 277684 475547 399861 139927 500363 639424 516633 382249 607536 295613 164801 348449 584572 412802 453241 408094 508066 366530 262505 503311 162054 750711 481062 170727 500886 395800 135473 366462 210483 248438 291466 344852 286194 227517 530627 437795 999999999 416046 457545 424964 187155 628921 191521 369576 486487 184458 266501 635506 315642 440898 270660 668033 195890 545302 212413 469455 344234 40158 698532 455674 182672 367169 207110 468576 610897 33067 223404 220532 619514 457132 194081 553415 509227 308392 259061 61259 558634 263544 396969 209261 471605 252536 675083
434884 400567 580190 546868 552871 584946 597925 235370 311473 274942 355841 284634 395992 302789 573655 821210 264045 138716 70586 100078 531489 696983 253269 291015 471487 490101 528558 570410 159585 766518 343827 634872 549938 295109 176408 677592 311644 254135 363792 489623 531494 572585 751709 309272 775724 603460 235989 649664 378304 221250 460259 271123 698124 416046 999999999 868943 733668 245651 272020 403916 131171 719205 341721 646896 220869 727827 152048 530104 309285 611567 257632 219997 672663 754462 389238 282755 220205 577384 688487 370522 638299 281958 439196 630448 504432 322031 375743 482762 138020 114088 646441 638004 463943 315295 279219 565475 624486 111241 552407 306732
457422 617779 636741 332222 403698 348259 738397 947988 631843 913600 584541 1151576 720772 952312 794761 62124 641417 732509 931379 835955 385982 696781 1071431 896718 726718 901128 470177 298621 802954 762430 825069 550863 701488 945141 818678 197941 871047 617794 1207910 836923 354507 687169 246448 563389 94072 272240 697963 278301 658179 734829 482196 975423 588579 457545 868943 999999999 351025 643832 1048211 511695 825940 646816 607133 351589 1084409 211078 896069 543605 1123097 264626 946074 652831 528313 211972 491282 1151412 903225 353542 472465 549875 570184 1063192 441429 238734 513322 1012673 862559 432351 1006963 952068 310340 357315 423482 937076 699036 551540 266610 929135 494429 1131137
