NAME : synthetic_000354
TYPE : CTSP-D
DIMENSION : 100
GROUPS : 8
RELAXATION_LEVEL : 1
EDGE_WEIGHT_TYPE : EXPLICIT
EDGE_WEIGHT_FORMAT : FULL_MATRIX
EDGE_WEIGHT_SECTION
999999999 189354 637626 398966 519185 405088 391211 434490 427147 501573 359338 319501 353676 398242 534234 452099 722795 582161 672699 406335 658853 301362 682188 639909 589836 606440 457695 173593 481599 477828 327365 317826 696729 638466 206267 260100 341298 430904 299520 356771 201774 705604 145300 480898 634611 698861 204958 533543 639893 554595 535177 465950 679028 246373 407119 697897 381437 297745 420345 280060 210167 595900 772037 489578 252999 518345 367753 299359 506973 701392 302845 371132 509802 517753 388943 154664 558937 651721 544220 595006 629018 460434 770306 552290 682922 187107 338594 596048 562213 592629 331218 273239 514915 357997 489983 278024 663119 413295 442060 628759
189354 999999999 571299 505630 356027 470222 375421 285321 589011 567596 512131 508229 400569 409086 447819 262794 622148 417146 484245 580471 470178 188046 639468 576535 596425 430733 269022 348649 511217 292657 159720 504776 524074 459309 165801 81358 304917 307305 458012 411741 195262 575671 325951 300751 445866 621505 93147 388214 583463 566480 368282 481748 586644 131357 316575 508941 429761 401180 393599 468426 396381 407728 708754 307474 435265 364148 365846 312336 475189 575650 217461 471146 521303 348745 467597 291415 583689 524544 474405 613640 464995 381110 582397 385992 504437 161895 348893 610400 560830 434297 143577 230834 522053 424609 341766 195515 540423 461204 449612 439698
637626 571299 999999999 505146 793420 395214 946553 776384 712362 403571 642011 816571 367876 288413 131051 585462 145785 389256 714420 760927 620680 383989 100015 10740 233817 457024 607797 650285 299673 658258 454874 792034 464750 492121 437919 514775 296541 829965 638839 970950 761642 248160 761401 694678 684805 68867 663719 860126 34338 247037 397014 269158 97891 695794 866771 713995 991939 488942 963444 783459 719059 677897 137629 687028 846073 342480 291947 880619 1042261 229437 781186 482608 1092408 769972 428879 792084 286409 224198 97002 273420 390883 190240 662014 394121 503114 729241 325020 259800 207706 863831 530480 802003 1093325 979050 327563 762280 207620 353961 260798 670646
398966 505630 505146 999999999 859215 110211 789491 790807 208691 144845 149723 368174 161817 233157 483034 716989 643597 701406 931114 265130 877074 441672 486768 500375 321106 756599 732557 272992 211666 771684 538012 337655 819863 797180 361151 523903 322921 806131 176124 735877 599866 700912 431136 790682 892084 573070 572349 893728 485517 287760 671490 236197 591817 617902 796753 947412 761933 105265 819125 348871 316177 862821 599115 793373 461485 624834 258714 696022 905588 687131 690535 36531 899482 848953 78242 513733 264091 652998 453667 300624 734941 431107 968214 682528 831881 581479 238736 309784 319968 938337 594280 669776 905910 730293 591287 665269 650584 151794 247092 881495
519185 356027 793420 859215 999999999 812616 377628 93585 940628 906367 866039 828065 739457 728367 663414 209868 781007 461153 255873 925159 322560 459650 883878 801974 895188 419999 187689 691628 833148 138760 359442 831828 497913 416883 503093 340825 607954 146253 809985 508151 372662 680600 620798 100161 237494 820231 314493 75995 817223 871842 426000 797040 766063 276397 222968 287090 507953 755760 364365 791158 726943 202436 918114 110908 719636 467294 682384 404723 391765 690555 259757 823976 500308 27889 814925 543644 897397 647127 707782 920835 495553 622377 419698 437962 451114 360991 674980 914460 855832 79556 283988 320806 492854 533049 471666 274738 669586 796560 762361 244151
405088 470222 395214 110211 812616 999999999 792660 752834 317398 98644 250843 452094 74341 127778 375640 652167 533406 607582 857969 369408 796119 369852 381371 390640 225198 666110 669682 321555 108292 712551 471406 423444 723607 707026 310048 471916 234141 777270 260645 758592 596726 593152 471759 735668 819625 463341 548698 854919 376327 189370 581502 126888 481635 593602 778384 871782 783964 126080 819885 426458 378933 793484 492953 736421 523097 531779 161201 703397 906691 578917 673088 89183 914869 799334 34657 541004 174695 546316 344320 213180 638180 328093 881354 591106 739283 573461 149872 219467 217015 892168 535927 662051 919996 756736 498901 648259 542914 41613 137074 808154
391211 375421 946553 789491 377628 792660 999999999 296148 783127 890450 730222 599889 734594 763894 821637 486942 989163 731999 628204 741554 674954 562695 1014081 951900 956764 718090 474170 537604 858470 451859 508773 616435 810451 731263 526645 436594 673988 231606 669055 144172 197370 925635 399057 423896 603195 995307 282847 331799 958851 923984 684910 835885 957226 254176 154662 659564 135935 688955 33494 573710 536153 563159 1083875 439479 458899 701364 725050 95926 116395 929053 175951 762298 149730 397561 778886 300629 934828 878706 849734 968436 777173 756314 783303 701718 773689 225036 701936 967305 924034 408195 448128 144587 148479 170256 687944 188761 897282 796009 807001 606318
434490 285321 776384 790807 93585 752834 296148 999999999 859620 848921 787215 738424 681310 678843 645334 218825 781319 479212 332331 840746 382017 417791 861580 784124 854983 449716 200186 607933 783400 164720 325365 743327 536210 454814 443351 288055 562474 70674 729743 419987 279503 692590 529771 131226 307142 810347 229911 102921 797181 828987 437804 749728 760485 188579 144331 363645 421709 686107 287688 702144 639753 267463 906691 146858 627197 470162 633397 313893 329605 700249 166235 756447 429383 105753 752014 450753 851470 653512 685774 877641 519202 595884 488022 452257 493944 269180 622172 872425 816638 158809 247846 227502 423307 444323 467786 181308 674957 740486 715713 310660
427147 589011 712362 208691 940628 317398 783127 859620 999999999 340964 83082 227340 353814 432088 679916 835455 848432 869940 1057899 71529 1019084 586003 695219 707966 526775 918122 847107 254678 420254 878313 668098 197496 990952 957335 485047 632136 498353 857976 131002 694915 618434 896924 385590 889444 1018516 780655 629836 959953 693687 494751 833988 444209 796624 672791 830031 1078360 720770 244479 815785 230591 247536 984426 807671 895411 363625 793687 448261 687356 897710 884386 728159 229969 864559 936098 283491 483360 468043 846775 655363 502679 908202 620997 1119503 847243 995932 610593 421627 513058 528110 1016374 707908 691160 873233 682314 759874 703804 846677 358431 452303 1009754
501573 567596 403571 144845 906367 98644 890450 848921 340964 999999999 292923 512893 167612 192180 415507 739366 548426 671134 939081 404025 871635 456434 365098 396744 189605 733174 757739 404110 109391 802096 559266 482462 782479 774094 405580 565605 312762 874852 320292 852778 694903 626823 559097 826803 901389 467637 647089 950611 378072 162054 650086 149985 497988 691894 876887 951076 878370 211394 917943 492593 454827 877354 477293 826779 600522 597368 235350 800537 1004776 610770 771672 149090 1010931 892172 113499 633306 129486 584817 375221 162114 697166 382270 950792 657898 803095 671932 233973 173130 199831 985846 626884 760570 1016309 849923 565855 746864 577746 110278 178246 889388
359338 512131 642011 149723 866039 250843 730222 787215 83082 292923 999999999 226805 277790 357285 602429 754820 774935 787102 976754 118989 936602 502998 632162 638274 470167 835056 766967 193009 357751 799311 585937 195402 908179 874255 402673 551974 416929 789335 61240 653299 556429 818511 340387 811654 937354 710726 558291 888529 625354 436144 750958 376959 723239 602203 765861 996821 679471 163583 762155 215277 206000 903740 743787 817134 341507 710924 369960 634350 846069 806461 662146 161664 822038 860429 216194 434866 413707 767730 580269 450346 825627 541573 1036605 764265 912892 545635 342089 459435 466772 942695 627439 629139 829950 643255 677128 637360 768399 290231 381219 928393
319501 508229 816571 368174 828065 452094 599889 738424 227340 512893 226805 999999999 452570 529628 749685 770920 935392 873034 992157 162766 975091 578206 825033 814898 677292 907446 777063 181314 559752 796967 632181 31484 992599 942624 468863 573830 546214 720266 193165 491917 467691 953612 211470 798446 953978 884898 516041 831087 806109 641373 829511 569157 885339 551709 676814 1017153 516658 333344 633367 40424 115905 915390 932876 807785 146929 801847 525970 507499 709078 944885 585412 368495 659838 829828 419019 304865 624996 899955 739819 663017 917321 679649 1084832 845450 985662 470695 493369 670497 666861 896941 647755 536382 669579 475608 769906 563852 905647 485495 563796 947927
353676 400569 367876 161817 739457 74341 734594 681310 353814 167612 277790 452570 999999999 79934 326229 577836 497452 540772 784340 395703 723989 295653 373036 365150 242661 597445 595342 299966 128593 638289 397072 426536 658561 638230 237970 398637 163470 707869 270967 710278 537483 543670 438487 661641 745887 436728 482020 783026 354692 206111 512488 121583 445853 526379 712115 798544 735078 121149 760625 422020 364440 719414 480310 662260 503124 464404 97090 647876 847151 530794 607653 129152 861761 725792 88490 497979 205759 494340 302479 242673 573480 270304 811226 522853 671828 512402 78371 245042 222313 818986 461818 600318 866231 710462 431076 583131 493351 61767 111282 734526
398242 409086 288413 233157 728367 127778 763894 678843 432088 192180 357285 529628 79934 999999999 249952 551789 417691 482812 747466 475470 679496 270668 299784 286007 193427 543167 570975 370198 104836 616937 373652 504351 597341 584136 243574 391012 122909 712745 350571 753340 566934 467851 498994 643901 710008 357213 497245 778229 276493 160090 459339 72791 366042 539484 725503 759068 777263 200619 787732 497811 436988 686919 404231 642653 571599 407820 46023 681904 873193 454296 624044 203974 897646 712144 155231 549060 174607 419877 223314 205446 511839 200337 760041 467899 614813 539036 61959 203533 163983 807268 445183 624494 901171 755896 375605 600519 417509 90051 43886 697848
534234 447819 131051 483034 663414 375640 821637 645334 679916 415507 602429 749685 326229 249952 999999999 456481 189914 282919 598471 718577 510033 259806 221518 138969 290466 350811 478758 574058 306282 529265 324501 728314 378607 389254 328801 386970 204959 699188 587208 853821 641036 217900 667020 565163 566588 173733 539078 729469 153920 286833 280576 265800 144806 569139 737210 601106 873784 440232 837293 713547 643857 556209 264415 557988 759689 224005 232601 759474 914778 204586 653771 453684 968832 640353 404934 686607 325771 170927 51458 328196 296341 73973 565435 281043 408483 608119 262101 316431 252898 734757 399648 677431 969238 863541 203741 635651 167558 335088 241959 552665
452099 262794 585462 716989 209868 652167 486942 218825 835455 739366 754820 770920 577836 551789 456481 999999999 571820 260481 223515 834939 212381 282982 677819 594284 703271 233499 22352 607157 654616 72807 180770 766770 323979 244325 357588 203696 428882 287059 705897 584220 388060 475941 584911 109874 184450 610558 282441 281286 610376 683284 220347 615584 556198 271551 351119 246720 593178 620060 487178 731018 658349 148971 708554 101568 693443 258025 506250 472008 542041 484623 317884 680537 631689 185108 660980 534923 712412 439554 502535 732093 300561 421082 326613 234097 286975 361266 505520 724412 663250 278379 127616 372617 627357 604818 261843 315826 461673 629396 580650 177343
722795 622148 145785 643597 781007 533406 989163 781319 848432 548426 774935 935392 497452 417691 189914 571820 999999999 332589 656830 893143 556015 437411 220836 153887 378671 393834 593691 761979 442861 642290 480997 912867 373790 421252 516695 553044 394000 842306 766073 1032917 817339 131786 856814 680889 633018 93530 709954 853090 175626 392822 357607 409682 51816 734990 889979 650351 1051670 616675 1001737 900123 831707 634839 168888 670523 949473 313808 411168 934149 1074747 113403 816333 618621 1138230 755154 566073 874037 432149 139055 196305 417986 316895 263735 574593 348495 420072 784015 442969 404280 353489 843799 548499 846877 1137620 1044179 313547 800712 115944 491806 396649 618772
582161 417146 389256 701406 461153 607582 731999 479212 869940 671134 787102 873034 540772 482812 282919 260481 332589 999999999 327729 890607 231494 295121 489105 399668 571587 68210 280138 692795 566720 324046 258637 859934 121342 106492 404528 335789 378553 546665 753521 809683 596598 220316 727389 363037 301425 392439 481601 536031 420867 563966 49109 524307 330783 489981 606998 325223 822973 627675 736781 833003 757469 302302 489047 350612 834801 76700 446464 700001 797976 231794 556740 666647 880378 434016 628949 707428 601088 193697 334298 608091 47862 290681 283838 31371 132044 564645 462830 596998 532837 517451 291140 602417 877236 826847 110493 548134 216845 572617 493261 287140
672699 484245 714420 931114 255873 857969 628204 332331 1057899 939081 976754 992157 784340 747466 598471 223515 656830 327729 999999999 1058401 103523 490044 813549 724593 875319 263175 215228 830481 845641 200262 394000 989005 303771 237391 576372 427036 626512 397730 928800 750221 581173 534096 800572 212901 39405 720164 489139 322252 744804 861164 318343 804431 658311 466948 474606 31391 753318 837554 617782 952516 880593 77046 816551 198978 907615 374538 703737 641141 647528 549069 485773 894588 755813 232337 870402 741590 894534 518150 649359 908488 340361 585324 167910 320300 251787 559727 708492 898981 835264 265278 350871 547054 748547 773832 396489 492792 541097 831034 770202 49815
406335 580471 760927 265130 925159 369408 741554 840746 71529 404025 118989 162766 395703 475470 718577 834939 893143 890607 1058401 999999999 1026262 600262 750452 757238 586164 934961 844927 233631 475597 872732 674857 135304 1011949 973195 494659 631387 528054 833433 137118 644857 587410 933460 342598 880803 1019200 829664 611274 939033 744338 552864 852098 495801 841511 652355 799863 1080408 670312 278347 774678 173558 207871 983483 862305 887911 305508 815277 486005 646553 854412 921930 700951 280263 814209 922711 334806 440997 528582 882000 697981 564343 930936 655802 1130078 866268 1013365 583145 456951 574082 584459 998964 707554 659461 823393 630558 781723 677341 883555 409103 500154 1011255
658853 470178 620680 877074 322560 796119 674954 382017 1019084 871635 936602 975091 723989 679496 510033 212381 556015 231494 103523 1026262 999999999 436995 720445 631058 793438 164437 214665 805188 773491 223999 351554 968709 200580 135007 534043 401329 562116 451813 892826 785575 598181 431648 795180 251440 92898 622403 494705 395794 652053 781993 230441 731521 559872 481460 526199 94460 791911 789083 669110 934834 860749 120402 717813 235777 904146 287218 637689 673910 709288 447010 517263 840783 811398 295693 811752 747291 817056 417963 561412 828177 239121 504871 114338 229005 148626 572548 646358 817950 753784 350206 327729 575827 805281 807604 313269 519379 440713 766129 698153 81753
301362 188046 383989 441672 459650 369852 562695 417791 586003 456434 502998 578206 295653 270668 259806 282982 437411 295121 490044 600262 436995 999999999 456375 389588 437545 334901 301341 397705 374865 346461 103113 564815 415539 372933 109424 134695 148645 460844 463898 595896 381620 405472 445037 373299 451249 433465 279856 513613 397685 412724 253248 337713 399835 312216 488233 505776 615182 352127 579487 538302 462885 423865 521193 371999 548939 223895 224728 499791 658929 402410 398128 405195 709265 442363 380599 444146 437749 352029 287387 461647 339118 193801 533864 268419 413432 348561 222539 455745 398942 537967 175665 418225 709865 606802 192735 378593 364958 346416 302916 440304
682188 639468 100015 486768 883878 381371 1014081 861580 695219 365098 632162 825033 373036 299784 221518 677819 220836 489105 813549 750452 720445 456375 999999999 89483 177508 556951 700063 669953 275133 750566 536964 798252 563723 592136 492984 590378 345128 912056 638576 1027140 823907 339793 795190 786160 783418 127327 732607 948628 68835 203250 495619 256942 183758 767737 944179 813587 1049340 491818 1033056 795035 736347 775415 112660 779257 871205 440429 317983 942753 1114175 320645 854020 470512 1157147 861225 416027 836465 237161 321504 176269 212982 490764 266266 761675 493313 602816 792485 350025 199525 167403 955945 614003 869743 1158888 1033146 423621 833745 303394 343078 261878 769306
639909 576535 10740 500375 801974 390640 951900 784124 707966 396744 638274 814898 365150 286007 138969 594284 153887 399668 724593 757238 631058 389588 89483 999999999 225009 467481 616610 649691 293737 667089 461994 790103 475486 502676 441250 520993 298633 837264 636082 974864 766230 258439 762514 703379 694844 72703 669119 868384 23813 239207 407028 264208 107068 701626 873419 724309 996011 486289 969070 782098 718269 687690 133361 695851 846254 352323 291222 885246 1048212 239662 787178 478412 1097437 778650 424491 794468 278348 234894 102205 264500 401537 195797 672705 404296 513802 733937 324331 250841 199867 872663 537872 807323 1098460 982708 336984 768079 218216 349544 257124 680696
589836 596425 233817 321106 895188 225198 956764 854983 526775 189605 470167 677292 242661 193427 290466 703271 378671 571587 875319 586164 793438 437545 177508 225009 999999999 638723 724266 539629 118488 773163 535755 648562 668670 678066 432963 568149 293883 894539 485476 945922 760050 476719 681148 804231 840698 290556 686728 951092 203096 36775 563158 123944 331692 727689 912681 881463 970052 347908 980127 651315 600886 824316 288617 800613 742897 506576 232097 875312 1065200 458794 813236 311065 1091072 876253 258557 738335 60228 443649 240494 39814 586806 289997 855124 566327 698825 731766 255219 26603 40214 972349 612012 816463 1094576 947830 480437 790260 431429 194283 149877 827356
606440 430733 457024 756599 419999 666110 718090 449716 918122 733174 835056 907446 597445 543167 350811 233499 393834 68210 263175 934961 164437 334901 556951 467481 638723 999999999 250017 729135 630192 287759 279086 896262 94819 40970 442732 350612 434126 519269 798314 806195 598212 274018 750552 325773 239640 458049 484432 495872 488838 630261 85119 587788 395689 486455 584615 258687 817551 678335 719824 867126 791543 245670 553794 311923 859269 135890 504990 694816 775480 287816 545468 721257 864273 392265 685913 721988 666949 255008 402233 674889 79476 355234 218280 75294 78593 567622 519114 663969 599749 469724 293881 595740 860236 824941 167562 539853 277995 632434 556009 225470
457695 269022 607797 732557 187689 669682 474170 200186 847107 757739 766967 777063 595342 570975 478758 22352 593691 280138 215228 844927 214665 301341 700063 616610 724266 250017 999999999 615764 674158 50508 198528 773778 338757 258199 372203 215010 448117 269311 717107 575316 383545 496724 587885 87610 176920 632861 281225 259543 632661 703924 241108 635405 578385 266815 335343 240264 583411 634654 473158 737362 665366 138943 730872 79246 695887 279883 525303 463151 525808 505680 307729 696170 617591 162791 677771 534559 732699 460970 524700 752782 319142 442861 328908 254432 299754 357976 523783 745230 684290 256057 139837 364096 612943 596462 284112 307314 483180 647635 600458 171349
173593 348649 650285 272992 691628 321555 537604 607933 254678 404110 193009 181314 299966 370198 574058 607157 761979 692795 830481 233631 805188 397705 669953 649691 539629 729135 615764 999999999 421632 641306 457171 167244 812858 765167 288281 405170 369285 603690 131771 467534 364675 774135 158302 648046 791570 717515 378141 707130 643311 502858 649968 421408 712928 419961 575627 853725 493748 195635 569364 142293 69800 754690 773411 655561 203365 620996 358470 441829 653654 765963 473481 256384 634413 689083 294107 245938 494752 720268 568236 533197 736671 502569 912652 665642 807593 355948 325360 538108 522034 765815 480871 437465 641740 460027 588872 449144 726699 345894 409085 784358
481599 511217 299673 211666 833148 108292 858470 783400 420254 109391 357751 559752 128593 104836 306282 654616 442861 566720 845641 475597 773491 374865 275133 293737 118488 630192 674158 421632 999999999 720655 477615 531381 675900 670950 345421 495717 226391 816301 368857 838356 661100 517646 565442 748159 808789 365907 597625 882985 276938 81954 548375 42419 391811 640678 826934 855824 863020 229428 883530 533165 482433 787246 387450 746636 624760 494345 150769 773519 969634 501743 724308 196505 988234 816779 142564 626562 77338 475425 265917 114123 590859 276332 848376 555139 698315 634646 162415 117169 109047 911996 549798 721513 992404 838855 463806 700372 468453 75858 75484 796288
477828 292657 658258 771684 138760 712551 451859 164720 878313 802096 799311 796967 638289 616937 529265 72807 642290 324046 200262 872732 223999 346461 750566 667089 773163 287759 50508 641306 720655 999999999 243353 795521 372026 290504 410541 249168 494312 235343 747664 562026 382238 542615 601676 39046 165604 682854 289099 212332 683167 752258 287517 682404 627942 267075 306240 228845 567983 672071 447630 757799 687440 124113 780934 28778 708076 328659 571086 450706 494161 552225 293945 735470 591185 113027 719287 541328 780439 508447 575164 801181 360574 492938 335425 299889 329232 359830 568194 793839 733269 205576 177558 353497 585740 584390 334030 297637 530867 691846 647458 164085
327365 159720 454874 538012 359442 471406 508773 325365 668098 559266 585937 632181 397072 373652 324501 180770 480997 258637 394000 674857 351554 103113 536964 461994 535755 279086 198528 457171 477615 243353 999999999 623036 369833 311830 183425 79145 251228 375448 541298 565048 348240 421084 471723 270727 354749 494992 234911 417000 473700 512618 210242 439910 451575 254958 413250 412113 581126 443558 520751 591759 516496 324812 588633 269033 580261 204722 327762 459970 594465 422745 335337 501492 658244 340992 480436 448823 539095 371863 361929 561626 306355 270826 456089 227799 355913 315140 325295 555083 496459 436950 77624 368159 657240 579789 184101 320058 389498 449126 405014 344724
317826 504776 792034 337655 831828 423444 616435 743327 197496 482462 195402 31484 426536 504351 728314 766770 912867 859934 989005 135304 968709 564815 798252 790103 648562 896262 773778 167244 531381 795521 623036 999999999 980084 932096 455407 567486 525910 728060 163484 512933 476565 934367 222053 798539 950532 860545 518280 837681 780788 612810 817211 541888 862502 555545 687374 1013396 538042 306456 649837 43020 108428 912495 906716 807376 170540 787811 502464 522904 727142 925192 593508 338939 681681 832540 390070 318336 595702 880941 716912 633606 903616 659113 1077439 832869 974680 477419 470138 641288 638944 902095 642249 546565 691164 497590 755487 571283 886006 457584 537564 944057
696729 524074 464750 819863 497913 723607 810451 536210 990952 782479 908179 992599 658561 597341 378607 323979 373790 121342 303771 1011949 200580 415539 563723 475486 668670 94819 338757 812858 675900 372026 369833 980084 999999999 81570 524792 443435 497603 606488 874862 900651 693031 243260 841453 408563 290802 451570 579220 573802 498486 665177 163139 633714 388025 581105 674086 289830 911741 748246 811157 952449 876852 308084 541414 393870 949728 197264 563086 789123 864298 260737 638859 785509 955667 470027 746292 815484 703690 243698 428184 706730 85509 400212 200936 147216 51984 662424 581131 694814 631483 539613 388509 689923 951302 919550 231086 633850 264211 687391 604247 277863
638466 459309 492121 797180 416883 707026 731263 454814 957335 774094 874255 942624 638230 584136 389254 244325 421252 106492 237391 973195 135007 372933 592136 502676 678066 40970 258199 765167 670950 290504 311830 932096 81570 999999999 479931 380399 474862 525171 836752 824863 620282 296773 781776 326995 218511 489713 507765 492836 524452 670172 125756 628540 426726 506601 593312 229144 835149 718198 731193 902247 826739 230950 584185 312318 890816 176753 545923 712952 783239 312014 561022 761768 875675 388994 726708 749667 707071 283707 440574 714497 104572 395716 177799 116252 45271 590516 559885 703449 639271 460702 319315 613527 871116 844390 208532 557098 306281 673400 596853 204808
206267 165801 437919 361151 503093 310048 526645 443351 485047 405580 402673 468863 237970 243574 328801 357588 516695 404528 576372 494659 534043 109424 492984 441250 432963 442732 372203 288281 345421 410541 183425 455407 524792 479931 999999999 163522 148416 471756 359521 534669 332459 502560 344782 430031 537006 496383 253975 545089 443911 402001 362176 316333 473564 295912 481959 595260 556532 262503 548565 429024 353694 505285 574507 432345 445218 333017 201170 450691 632912 497308 380703 324982 666092 490754 311966 357806 418104 448408 342390 448634 448477 255381 635741 377602 521325 302172 183099 445863 398624 582638 233243 384449 668481 541723 301328 357441 458644 297375 284753 527426
260100 81358 514775 523903 340825 471916 436594 288055 632136 565605 551974 573830 398637 391012 386970 203696 553044 335789 427036 631387 401329 134695 590378 520993 568149 350612 215010 405170 495717 249168 79145 567486 443435 380399 163522 999999999 274762 327043 502311 486820 269782 498926 401755 266784 387815 560075 157782 387302 530375 541362 286932 461685 520653 182714 353820 449204 503418 423214 450815 533543 459436 352562 650944 269696 510998 283857 345436 383094 527829 499921 266802 487938 585295 327557 475264 372357 563420 448885 419132 589884 383638 325730 511277 304639 425325 236546 335372 584947 530362 420350 76168 293833 584913 501135 262853 249070 465795 455954 427662 379954
341298 304917 296541 322921 607954 234141 673988 562474 498353 312762 416929 546214 163470 122909 204959 428882 394000 378553 626512 528054 562116 148645 345128 298633 293883 434126 448117 369285 226391 494312 251228 525910 497603 474862 148416 274762 999999999 600684 392722 682013 480738 409144 466472 521837 588690 359254 396925 660222 298915 266601 349107 189123 346276 436176 619905 639136 704248 253878 695022 509462 439079 564711 430839 520245 555909 301937 77643 599093 778466 399431 522377 288099 814391 590960 251955 495902 289719 356291 205058 315175 413150 133473 647829 359743 508994 450128 85102 310199 256925 686467 324092 530845 816663 688199 268366 500190 360316 204667 154407 576776
430904 307305 829965 806131 146253 777270 231606 70674 857976 874852 789335 720266 707869 712745 699188 287059 842306 546665 397730 833433 451813 460844 912056 837264 894539 519269 269311 603690 816301 235343 375448 728060 606488 525171 471756 327043 600684 999999999 730144 362841 252978 757680 509092 201709 374657 867100 234182 114363 849147 866818 504072 784775 819273 188828 77070 429122 361901 700872 220068 685871 628276 335831 962388 217295 600003 533703 668158 262642 258935 764648 134896 772997 360016 166097 773424 422685 886906 717076 737369 914955 587591 645790 556438 519023 564528 251026 653974 910600 857107 188525 299546 189348 353598 388037 529097 156824 738107 768398 751526 378962
299520 458012 638839 176124 809985 260645 669055 729743 131002 320292 61240 193165 270967 350571 587208 705897 766073 753521 928800 137118 892826 463898 638576 636082 485476 798314 717107 131771 368857 747664 541298 163484 874862 836752 359521 502311 392722 730144 999999999 593738 495533 800128 280910 758491 889457 707685 500252 830564 625161 449936 715226 381642 714835 543723 705416 949820 619941 149956 700952 172803 149604 854840 748415 764542 290697 678160 355644 573199 784952 789201 602082 175456 762110 805214 226921 374387 432240 748077 569913 470123 793824 522296 995256 729297 876647 485248 325144 477851 477065 886029 578283 568279 769876 584299 644606 577398 750521 296105 380277 880975
356771 411741 970950 735877 508151 758592 144172 419987 694915 852778 653299 491917 710278 753340 853821 584220 1032917 809683 750221 644857 785575 595896 1027140 974864 945922 806195 575316 467534 838356 562026 565048 512933 900651 824863 534669 486820 682013 362841 593738 999999999 217101 985745 312922 539483 721800 1026174 330512 470104 978386 910973 760951 822208 995626 320192 288872 781240 26225 643055 172714 471894 449257 680596 1108222 554515 345537 767834 720007 112217 227395 986534 268332 713490 169651 525083 739291 222276 915694 935451 874383 951762 856736 783431 897414 778478 869044 250453 692584 952683 917161 546712 518605 211639 178559 26122 749115 268399 951830 769359 797226 723147
201774 195262 761642 599866 372662 596726 197370 279503 618434 694903 556429 467691 537483 566934 641036 388060 817339 596598 581173 587410 598181 381620 823907 766230 760050 598212 383545 364675 661100 382238 348240 476565 693031 620282 332459 269782 480738 252978 495533 217101 999999999 768682 256297 369508 547753 814331 115019 365387 771450 726993 547586 638744 781270 116732 212454 610608 234528 497161 223277 434038 380044 506136 899266 382587 348528 551786 528745 119046 310008 769434 118159 570890 333653 380218 584288 171454 737481 718353 664669 771202 644088 572315 712323 565254 665228 33410 504988 770212 727856 434748 305992 72790 336058 231613 532341 98593 734796 598999 610200 546196
705604 575671 248160 700912 680600 593152 925635 692590 896924 626823 818511 953612 543670 467851 217900 475941 131786 220316 534096 933460 431648 405472 339793 258439 476719 274018 496724 774135 517646 542615 421084 934367 243260 296773 502560 498926 409144 757680 800128 985745 768682 999999999 847131 581660 513152 217283 655982 754943 282230 483330 255626 479134 156187 674161 812594 525298 1002159 655446 934435 915914 843445 519260 300626 569778 947279 225534 448736 881007 1001763 19213 749960 671520 1075340 653692 622780 849418 523471 54216 251852 516502 194739 277841 443585 242728 291075 735397 476632 503250 445225 737762 477602 787973 1073452 999787 237998 737442 50350 552310 458093 499080
145300 325951 761401 431136 620798 471759 399057 529771 385590 559097 340387 211470 438487 498994 667020 584911 856814 727389 800572 342598 795180 445037 795190 762514 681148 750552 587885 158302 565442 601676 471723 222053 841453 781776 344782 401755 466472 509092 280910 312922 256297 847131 999999999 598891 763614 825510 314082 620546 759770 644575 680266 558934 811057 345710 465679 827356 339105 348085 432119 179104 138073 723541 892014 609474 109353 663543 477263 303956 512633 842082 374198 413116 481750 624337 447064 98429 641065 793034 671530 679058 774296 593099 908003 697434 826482 260803 445199 682603 659149 687673 469527 325051 489820 303525 634933 353037 803423 491102 541145 759020
480898 300751 694678 790682 100161 735668 423896 131226 889444 826803 811654 798446 661641 643901 565163 109874 680889 363037 212901 880803 251440 373299 786160 703379 804231 325773 87610 648046 748159 39046 270727 798539 408563 326995 430031 266784 521837 201709 758491 539483 369508 581660 598891 999999999 182435 720425 284812 173293 719076 782392 326518 710637 665981 257432 274940 243237 543984 689570 417676 759828 691062 141116 818401 15677 703594 367147 597914 429331 460517 591242 273263 754719 560246 75334 740902 533391 809629 547346 610385 831382 399243 526719 359681 338934 364588 349748 593378 824395 764510 170019 199934 334292 554353 562582 371712 279895 569727 716542 675741 183754
634611 445866 684805 892084 237494 819625 603195 307142 1018516 901389 937354 953978 745887 710008 566588 184450 633018 301425 39405 1019200 92898 451249 783418 694844 840698 239640 176920 791570 808789 165604 354749 950532 290802 218511 537006 387815 588690 374657 889457 721800 547753 513152 763614 182435 999999999 693219 453283 308075 714594 825823 287826 767763 632055 432657 450907 63777 725875 798283 594407 914260 842107 41693 790278 167700 871021 343246 666044 611765 628463 527345 455582 855554 734339 212021 831738 706279 858746 493987 617152 873397 318460 550780 182436 291272 239277 525390 670293 864095 800573 258353 311647 516343 727524 744991 363562 461335 517077 793070 733408 14287
698861 621505 68867 573070 820231 463341 995307 810347 780655 467637 710726 884898 436728 357213 173733 610558 93530 392439 720164 829664 622403 433465 127327 72703 290556 458049 632861 717515 365907 682854 494992 860545 451570 489713 496383 560075 359254 867100 707685 1026174 814331 217283 825510 720425 693219 999999999 712803 889473 89566 308184 408420 336892 63571 742525 908238 716732 1046497 557775 1010719 851522 786514 690416 98298 711560 912018 357627 359616 932927 1087625 198095 826796 551054 1142565 795649 497173 852831 346447 208222 154651 329181 385618 242776 652046 402600 494523 781512 392605 315433 269040 887617 568176 851147 1142961 1035270 348828 809007 187370 422227 329511 678940
204958 93147 663719 572349 314493 548698 282847 229911 629836 647089 558291 516041 482020 497245 539078 282441 709954 481601 489139 611274 494705 279856 732607 669119 686728 484432 281225 378141 597625 289099 234911 518280 579220 507765 253975 157782 396925 234182 500252 330512 115019 655982 314082 284812 453283 712803 999999999 330320 676358 655975 432578 570036 676144 45559 230099 516996 346224 467090 300484 478268 412634 412414 801028 295550 419276 437363 455139 225336 382164 657395 126802 539607 429836 314270 542484 253446 671494 606413 566935 702527 529122 473480 609006 450253 552898 83301 436123 699839 651799 387709 191295 138387 430161 346168 418791 103538 623519 543497 538718 449906
533543 388214 860126 893728 75995 854919 331799 102921 959953 950611 888529 831087 783026 778229 729469 281286 853090 536031 322252 939033 395794 513613 948628 868384 951092 495872 259543 707130 882985 212332 417000 837681 573802 492836 545089 387302 660222 114363 830564 470104 365387 754943 620546 173293 308075 889473 330320 999999999 882799 926152 499778 848461 836543 287243 181552 352818 466435 789020 313534 795883 735946 275393 986979 185425 713426 539308 732536 374686 328866 764517 247389 859354 441829 103868 854569 536060 949824 720384 772361 974992 571108 684810 488833 512215 526755 360445 722486 969310 912267 76619 339695 303577 433411 495825 541898 267542 742668 841792 814166 315925
639893 583463 34338 485517 817223 376327 958851 797181 693687 378072 625354 806109 354692 276493 153920 610376 175626 420867 744804 744338 652053 397685 68835 23813 203096 488838 632661 643311 276938 683167 473700 780788 498486 524452 443911 530375 298915 849147 625161 978386 771450 282230 759770 719076 714594 89566 676358 882799 999999999 218956 426806 249478 130132 709890 883623 745039 999897 475749 976692 773984 711412 706629 132390 711896 841411 371596 285306 890494 1056608 263433 795785 464726 1103566 794252 410495 794556 257614 258456 111804 242361 423852 204663 695226 424617 536313 739436 318352 228655 179711 888673 550183 814277 1104844 985629 355010 776221 241957 335635 245065 700487
554595 566480 247037 287760 871842 189370 923984 828987 494751 162054 436144 641373 206111 160090 286833 683284 392822 563966 861164 552864 781993 412724 203250 239207 36775 630261 703924 502858 81954 752258 512618 612810 665177 670172 402001 541362 266601 866818 449936 910973 726993 483330 644575 782392 825823 308184 655975 926152 218956 999999999 552493 88825 343979 697512 883020 868510 935228 311358 947773 615060 564217 807907 315713 779351 706134 496380 200841 841656 1033142 465988 782674 276137 1057251 853589 223080 702452 40142 446980 239056 49009 582009 277124 847800 556759 693023 699119 222048 43922 39342 949568 588048 784410 1060914 912574 468762 759434 436434 157635 117372 812699
535177 368282 397014 671490 426000 581502 684910 437804 833988 650086 750958 829511 512488 459339 280576 220347 357607 49109 318343 852098 230441 253248 495619 407028 563158 85119 241108 649968 548375 287517 210242 817211 163139 125756 362176 286932 349107 504072 715226 760951 547586 255626 680266 326518 287826 408420 432578 499778 426806 552493 999999999 506056 349171 441472 562404 320562 774435 593565 690393 789342 713740 282161 506386 315095 788050 56816 420502 651498 753062 264746 509353 636138 833638 399469 600971 658844 588229 221422 331751 598229 96914 275683 300748 17754 161970 515587 434137 587825 523611 486449 242349 554186 830709 777979 84585 500217 244123 548277 473682 273696
465950 481748 269158 236197 797040 126888 835885 749728 444209 149985 376959 569157 121583 72791 265800 615584 409682 524307 804431 495801 731521 337713 256942 264208 123944 587788 635405 421408 42419 682404 439910 541888 633714 628540 316333 461685 189123 784775 381642 822208 638744 479134 558934 710637 767763 336892 570036 848461 249478 88825 506056 999999999 358160 612245 798224 814280 846432 235877 860003 540346 485156 746760 367407 708699 624652 451950 116630 753046 945605 463643 696836 215645 968560 780068 161215 614501 102141 435766 227330 132793 548614 233974 805984 512750 655921 611187 134342 131504 100733 875590 513214 696961 972286 823947 421479 673303 429580 86740 34950 755169
679028 586644 97891 591817 766063 481635 957226 760485 796624 497988 723239 885339 445853 366042 144806 556198 51816 330783 658311 841511 559872 399835 183758 107068 331692 395689 578385 712928 391811 627942 451575 862502 388025 426726 473564 520653 346276 819273 714835 995626 781270 156187 811057 665981 632055 63571 676144 836543 130132 343979 349171 358160 999999999 703304 863647 654277 1015018 565304 971097 850383 782571 630465 158265 656519 902180 300341 360365 898977 1045997 136998 786135 566806 1105635 740949 514266 831363 383634 144661 145591 371310 322455 218629 588475 342388 430997 748097 392402 357691 304739 831769 522167 813929 1105467 1006060 294648 769491 123858 440030 344843 617769
246373 131357 695794 617902 276397 593602 254176 188579 672791 691894 602203 551709 526379 539484 569139 271551 734990 489981 466948 652355 481460 312216 767737 701626 727689 486455 266815 419961 640678 267075 254958 555545 581105 506601 295912 182714 436176 188828 543723 320192 116732 674161 345710 257432 432657 742525 45559 287243 709890 697512 441472 612245 703304 999999999 186269 495891 332992 512645 268197 514769 451319 391185 832561 269597 447771 451880 496738 210029 346718 676765 86499 585162 403390 278698 587770 275974 713977 626117 599468 744448 536815 505851 595626 458888 551262 92781 478744 741420 692182 347259 199553 113870 402631 338500 436164 66522 644204 587725 580464 430581
407119 316575 866771 796753 222968 778384 154662 144331 830031 876887 765861 676814 712115 725503 737210 351119 889979 606998 474606 799863 526199 488233 944179 873419 912681 584615 335343 575627 826934 306240 413250 687374 674086 593312 481959 353820 619905 77070 705416 288872 212454 812594 465679 274940 450907 908238 230099 181552 883623 883020 562404 798224 863647 186269 999999999 505996 286423 691929 143504 644576 592421 411610 1001590 290617 549003 587197 682421 194694 191137 818303 106231 765275 285313 243165 771136 373535 900062 769496 772047 930214 649742 679008 632235 578175 633944 220233 664926 926941 876624 258058 341662 140875 279575 314469 579183 131488 789737 773594 766186 454798
697897 508941 713995 947412 287090 871782 659564 363645 1078360 951076 996821 1017153 798544 759068 601106 246720 650351 325223 31391 1080408 94460 505776 813587 724309 881463 258687 240264 853725 855824 228845 412113 1013396 289830 229144 595260 449204 639136 429122 949820 781240 610608 525298 827356 243237 63777 716732 516996 352818 745039 868510 320562 814280 654277 495891 505996 999999999 784482 855319 649173 977366 904969 104758 812255 229045 934796 377284 715943 671962 678649 540925 516367 910916 787134 263694 885246 769892 902630 512406 652312 915368 333485 591781 139473 320782 238160 588660 722011 905531 841562 294264 373120 577521 779839 804777 401236 523012 535136 843802 780340 69382
