NAME : synthetic_000975
TYPE : CTSP-D
DIMENSION : 100
GROUPS : 8
RELAXATION_LEVEL : 1
EDGE_WEIGHT_TYPE : EXPLICIT
EDGE_WEIGHT_FORMAT : FULL_MATRIX
EDGE_WEIGHT_SECTION
999999999 282691 145131 384048 840073 302003 517479 703598 188888 677800 728975 923295 59653 522878 172541 417198 188521 779103 144554 522735 106628 733403 411918 361156 91093 537572 839138 305819 217297 147742 831921 638170 114925 422989 307854 672937 374202 781849 307398 471778 262243 597719 625765 489496 216914 343362 503067 379286 188403 108549 389827 612910 371124 578538 758003 762481 642699 531151 634755 723057 474969 485276 72713 742682 147018 857982 363970 557541 680814 376331 764971 414546 247568 513247 628011 246466 636225 282929 518277 258000 229136 425954 628478 268577 536106 404161 461258 630383 592999 647028 301126 685720 640194 628876 117756 897933 162229 231483 806886 505079
282691 999999999 227562 260067 564077 373600 439637 443891 284299 484488 559971 655746 339657 377159 430459 647304 214642 581285 296748 243722 322903 612050 498179 92518 209498 534719 609265 449049 319850 261452 824223 362447 167768 429088 105895 394833 118800 661536 184647 456969 544743 335499 386255 255768 355851 465396 626497 459353 316208 368392 312875 601654 565143 451310 581960 727283 456692 470175 352657 483359 431987 204299 350029 580590 247770 588285 259822 282140 646001 622701 507357 134798 157686 395476 346510 301398 353673 203641 417692 234714 141656 302405 447790 34936 623237 147533 187636 607088 312892 489514 152254 721889 518168 451772 243541 624390 186062 495044 526888 222423
145131 227562 999999999 424026 740505 183324 373108 590568 295858 539607 586283 812799 173009 560852 220857 420314 44740 640484 69739 436571 110627 588296 307592 319723 162778 405421 708591 230596 331782 33958 703672 542412 118923 289203 202403 580049 278619 636809 173868 334943 372328 563040 503476 370681 344098 255630 422103 270247 92218 252916 244709 480437 338681 433733 615946 626995 503645 607248 553656 598376 333356 424684 211949 599168 20366 750447 411087 506820 544355 399084 649178 359012 120693 368445 562457 114024 558317 329843 577028 325907 111729 469402 488699 198872 436719 373251 414276 495491 532449 503818 318387 568763 495084 488482 218462 794191 221107 284385 715360 435321
384048 260067 424026 999999999 680670 601286 699664 615619 235631 718570 802134 792600 439343 139556 556375 800977 433717 807970 479489 396069 475395 866742 728019 217890 295557 789000 808676 652802 243310 454301 1082213 504135 309900 678763 365825 521197 356077 915644 442799 711472 597541 306331 592558 483695 285280 679648 846125 689579 514329 404884 571409 858224 745489 708038 820300 986917 695924 211553 456068 680472 689744 302374 417398 824746 442657 724135 26387 317640 905269 759918 676739 261153 405071 654393 406873 527409 447775 101148 158887 134566 383436 45490 689852 291594 856835 194290 254385 865114 367971 738256 111569 971792 774389 695122 272950 745507 222487 612821 626119 338248
840073 564077 740505 680670 999999999 785084 625371 173479 832383 389723 465084 119281 892632 686113 961350 1128610 704098 387939 804264 320545 850929 596308 865283 512269 773430 773401 281696 889922 862352 767862 940269 202073 727137 739291 539377 169867 466906 620338 579538 723120 1100753 403723 279031 380050 903513 881398 993210 836411 800401 932066 611317 795028 1021976 540294 451856 827093 409804 845633 226109 237790 675909 388711 910623 488538 756065 63913 700980 364760 780389 1124091 150147 452178 621122 552813 277078 743150 233078 704108 767673 751558 629034 692871 423544 572254 946421 500820 432778 778740 314292 480678 640389 942148 563627 432174 805455 64848 743474 1024506 64081 356719
302003 373600 183324 601286 785084 999999999 260008 617492 475437 496342 514435 834053 299242 735036 266801 347691 167636 589219 157567 522001 208152 477987 126848 463257 343941 238385 684450 105793 509757 161409 529955 604471 302091 129840 301618 644085 373128 521814 224347 181872 444337 695002 515728 406863 516675 99716 253002 88292 114010 395700 181642 313185 237370 349012 547059 464441 459002 789875 636552 597190 201323 541490 349234 519933 168750 780014 590355 627373 384696 355212 666572 486902 218685 291046 664122 74056 645146 510582 756941 509021 231981 646769 441580 339283 255566 519434 544709 332819 641454 432942 492163 387019 395772 438016 397585 829158 404427 308185 774290 541371
517479 439637 373108 699664 625371 260008 999999999 452366 653355 267123 261595 643737 533955 811848 524185 582458 332398 346054 388388 454831 447397 220273 272038 501818 523490 148301 457859 351179 691442 371896 391624 488050 466611 145927 334218 524715 364490 266669 259344 107473 701286 676360 347990 302327 710769 321570 381987 257843 352855 623369 134942 185089 467426 100006 294605 288774 233286 908834 545394 400898 64294 518907 579604 263455 370739 602514 698210 597008 209774 602891 484322 493705 309302 74258 597908 279388 558652 632796 857169 650250 333847 741918 215958 408485 324735 551785 544329 179948 589998 185691 590324 329959 135952 209359 580441 654698 560374 568145 633987 501635
703598 443891 590568 615619 173479 617492 452366 999999999 725927 231422 317803 222332 752000 655885 809764 963538 551061 260737 650444 220266 700985 443807 693155 415460 647242 600563 203397 723004 759631 615183 780877 120271 595292 566389 396042 127277 332202 474808 422003 549643 959173 397116 105628 220506 797864 712210 820215 665142 642022 802582 440718 624659 854856 369800 312723 666877 244743 806128 192117 92578 502431 314039 775872 343330 604321 162953 631253 330632 614677 962554 63641 359783 469876 379498 265682 580422 207344 615143 731592 658674 481436 638235 256577 443714 772942 422252 362275 609599 288506 317273 550768 772220 398945 265477 686780 211702 629728 871376 186217 277981
188888 284299 295858 235631 832383 475437 653355 725927 999999999 758780 826049 931912 230441 363861 347618 593384 327482 858216 323733 515253 295069 856062 593449 320134 133282 700955 893136 493066 38467 314037 999475 635113 186954 584699 364209 662976 402311 905850 405516 629017 362906 512825 670328 537853 71949 528898 690953 558568 366616 173252 518707 775741 558105 694578 851225 920581 727846 345852 609553 767625 622521 446421 195419 844019 307486 863423 210503 496974 837567 545324 789560 380272 347608 631394 581168 409641 606245 148531 342783 102640 323253 268937 716671 293448 720214 339643 407705 789836 542227 749170 201182 862457 760505 719264 77854 895215 101057 395925 787514 476223
677800 484488 539607 718570 389723 496342 267123 231422 758780 999999999 93533 384880 712601 794810 737294 838327 494979 101347 581856 354543 640213 212574 536259 500722 649156 406034 191499 598747 796475 553367 551354 318546 590196 406705 394580 343590 368737 246261 370525 374316 906515 578516 156374 234987 827197 576181 649031 517203 558723 785687 318462 413858 723909 168506 103044 437767 37449 926639 392415 151970 328777 449211 748941 119626 546471 353632 726907 500629 391751 851209 239888 462566 430992 208955 462439 485669 408232 685554 859807 719184 451615 751915 54767 467463 589163 531376 491786 394636 472153 92825 626970 558453 175548 59091 700331 405639 657747 791256 415494 417922
728975 559971 586283 802134 465084 514435 261595 317803 826049 93533 999999999 441726 758174 883554 769501 844051 541685 95128 620169 446826 679701 131949 532184 584470 709859 380109 222858 610995 864235 595412 478187 411173 650387 407515 463769 434808 448016 157181 426198 366305 943394 671860 249757 319564 892466 582907 632008 519430 591815 837521 348908 371233 729021 165544 33011 367012 106665 1011773 485445 230722 325857 540295 798100 26191 590307 421611 809034 593714 333987 863626 315639 549776 487028 225490 555827 517015 501298 763091 946602 793998 509509 837044 112574 539635 564800 618279 581795 347896 565669 83195 706643 508198 135310 108200 763295 472005 725599 819056 497396 509764
923295 655746 812799 792600 119281 834053 643737 222332 931912 384880 441726 999999999 972910 803794 1032095 1181419 773392 352099 872735 416666 923266 572681 900610 613467 862974 788182 226956 939842 963536 837514 918783 297006 813120 771346 616750 272751 549638 587760 644153 747689 1180507 522207 318594 442806 1003632 926270 1022660 875375 863701 1020075 654227 798710 1071066 549850 421115 808594 413402 962674 336580 243290 700507 495068 995170 461533 826644 68937 811915 479582 772613 1182672 167561 554149 692118 575664 393476 800726 345625 809572 884937 855952 703278 807027 429748 659481 968472 607814 541065 779046 429483 477433 745236 942610 559177 437360 899185 63001 839367 1093642 182923 461159
59653 339657 173009 439343 892632 299242 533955 752000 230441 712601 758174 972910 999999999 577304 118370 364853 217699 813493 146493 577244 91094 752944 396910 420003 150002 537623 879808 282403 252955 163691 826138 691169 172368 426382 356166 726653 425795 800378 344986 477168 208141 657306 670407 535115 243087 323188 475055 367800 186817 97428 412619 612373 329239 602666 788207 763674 676652 576197 690519 766788 486169 543142 50811 770287 167894 908422 418294 616412 683578 320782 812518 472583 287619 537640 685787 255571 692479 338564 568398 310096 272133 480218 661669 323394 515763 463635 520136 631944 651184 675386 359855 673076 661746 661373 167962 949508 219316 173738 861169 562005
522878 377159 560852 139556 686113 735036 811848 655885 363861 794810 883554 803794 577304 999999999 694873 940029 567541 876079 618068 447934 614946 961813 861874 311300 434969 911855 857345 790634 363326 591866 1200139 536962 448566 804902 479258 544237 452771 1009334 561621 834100 726318 283425 654470 565200 401474 816295 982479 823181 651942 536584 689245 978560 884959 808271 897843 1100608 777032 161107 474718 732413 808590 349537 552845 907711 579893 737920 159027 328668 1020475 898083 712187 334593 530893 759868 410734 660981 462756 240419 82871 268401 510949 97090 773587 411248 990086 267399 304021 983235 376717 827503 243094 1098182 872941 779897 409856 749949 361840 750285 625671 384137
172541 430459 220857 556375 961350 266801 524185 809764 347618 737294 769501 1032095 118370 694873 999999999 246492 258708 835613 159891 655369 110879 743757 332113 517407 262967 495222 916022 210153 367609 194582 766721 763063 271284 395505 422887 800476 498291 788276 388705 447594 177550 759496 719411 589321 352530 253507 383970 311631 178648 192936 421466 566593 220456 606512 801256 718008 700113 693427 771742 812038 467711 634245 155092 777919 205675 970511 535856 712232 642403 203806 867253 565257 340710 544088 775286 252776 775528 455321 686755 428268 332489 597834 683731 408015 436563 565298 616708 589660 742914 686481 472264 603825 658653 681888 286199 1014745 334766 64722 935812 648929
417198 647304 420314 800977 1128610 347691 582458 963538 593384 838327 844051 1181419 364853 940029 246492 999999999 442631 926332 350706 846463 331576 780329 315630 738770 505742 490317 1028620 242038 611375 386804 689634 941053 504006 436556 612058 980294 689207 815711 552533 479590 313395 982630 862889 748612 592256 262338 269103 324626 338144 430678 529009 542711 115044 680422 877061 677857 801445 938791 963769 944800 518200 844240 398737 844943 400456 1126391 781165 927028 619921 63177 1013873 779301 522886 629662 979647 386032 970217 699831 933247 674435 523982 843145 783770 619184 347632 790781 834511 570817 951229 766548 711870 516296 714377 779328 532515 1174873 578573 200737 1113443 852729
188521 214642 44740 433717 704098 167636 332398 551061 327482 494979 541685 773392 217699 567541 258708 442631 999999999 595807 100168 406047 150808 545737 294465 306898 194616 374814 664936 234417 364542 64133 673767 507969 142764 258878 170574 546212 247868 594517 131166 301696 415400 547209 461885 330648 380171 252538 416713 255910 104807 296785 201865 449072 352900 390026 571273 593099 458961 625058 523525 556011 296020 402649 256433 554747 53684 711915 423202 486666 510095 426707 608803 340125 83231 324738 537018 93692 529119 344311 589851 346392 81352 479191 443979 182476 423130 362171 396903 462486 508879 459307 324572 545387 452022 443744 251553 756533 244504 320817 681255 410114
779103 581285 640484 807970 387939 589219 346054 260737 858216 101347 95128 352099 813493 876079 835613 926332 595807 999999999 681411 429307 740094 221663 618092 591012 750074 472424 128764 689420 895714 653594 566929 369603 691222 490703 494279 386094 463964 236147 471863 452897 1006125 642890 222298 327644 927102 664110 722767 602552 656968 887023 414897 466160 811393 246467 69491 457758 136854 1013462 444998 168215 410017 527009 850163 110793 646979 338832 817803 568462 428554 942480 243151 548606 532337 298390 518118 583222 460856 780365 944380 815571 552912 839277 152318 565867 657344 617335 572077 442998 534048 160380 720413 603206 228131 153735 800855 387316 757160 888366 427459 493511
144554 296748 69739 479489 804264 157567 388388 650444 323733 581856 620169 872735 146493 618068 159891 350706 100168 681411 999999999 504340 59717 608063 269873 388596 197246 394433 757664 174668 356239 37230 687518 607891 169591 281264 269155 645987 346096 655035 228902 331441 324718 632227 559522 429939 360367 206635 371805 235829 43889 240399 271630 469643 272132 460985 651108 620073 545010 652457 621666 652293 339690 494398 194604 630684 50437 811691 464353 576539 539123 329683 707544 428706 183291 396614 631852 109252 626702 381796 628239 370937 178488 524391 529108 268546 396566 441523 483807 488026 602083 536997 377938 541777 518083 527883 246541 856557 265419 220963 781131 504703
522735 243722 436571 396069 320545 522001 454831 220266 515253 354543 446826 416666 577244 447934 655369 846463 406047 429307 504340 999999999 544572 544159 627026 197799 453209 592027 413773 619726 547002 467126 837621 120026 408619 518476 235483 151111 158273 587469 298450 522560 784696 229976 207064 153625 586968 621713 761157 591844 508969 612046 378805 639770 748870 411829 456811 726808 343149 591595 117489 286471 481180 98482 592136 472285 454253 348188 411144 149667 656736 832753 282583 140138 323949 384868 146432 464829 123956 396585 519323 441450 325863 420695 343774 254169 733615 202160 145568 634040 135196 404500 332032 782201 467315 351461 485083 381642 423738 719752 284153 64204
106628 322903 110627 475395 850929 208152 447397 700985 295069 640213 679701 923266 91094 614946 110879 331576 150808 740094 59717 544572 999999999 667306 308835 411945 181464 446536 814227 199423 323919 87782 735619 652289 172451 335678 312107 689632 387413 714064 281932 386731 266465 655443 612687 480862 321902 237846 396441 278239 96417 187963 331301 521281 270636 520701 710549 672591 603514 634516 661078 706698 397408 525636 141341 690348 97128 861056 457646 605040 592591 300943 759262 457440 231178 456317 665915 168009 665038 375000 617209 356699 221904 519110 587777 298796 430918 461949 510219 540894 634200 596546 381308 584409 577651 586722 221397 904803 254193 175188 824969 539228
733403 612050 588296 866742 596308 477987 220273 443807 856062 212574 131949 572681 752944 961813 743757 780329 545737 221663 608063 544159 667306 999999999 464805 653383 730653 293619 350262 562014 894513 589927 346389 527206 671982 354593 508273 554586 511742 49898 450971 305176 921097 773686 363916 400549 917673 527578 545033 460979 573093 840538 343873 264635 666933 162221 152172 236134 207252 1078280 599161 360223 276771 630906 797614 111187 587767 553552 870051 693722 212858 808270 446447 628150 508541 224696 666364 499361 614712 814518 1018325 839224 532821 905233 202362 586152 471192 694433 667877 237884 671424 139777 763712 389330 95597 194026 786760 603936 758721 785787 626497 603956
411918 498179 307592 728019 865283 126848 272038 693155 593449 536259 532184 900610 396910 861874 332113 315630 294465 618092 269873 627026 308835 464805 999999999 586380 464546 178573 727747 122003 626096 282207 434776 697542 426442 130056 419445 736960 486390 501138 336897 165885 501182 812990 588049 497264 628827 78725 134210 38889 226851 494130 255877 241547 202263 371836 565089 389970 500689 914834 737704 658127 208274 656689 447683 531415 291338 852395 716806 742477 319621 345284 735433 606128 341380 328715 772113 200896 747713 636601 883307 633323 356660 773506 482979 463533 129182 642585 663789 267470 752469 457726 619010 276233 400238 477396 515981 903388 528081 352923 861869 653150
361156 92518 319723 217890 512269 463257 501818 415460 320134 500722 584470 613467 420003 311300 517407 738770 306898 591012 388596 197799 411945 653383 586380 999999999 278653 609752 599174 541206 350418 353659 891991 316506 248332 509327 174625 343043 141989 701666 260419 532497 620163 243926 378961 265808 391274 556598 716234 547726 408722 435235 383967 673155 657629 497667 602413 790497 478138 427503 290107 470749 502961 128806 423635 607306 339993 544701 226792 196411 711194 712649 478663 60165 245051 448571 269940 392061 287806 199705 365001 243723 231721 253004 472357 124815 709627 56215 100134 675909 233261 522169 135483 799736 562943 477808 299420 575266 234816 581591 467997 156348
91093 209498 162778 295557 773430 343941 523490 647242 133282 649156 709859 862974 150002 434969 262967 505742 194616 750074 197246 453209 181464 730653 464546 278653 999999999 567675 797694 370999 169956 182848 866239 571590 59488 451420 259895 604320 315085 780185 284097 495866 341820 510028 578314 442078 187430 403872 568789 428655 238356 158960 389647 642464 452062 570556 736772 787593 616121 455863 560934 676462 490343 405821 145272 726200 175289 796130 276789 473903 704640 466707 710014 334997 223825 506265 548174 276739 561009 194555 435838 175673 200574 338539 603527 203692 592605 317809 377955 656678 511889 630511 210040 730693 635449 605196 57080 833338 73156 322568 736182 428635
537572 534719 405421 789000 773401 238385 148301 600563 700955 406034 380109 788182 537623 911855 495222 490317 374814 472424 394433 592027 446536 293619 178573 609752 567675 999999999 592630 291682 737174 391669 298957 634036 517574 116258 435393 671304 482307 325949 350743 77756 670053 805954 496290 442809 748475 251311 253268 186045 351653 633921 226392 75359 379236 238437 411841 226058 375042 991463 688575 546484 111213 646655 587530 374170 395731 749205 783316 728394 147371 523358 631156 612065 384060 222114 737345 292905 701241 710002 947876 718395 406404 833338 358465 500652 184923 663399 666313 94842 726263 316978 677468 192052 244824 351004 623825 801497 618841 524718 782220 633480
839138 609265 708591 808676 281696 684450 457859 203397 893136 191499 222858 226956 879808 857345 916022 1028620 664936 128764 757664 413773 814227 350262 727747 599174 797694 592630 999999999 788077 929082 726475 694630 323648 740983 598194 537821 327298 490833 361816 534991 565274 1080212 600193 223114 356391 964201 766812 839171 708511 738698 944552 504071 591716 914508 358298 198169 586222 227592 1004934 394698 128480 520090 511175 911624 239554 718078 224837 822246 533828 556836 1039660 158275 548289 592541 400145 467777 667752 409558 797034 931595 837205 610007 834449 245335 600801 777099 614398 559019 569454 491834 275727 733905 730801 351473 250477 843967 268848 793278 972568 331504 475392
305819 449049 230596 652802 889922 105793 351179 723004 493066 598747 610995 939842 282403 790634 210153 242038 234417 689420 174668 619726 199423 562014 122003 541206 370999 291682 788077 999999999 523017 198798 556588 706877 343312 207743 391619 746418 466516 602580 321435 257038 380187 779959 621485 510824 521087 43359 198104 105657 138743 378402 286981 359979 132054 445686 643903 510259 561594 826762 735677 702762 288287 631012 332615 614410 211033 885630 638390 716322 437179 253075 772354 571883 303776 391214 759094 155447 743520 556039 802776 545494 311469 697935 544020 416546 233420 596582 629284 384492 734225 531094 548755 395246 486505 540000 417456 934619 440056 233236 877750 634192
217297 319850 331782 243310 862352 509757 691442 759631 38467 796475 864235 963536 252955 363326 367609 611375 364542 895714 356239 547002 323919 894513 626096 350418 169956 737174 929082 523017 999999999 348571 1035405 666543 224877 620930 401977 693420 438311 944297 443982 665774 364806 532303 706103 574367 43513 559903 720360 591811 399578 183418 556874 812106 582156 733044 889284 957546 765740 328368 638341 803126 660007 474850 212885 882300 342626 894878 217192 521313 874595 560944 823270 410307 386037 669840 606959 445190 634388 167221 333665 118307 361698 271613 754682 330390 752019 365885 434455 826573 567737 787511 225544 896642 798960 757341 113357 925596 138812 411872 816120 505691
147742 261452 33958 454301 767862 161409 371896 615183 314037 553367 595412 837514 163691 591866 194582 386804 64133 653594 37230 467126 87782 589927 282207 353659 182848 391669 726475 198798 348571 999999999 688221 571039 145988 276235 232005 609045 308893 637720 194631 324330 353955 596899 525531 394749 357158 226013 392543 245903 60076 251581 248937 467007 304790 438988 625812 615638 516851 633667 584443 619146 327469 457735 207778 607022 13691 776033 440510 540227 533636 366794 672811 392511 146740 373999 594816 99106 589473 358617 605814 351809 141291 499542 501337 232452 410838 407207 447975 483625 565248 512437 350031 548424 498226 500545 236183 820561 246257 256789 744236 467669
831921 824223 703672 1082213 940269 529955 391624 780877 999475 551354 478187 918783 826138 1200139 766721 689634 673767 566929 687518 837621 735619 346389 434776 891991 866239 298957 694630 556588 1035405 688221 999999999 848720 816529 415017 720881 880781 756026 334203 639800 373889 932384 1064031 689791 684115 1045364 513229 420966 459285 643860 923465 511349 225487 599455 428056 497694 114106 536413 1287445 915005 702713 392492 908470 876796 457336 693130 899474 1078054 983894 182241 739494 790122 885327 679256 454730 975098 590325 929620 1006719 1240928 1016709 702398 1125816 525927 791235 345462 942911 935560 217161 972106 463743 971118 173364 383667 516938 922125 950135 917736 782923 966396 888953
638170 362447 542412 504135 202073 604471 488050 120271 635113 318546 411173 297006 691169 536962 763063 941053 507969 369603 607891 120026 652289 527206 697542 316506 571590 634036 323648 706877 666543 571039 848720 999999999 525074 578572 340183 39628 265975 564283 388554 572501 899211 277568 163321 200278 706757 703272 829835 665216 607406 730104 442029 670518 838297 422763 412629 735059 320088 689118 75423 206322 527231 202084 708581 437356 558796 228349 521485 210470 673649 932287 175414 257428 424741 413993 148654 555294 91316 513592 613749 559436 430684 523832 326870 370187 792704 313944 249785 659865 168563 390726 449095 817366 466079 335693 604758 261992 543712 826797 173312 166735
114925 167768 118923 309900 727137 302091 466611 595292 186954 590196 650387 813120 172368 448566 271284 504006 142764 691222 169591 408619 172451 671982 426442 248332 59488 517574 740983 343312 224877 145988 816529 525074 999999999 401627 203484 559232 263556 721592 224625 444083 377076 488560 522948 386388 245693 371967 538449 389170 205489 207290 332199 591745 438109 511533 677361 734827 556957 488408 519961 620987 435881 370787 183577 666713 135502 747024 295078 444590 651714 471322 657545 300217 164463 447433 513460 231178 521324 212831 459916 206988 141100 354838 544243 154888 555517 294312 348396 604742 478827 571031 210060 686197 576662 545844 114779 785814 102595 334686 692721 390171
422989 429088 289203 678763 739291 129840 145927 566389 584699 406705 407515 771346 426382 804902 395505 436556 258878 490703 281264 518476 335678 354593 130056 509327 451420 116258 598194 207743 620930 276235 415017 578572 401627 999999999 335156 617543 391354 396240 249092 52123 572764 719683 460894 379314 632560 175944 253936 112004 239572 521602 139674 191255 321517 244295 440526 339507 370888 878655 624221 528543 81762 560590 475568 409024 279839 724257 671849 644974 257968 457655 606850 518466 274228 198697 664872 177198 635352 596923 837389 603625 295331 723553 353160 394402 215426 564410 574703 207432 649029 330480 567240 293348 279597 347732 507578 775569 503208 432915 738867 552058
307854 105895 202403 365825 539377 301618 334218 396042 364209 394580 463769 616750 356166 479258 422887 612058 170574 494279 269155 235483 312107 508273 419445 174625 259895 435393 537821 391619 401977 232005 720881 340183 203484 335156 999999999 377664 77316 557963 86068 357998 563841 393871 319595 182980 432824 399546 552017 381493 274020 409350 210387 499959 517641 346780 487863 622398 363836 576066 352954 417561 329744 240132 380368 482993 219360 552528 365654 325916 541591 597280 457143 186727 89283 289846 368620 236444 358616 306277 522966 332228 90811 407737 353128 77883 539175 229292 244345 504012 342668 389817 257930 625116 413771 356146 307707 594562 263198 486717 512988 242757
672937 394833 580049 521197 169867 644085 524715 127277 662976 343590 434808 272751 726653 544237 800476 980294 546212 386094 645987 151111 689632 554586 736960 343043 604320 671304 327298 746418 693420 609045 880781 39628 559232 617543 377664 999999999 302573 589849 427761 610701 934503 274519 191774 239717 734284 742899 869117 704741 646172 763143 481348 706271 877789 456603 433712 766874 348416 699428 69800 218945 565169 222326 742807 460876 596685 203859 539858 215569 707234 971082 171907 283123 463018 450521 140897 594643 83325 537219 622940 584011 468355 537985 356489 404465 831394 335071 268455 694928 168715 420124 473043 853438 497366 365417 635647 232243 573609 864379 135337 188731
374202 118800 278619 356077 466906 373128 364490 332202 402311 368737 448016 549638 425795 452771 498291 689207 247868 463964 346096 158273 387413 511742 486390 141989 315085 482307 490833 466516 438311 308893 756026 265975 263556 391354 77316 302573 999999999 560254 149731 406812 633935 328645 268068 137185 473499 472169 620136 449326 351264 470734 256618 541288 593789 355710 468170 652170 342884 567277 275701 365649 372522 170508 445707 469874 296076 483874 361488 256134 574255 674561 394932 130088 166320 307812 292621 311070 281302 316838 506625 351735 167608 393610 335444 111984 601679 187968 184183 541697 268394 382207 258754 674167 420965 340225 356297 523882 302772 562443 437840 168269
781849 661536 636809 915644 620338 521814 266669 474808 905850 246261 157181 587760 800378 1009334 788276 815711 594517 236147 655035 587469 714064 49898 501138 701666 780185 325949 361816 602580 944297 637720 334203 564283 721592 396240 557963 589849 560254 999999999 500836 345640 965781 816289 401195 446480 967284 566794 573313 499949 619309 888702 392725 287403 703349 212113 168825 230726 246511 1127146 637397 387744 320576 675929 845488 132317 635866 574088 919222 736697 225471 845995 471742 675242 558293 274457 705977 546055 653102 864169 1066665 889060 582599 953851 243885 635845 497168 741940 713829 259284 712692 183615 813062 399564 145468 236036 836367 623211 808592 828788 654316 648160
307398 184647 173868 442799 579538 224347 259344 422003 405516 370525 426198 644153 344986 561621 388705 552533 131166 471863 228902 298450 281932 450971 336897 260419 284097 350743 534991 321435 443982 194631 639800 388554 224625 249092 86068 427761 149731 500836 999999999 273100 546151 476494 330901 201653 468980 323879 470475 299648 220953 415162 128614 417015 451432 289147 453785 544447 335787 650383 414254 424854 247402 319805 378957 442151 184838 583898 439940 405630 462532 544802 478658 271235 60919 226697 439777 167328 422129 373456 601294 392148 83526 486097 322068 151440 454323 315327 328393 422639 417470 346422 332290 539605 355374 323016 338599 629744 307758 449583 561240 317533
471778 456969 334943 711472 723120 181872 107473 549643 629017 374316 366305 747689 477168 834100 447594 479590 301696 452897 331441 522560 386731 305176 165885 532497 495866 77756 565274 257038 665774 324330 373889 572501 444083 52123 357998 610701 406812 345640 273100 999999999 624801 732374 444138 376726 679017 222608 275537 156395 290410 571823 150221 148404 364936 207422 399205 292053 339935 914557 623185 504412 47356 572911 526003 365748 326998 703926 706040 655647 209517 504039 585827 536163 306712 172135 668670 225324 635220 633321 870357 642834 329311 755738 322433 422897 223315 586415 590989 160819 655718 292714 599971 267728 234833 316155 552491 755807 544494 484395 727089 561236
262243 544743 372328 597541 1100753 444337 701286 959173 362906 906515 943394 1180507 208141 726318 177550 313395 415400 1006125 324718 784696 266465 921097 501182 620163 341820 670053 1080212 380187 364806 353955 932384 899211 377076 572764 563841 934503 633935 965781 546151 624801 999999999 849794 875265 741048 331835 422793 529503 484729 351750 194115 594515 739934 348230 781765 974737 890446 869714 684448 896996 970631 645235 746206 196574 952771 362135 1116318 572962 815720 816670 250875 1019169 675330 491584 718511 888900 426679 898387 503303 697893 463048 478037 631840 853825 530556 592853 659201 719724 763903 853171 860216 540206 764739 835256 852562 334324 1157619 398268 149530 1068790 766976
597719 335499 563040 306331 403723 695002 676360 397116 512825 578516 671860 522207 657306 283425 759496 982630 547209 642890 632227 229976 655443 773686 812990 243926 510028 805954 600193 779959 532303 596899 1064031 277568 488560 719683 393871 274519 328645 816289 476494 732374 849794 999999999 424244 381069 575815 791750 945868 775242 650677 658267 583041 859612 899717 640670 678730 954435 570606 444111 205657 483453 694897 159471 654384 697740 583211 457691 331052 80536 882258 956324 446403 208354 477497 609466 134064 627144 191254 365370 365811 414006 468492 305475 572405 365230 930181 194249 150711 856307 109259 633925 313823 997890 697177 580329 517351 467085 452166 823206 342529 175088
625765 386255 503476 592558 279031 515728 347990 105628 670328 156374 249757 318594 670407 654470 719411 862889 461885 222298 559522 207064 612687 363916 588049 378961 578314 496290 223114 621485 706103 525531 689791 163321 522948 460894 319595 191774 268068 401195 330901 444138 875265 424244 999999999 136623 741567 609058 714659 560594 547497 728815 337024 523361 752954 269594 254586 575759 156962 794675 236287 98155 396972 305041 698477 275914 515560 265118 604412 347846 518427 864365 151036 331473 383685 274607 306078 482756 252050 575143 724157 614537 398292 621469 164722 378829 667451 399439 350740 509714 316777 228360 512607 671082 306135 173659 622852 315529 570797 779547 286495 271260
489496 255768 370681 483695 380050 406863 302327 220506 537853 234987 319564 442806 535115 565200 589321 748612 330648 327644 429939 153625 480862 400549 497264 265808 442078 442809 356391 510824 574367 394749 684115 200278 386388 379314 182980 239717 137185 446480 201653 376726 741048 381069 136623 999999999 608490 504782 629666 465091 422225 592206 241852 487416 642799 259696 336652 573668 212934 692473 246463 234599 333140 231121 562188 343099 384018 382257 491934 300590 503114 744556 278506 230708 250082 231436 295611 363133 258664 452760 627065 488751 263130 517705 208496 244714 594241 298906 267382 480885 288620 263248 392891 631250 318053 214702 487597 428471 437478 650871 367525 206826
216914 355851 344098 285280 903513 516675 710769 797864 71949 827197 892466 1003632 243087 401474 352530 592256 380171 927102 360367 586968 321902 917673 628827 391274 187430 748475 964201 521087 43513 357158 1045364 706757 245693 632560 432824 734284 473499 967284 468980 679017 331835 575815 741567 608490 999999999 559686 716705 595932 404213 161588 577072 823729 570797 757058 918289 971061 795647 354142 680070 839020 676132 516691 197952 909804 352750 935094 259014 564404 888453 539395 861495 451335 409652 693097 649743 455575 676395 210704 366634 161819 385760 311717 784027 363812 752674 408451 476904 839430 610584 814514 268435 902137 822333 786325 130917 966523 171012 391621 857960 547057
343362 465396 255630 679648 881398 99716 321570 712210 528898 576181 582907 926270 323188 816295 253507 262338 252538 664110 206635 621713 237846 527578 78725 556598 403872 251311 766812 43359 559903 226013 513229 703272 371967 175944 399546 742899 472169 566794 323879 222608 422793 791750 609058 504782 559686 999999999 166564 66877 166698 419774 272124 318112 147729 418538 615907 467804 539415 858569 736211 686730 257638 639673 373693 584910 237137 874064 666381 725454 395686 281799 759223 583407 314281 367386 763630 164837 744852 584620 831827 576754 325004 725007 521712 431857 193098 612516 641143 343125 740563 504556 573475 352334 455471 517142 452409 923857 471076 275065 872297 640436
503067 626497 422103 846125 993210 253002 381987 820215 690953 649031 632008 1022660 475055 982479 383970 269103 416713 722767 371805 761157 396441 545033 134210 716234 568789 253268 839171 198104 720360 392543 420966 829835 538449 253936 552017 869117 620136 573313 470475 275537 529503 945868 714659 629666 716705 166564 999999999 170829 333023 568238 387819 288037 183267 480929 664139 412046 615196 1024260 871395 779390 322388 790240 523907 627103 403698 977283 832945 876095 361487 318857 859516 738408 471434 447072 906317 325435 881568 751160 998348 742638 484942 891505 597774 592259 80328 772421 796171 316711 886606 564317 739505 247628 496825 591316 615546 1028822 637014 382184 992295 787197
379286 459353 270247 689579 836411 88292 257843 665142 558568 517203 519430 875375 367800 823181 311631 324626 255910 602552 235829 591844 278239 460979 38889 547726 428655 186045 708511 105657 591811 245903 459285 665216 389170 112004 381493 704741 449326 499949 299648 156395 484729 775242 560594 465091 595932 66877 170829 999999999 192252 465227 225266 255295 209612 356228 552439 406420 480935 877411 703530 633865 193575 619412 418595 520506 254519 825538 678589 705266 331985 347649 709281 568080 302689 308371 736423 162260 713224 598635 845150 596148 317806 735061 463189 424731 167285 603937 625790 279235 716110 442414 580383 306533 390368 458123 480893 876121 491132 338708 831118 616557
188403 316208 92218 514329 800401 114010 352855 642022 366616 558723 591815 863701 186817 651942 178648 338144 104807 656968 43889 508969 96417 573093 226851 408722 238356 351653 738698 138743 399578 60076 643860 607406 205489 239572 274020 646172 351264 619309 220953 290410 351750 650677 547497 422225 404213 166698 333023 192252 999999999 282363 243170 426732 249061 430109 623333 577539 521510 692005 626421 637798 301390 507416 236127 601021 72372 804386 500358 591252 497002 324912 697219 444343 185034 366769 641594 74939 632494 418298 665401 410140 186074 559544 505094 285449 354326 463151 500767 445603 613670 508675 410025 497960 484868 503241 289133 850601 304460 233944 780612 514792
108549 368392 252916 404884 932066 395700 623369 802582 173252 785687 837521 1020075 97428 536584 192936 430678 296785 887023 240399 612046 187963 840538 494130 435235 158960 633921 944552 378402 183418 251581 923465 730104 207290 521602 409350 763143 470734 888702 415162 571823 194115 658267 728815 592206 161588 419774 568238 465227 282363 999999999 497467 708869 413041 686640 866513 859879 750791 511638 719754 826602 578405 563393 46671 851206 252840 953675 380857 628357 779316 378386 864798 492780 354876 621349 705175 347953 719613 309369 515025 270355 335389 440838 736712 360774 611793 470209 533241 727966 668233 755569 346788 770345 747807 737209 141067 991618 206126 230106 895142 587136
389827 312875 244709 571409 611317 181642 134942 440718 518707 318462 348908 654227 412619 689245 421466 529009 201865 414897 271630 378805 331301 343873 255877 383967 389647 226392 504071 286981 556874 248937 511349 442029 332199 139674 210387 481348 256618 392725 128614 150221 594515 583041 337024 241852 577072 272124 387819 225266 243170 497467 999999999 289573 417207 190051 380239 416149 281021 778607 485197 415830 119381 423598 455433 359054 245427 602114 568319 507128 334014 536191 487105 385966 174678 125162 525208 168695 496080 500335 729900 516138 199148 614689 264060 280010 354965 437179 440800 294216 509738 265717 460792 417812 250376 261506 446432 652172 425435 473469 606140 413459
612910 601654 480437 858224 795028 313185 185089 624659 775741 413858 371233 798710 612373 978560 566593 542711 449072 466160 469643 639770 521281 264635 241547 673155 642464 75359 591716 359979 812106 467007 225487 670518 591745 191255 499959 706271 541288 287403 417015 148404 739934 859612 523361 487416 823729 318112 288037 255295 426732 708869 289573 999999999 435744 254912 400654 151879 387373 1062437 729753 561636 170250 701223 662418 360323 470979 765346 853445 780764 78284 580796 648601 671369 454269 257482 782987 368189 743218 781443 1017077 791235 477208 902170 372377 568132 210260 725650 724060 28677 774889 321314 746889 147722 240766 364050 698749 817660 692590 593085 809531 685405
371124 565143 338681 745489 1021976 237370 467426 854856 558105 723909 729021 1071066 329239 884959 220456 115044 352900 811393 272132 748870 270636 666933 202263 657629 452062 379236 914508 132054 582156 304790 599455 838297 438109 321517 517641 877789 593789 703349 451432 364936 348230 899717 752954 642799 570797 147729 183267 209612 249061 413041 417207 435744 999999999 565403 762031 576449 687140 902241 865419 832876 403176 754900 372914 730034 318315 1017377 728163 839382 513758 145058 903676 693021 428626 515088 886209 284200 872813 645439 887579 626904 433239 789487 669439 534499 254041 711733 749677 463280 859918 651542 648110 427214 599612 664866 488815 1066511 524822 204312 1009523 760278
578538 451310 433733 708038 540294 349012 100006 369800 694578 168506 165544 549850 602666 808271 606512 680422 390026 246467 460985 411829 520701 162221 371836 497667 570556 238437 358298 445686 733044 438988 428056 422763 511533 244295 346780 456603 355710 212113 289147 207422 781765 640670 269594 259696 757058 418538 480929 356228 430109 686640 190051 254912 565403 999999999 198335 315738 136607 919519 487286 308999 163611 489476 645151 171554 435313 512470 710312 560151 250894 698530 394933 477741 347452 65293 547143 355177 501759 653030 861568 677116 371542 747574 120108 424593 420742 541831 522064 240188 545278 86187 603380 402421 67019 112567 626238 564831 596781 654622 555031 466482
758003 581960 615946 820300 451856 547059 294605 312723 851225 103044 33011 421115 788207 897843 801256 877061 571273 69491 651108 456811 710549 152172 565089 602413 736772 411841 198169 643903 889284 625812 497694 412629 677361 440526 487863 433712 468170 168825 453785 399205 974737 678730 254586 336652 918289 615907 664139 552439 623333 866513 380239 400654 762031 198335 999999999 388276 125366 1028970 487666 222485 358865 552041 827558 41550 620432 405308 828048 601670 360130 896579 304080 565331 514697 257526 559294 548622 503582 784392 962569 816481 536807 854207 134744 562861 596313 634096 594807 376641 571340 114815 726898 535444 167315 131980 789669 454674 750510 851230 487702 520440
762481 727283 626995 986917 827093 464441 288774 666877 920581 437767 367012 808594 763674 1100608 718008 677857 593099 457758 620073 726808 672591 236134 389970 790497 787593 226058 586222 510259 957546 615638 114106 735059 734827 339507 622398 766874 652170 230726 544447 292053 890446 954435 575759 573668 971061 467804 412046 406420 577539 859879 416149 151879 576449 315738 388276 999999999 422341 1194745 801883 589383 300723 800266 813533 347293 618797 787323 984380 874081 83153 720888 676975 780375 588686 346806 862815 516537 816609 916050 1144969 929575 612597 1029681 411822 695328 331799 839935 829109 132106 860801 349681 876723 187529 269624 402834 844343 838302 833969 742786 852510 779531
