NAME : synthetic_000541
TYPE : CTSP-D
DIMENSION : 100
GROUPS : 8
RELAXATION_LEVEL : 1
EDGE_WEIGHT_TYPE : EXPLICIT
EDGE_WEIGHT_FORMAT : FULL_MATRIX
EDGE_WEIGHT_SECTION
999999999 393297 34872 105036 623881 402429 387188 533217 245851 707445 554891 680383 670232 743113 481666 493429 1013497 529674 643097 241363 287902 675325 287599 392876 647956 492315 535360 475358 488848 709303 277723 836422 100742 580251 207556 274321 639682 514383 254940 638676 438648 265229 116292 534956 655447 711197 565061 731841 335511 987635 233029 349788 141187 227631 20818 633232 448929 255112 206797 170341 264319 568072 700134 541310 222496 348256 747055 722109 528666 610109 251659 453829 346591 777736 688259 74173 747185 765923 743322 559942 185103 597370 202692 729508 498438 793060 650767 328324 290985 120800 699115 594813 334108 390405 479060 567219 191919 780354 494650 605860
393297 999999999 358442 406171 850091 739244 116255 343115 606484 526053 283920 309040 631326 800504 574826 201703 993474 231345 499071 633846 669416 554949 322752 326612 705420 503603 517913 454429 388744 814444 117430 784089 457588 518268 219855 336741 419770 303639 624932 720525 75560 236299 466663 832649 624758 351627 753796 494873 686193 972523 439103 485616 417883 537605 413392 947560 112885 449566 458777 510985 387545 481348 500165 591770 542479 513305 541636 458448 141343 874387 555346 607538 514703 427013 347767 319416 539598 665044 875719 300154 573496 894363 465375 391575 118222 692574 868899 622997 135380 408948 876680 943471 634848 735128 214699 815688 584964 573054 204797 698812
34872 358442 999999999 111383 636437 427724 353683 506296 273627 683414 524116 646180 656445 738923 476677 461084 1004507 497483 620841 275959 320217 655185 267635 370139 642563 479486 521012 459189 466785 709444 242872 823371 123033 563107 175713 256221 612524 485979 284728 635550 404027 238531 139070 555750 642142 677506 572441 704522 362458 978912 233619 347347 146460 246525 55099 656925 414839 253366 211419 191826 252916 548762 674823 533359 241455 349472 721821 693171 493858 627203 268485 454932 346019 744571 655313 39381 721813 748291 746634 529745 219069 618564 211118 696809 463723 775725 662637 345744 257799 123983 706839 622987 352641 416858 447552 581899 226664 755266 462388 603356
105036 406171 111383 999999999 723008 481306 429161 605468 321761 787122 611902 710013 767742 847462 585627 542241 1115430 579021 727082 273898 341607 763501 377165 476734 751831 590868 632261 570041 573682 814340 302177 934725 196948 673481 267059 366747 710606 581763 323217 743302 464758 219946 64371 622672 753491 746704 668246 801849 411006 1089752 128594 246245 36167 143562 112584 713787 483365 359799 311657 263517 364103 657894 776429 643820 317525 243320 823431 786200 547194 703690 348729 558856 451545 817710 730688 132817 823171 858271 847958 619662 186830 683852 99761 773530 520865 885848 750496 423540 281594 225810 801935 661835 427699 466186 533073 664202 225263 857049 543983 710616
623881 850091 636437 723008 999999999 311185 758259 678856 431442 711077 778348 989964 489610 348761 316576 784782 622081 802283 638323 556040 476723 612720 528029 561647 330422 427874 456809 476427 572286 254835 756324 567378 526140 515870 649207 513353 740627 700658 447684 287810 839591 858870 698348 179436 474561 986289 111237 802076 368927 596843 850065 968130 757114 792539 611609 240416 817378 411348 430033 460380 463913 550005 734908 355342 406223 960205 762620 836655 923744 90571 374383 251151 335522 1014001 936692 649187 765886 613171 219111 766526 634003 177133 807350 957922 889905 623723 29794 301824 830336 514445 120820 350270 300477 334459 753797 68405 570160 781173 783114 270721
402429 739244 427724 481306 311185 999999999 681978 703758 159552 810283 777861 964374 649682 595542 414912 751428 888849 780152 732510 256916 172434 732050 463699 549842 533357 507767 554117 533391 609252 518119 625617 779979 304780 619589 519395 442746 795925 708503 161687 500008 756819 666241 439014 153998 632140 977710 325016 878546 71502 862180 597262 711553 509909 514051 384154 232484 749002 315464 284535 237717 387889 636093 821701 485604 197367 696440 861438 895010 850358 253554 184988 332486 312640 1026204 938045 455390 863526 776403 510819 772992 347110 208671 546610 970526 816029 795916 340758 132863 672812 333496 425448 204410 118709 23279 724951 242797 283209 888688 751004 468381
387188 116255 353683 429161 758259 681978 999999999 232069 565389 419721 193002 295846 515078 686831 469540 115127 877412 151500 386661 616529 637773 441228 233071 214989 592849 391339 403119 340877 272518 704728 133892 668358 427793 402025 182617 250834 318508 194358 587598 609918 81333 310518 482020 759021 508594 324086 657318 401021 636735 856359 491813 558820 449470 570436 404874 876387 67310 374822 397465 469135 305915 365172 396852 480775 490649 581986 440660 372641 170176 790559 497287 510367 426414 391135 302523 315191 439077 551099 768201 205561 572268 818916 506319 344843 135535 578863 775008 557300 209394 367529 775444 885681 570246 681197 114494 729622 570772 473274 117325 589797
533217 343115 506296 605468 678856 703758 232069 999999999 632392 190310 107115 320191 311608 511584 362418 157447 659840 151448 156157 722107 716365 213404 263304 157978 430310 253431 237932 202615 106574 554006 350796 448478 532567 206075 338960 283320 106542 40652 659747 459249 280293 534180 645234 734333 310094 309004 568239 198766 679707 640772 693513 775224 633291 748551 545267 851608 240222 396044 446430 546264 328245 163037 172852 338876 544630 794445 219397 196864 318410 734814 536693 433620 395884 336330 258085 474724 218754 323371 626009 91209 706348 785665 696264 279870 294948 350450 687565 570920 437363 462604 660536 893637 585080 710642 132939 670804 685132 253058 154309 449843
245851 606484 273627 321761 431442 159552 565389 632392 999999999 768908 689839 857873 651726 650010 420119 649897 941963 682175 693566 133848 86133 706073 372540 474435 570084 485433 534059 495424 551972 588924 489812 802003 153180 595225 389932 351512 733449 628580 28916 545723 634155 510999 281050 304772 634482 877993 408185 822173 90045 915075 439046 554509 350669 363975 226729 392036 632511 239932 185968 96445 304195 601048 773395 492552 89024 541156 817112 829020 728122 394278 107738 354035 284511 934070 843945 304732 818497 770759 600348 688463 202562 364225 389727 880311 694720 794024 460882 140273 526328 199002 531080 349364 136005 145292 626884 365911 138896 847471 650048 511522
707445 526053 683414 787122 711077 810283 419721 190310 768908 999999999 250220 411845 241170 453791 411761 327551 519450 306429 77867 873865 854950 102768 423209 315076 402225 304984 262877 277592 221948 524015 541102 314629 691888 198266 523478 440092 111498 225527 797524 441824 457447 724457 822208 807143 250690 376955 601833 101328 800429 505155 880787 964976 816630 928869 717236 918014 416826 529481 587666 692785 472580 174437 36787 357234 679943 983554 52292 153468 473767 783291 664934 496127 499210 363315 323479 654745 55163 177690 599121 231531 871150 848984 880613 318508 458139 197967 711848 681478 627061 622333 660375 981945 695241 821570 311356 721300 842131 78831 324303 446919
554891 283920 524116 611902 778348 777861 193002 107115 689839 250220 999999999 214201 414865 618088 463315 82403 752827 56222 243857 765379 770601 303574 318286 230112 537425 357223 344604 304904 209080 661036 326280 541729 573001 312384 348687 339541 139489 77773 715684 566133 211238 502671 659633 822162 414620 208447 668591 211174 746492 735226 683289 751722 635348 755043 569934 940387 171408 463386 506029 598192 391679 269172 220357 444495 605164 774977 259169 179641 225158 830009 602182 529790 479404 248446 162054 488278 256866 410203 732831 19280 736468 876075 694689 192674 207958 435488 788515 645604 400336 505104 765237 973743 659638 782361 79710 766144 724109 289785 79416 556040
680383 309040 646180 710013 989964 964374 295846 320191 857873 411845 214201 999999999 617247 826297 676398 213596 931290 189171 434288 912319 932432 491979 501275 432382 749260 571356 558118 518829 423234 873627 408511 724810 723427 521711 478344 521962 309679 291478 881112 779246 245270 542351 767679 1023292 619311 53848 880956 328932 924808 916705 747899 786868 724638 845235 698794 1141843 231560 649771 682659 762225 577472 478613 375441 658623 779376 816816 395863 272929 171216 1038107 782206 739907 680269 128833 92215 607043 392089 588237 946044 228986 865243 1079508 774097 119882 190932 609710 1001072 834848 444060 661782 979405 1165294 848497 966007 242019 974583 866281 415646 214335 769964
670232 631326 656445 767742 489610 649682 515078 311608 651726 241170 414865 617247 999999999 214426 236197 467044 365680 462977 187010 775729 735486 138738 395641 320404 164888 178310 135602 200611 242626 283383 600062 167458 621349 113071 538402 402589 312472 350537 680323 206680 580051 773859 785050 611978 17570 593096 386346 341671 658311 343167 882815 985494 802163 897334 673225 713597 542321 434543 496111 598280 406170 151764 273174 164185 568338 995856 287959 389284 629018 569854 544168 317227 367620 594044 538514 639372 291805 128299 358341 396580 799622 644286 867303 543826 603650 146242 485842 535020 693203 559771 424862 794675 547079 665639 439450 511775 755807 299896 464048 218934
743113 800504 738923 847462 348761 595542 686831 511584 650010 453791 618088 826297 214426 999999999 262319 659914 294169 661634 401068 783389 723551 352419 513060 474192 98774 297756 284842 346115 423317 95578 746305 224166 669971 305706 663241 511513 525737 547524 675754 106049 760062 903090 848917 510205 208819 804955 276021 554926 626957 267333 972540 1084651 883540 959154 740126 588930 725582 488124 541637 626459 491622 348930 486903 215161 582488 1088377 498010 603556 820777 438728 551586 300010 398444 808269 750542 732489 502030 305112 159891 600789 831730 523607 945780 757537 792358 305861 334132 513098 837442 622921 249817 692434 521249 616143 630128 394343 776879 505594 657179 140273
481666 574826 476677 585627 316576 414912 469540 362418 420119 411761 463315 676398 236197 262319 999999999 476822 536208 490833 335021 548318 502173 323097 262786 258225 166296 112455 148952 159870 255899 245829 502833 381966 413387 213820 410177 257141 426859 385546 448256 160788 549263 647621 589619 395421 218637 670539 205822 494846 422195 509801 710277 822391 621643 700910 479575 506827 521334 227558 284190 377675 230638 240834 430433 72870 340844 826097 464047 524681 625543 377476 313824 85331 142709 697461 620421 470405 466794 361700 301583 450807 583400 438130 684334 641352 593139 381993 325348 298968 590340 362175 308178 572213 310914 430146 445494 313958 533683 487444 474832 131297
493429 201703 461084 542241 784782 751428 115127 157447 649897 327551 82403 213596 467044 659914 476822 999999999 817125 36780 310545 714318 727249 369282 287906 223277 572900 379881 377483 326357 237427 693046 248921 605697 522570 357864 285911 308726 218979 117151 674238 597155 130168 421867 593164 810445 464218 228169 677768 293576 713622 798190 606891 671679 563642 684323 509895 928973 89766 436423 471223 555412 364047 316035 299809 470384 568997 695749 340285 260300 162044 828571 570254 533664 468000 286927 196522 423668 338152 478507 762037 98499 677552 867293 621169 236487 137501 504934 797808 621437 319078 457477 784291 951844 635133 753594 31340 765493 670667 371448 3265 582756
1013497 993474 1004507 1115430 622081 888849 877412 659840 941963 519450 752827 931290 365680 294169 536208 817125 999999999 806266 508996 1074696 1017007 449322 754397 685886 373629 529508 495465 562712 606442 373759 965732 211463 949550 477630 900984 758447 625023 700415 968242 396362 937781 1138401 1124290 794444 375464 895363 566076 608981 921113 26904 1235930 1342879 1150921 1236136 1013206 859840 898615 762664 820361 911958 751693 512350 555941 472333 870928 1350697 540943 665897 976322 712222 841068 588822 678450 872951 842498 992166 545047 344324 404867 733588 1118010 799122 1215052 833947 954524 321653 601393 806421 1058876 896163 506636 972164 814920 909742 792384 676704 1065532 529566 813951 430472
529674 231345 497483 579021 802283 780152 151500 151448 682175 306429 56222 189171 462977 661634 490833 36780 806266 999999999 297461 749081 760408 357007 316549 243227 577550 389613 382657 336247 243357 699547 285054 594911 557055 356884 322119 337632 195668 114110 706905 603936 157213 456094 629868 834573 461528 197591 694029 264114 744130 788190 642998 706317 600368 721079 545974 953115 118483 464721 501879 588262 392275 314107 276477 479120 600205 730843 314654 227481 170262 849097 600310 551666 491357 252649 162197 460196 312235 464685 769925 75008 713566 890477 657745 201040 151831 490332 814204 649309 352993 491285 796668 979384 663130 782997 55472 785651 705836 344765 35163 591451
643097 499071 620841 727082 638323 732510 386661 156157 693566 77867 243857 434288 187010 401068 335021 310545 508996 297461 999999999 800979 779681 59730 356231 250710 339000 227269 186086 200313 154250 463310 498327 297885 621743 122801 468022 371776 126027 196368 722283 376518 436173 681324 758793 730167 192575 407312 528274 164250 723342 491412 826321 915696 757891 867241 651707 841721 395899 454829 513903 619449 400526 96570 96599 283209 604733 932265 129714 205425 467688 708575 588871 418982 421766 407204 352691 594271 132202 167964 538362 224638 801984 772844 822587 356832 447114 194589 640388 603970 587912 552771 593406 904333 617695 743923 288347 646138 770649 156224 307311 378302
241363 633846 275959 273898 556040 256916 616529 722107 133848 873865 765379 912319 775729 783389 548318 714318 1074696 749081 800979 999999999 85473 819287 458913 566739 702033 604312 652657 607754 652833 722733 517281 929986 192413 710958 433976 439356 826780 712220 110700 678741 675156 489561 215497 410901 758770 938971 540627 917811 189258 1047828 366194 472382 292028 264310 220861 476702 681320 348340 287589 181762 401368 712089 874535 619919 207800 452376 919799 918333 766929 508726 234864 486053 408664 1001242 910834 314573 920780 891061 732934 766908 98310 464114 311032 950044 735637 915378 585784 273761 530692 260808 660627 402268 268501 235599 695322 488724 50257 951421 715026 644465
287902 669416 320217 341607 476723 172434 637773 716365 86133 854950 770601 932432 735486 723551 502173 727249 1017007 760408 779681 85473 999999999 792060 454958 558569 647504 570893 619508 581528 637563 657149 551993 883343 212245 681034 458184 434167 818200 711247 57427 620836 702953 548896 288793 326350 718151 954798 470061 907344 107796 990104 444316 553732 364351 348392 267210 391673 704336 325732 270327 172453 388610 687165 859171 574923 175007 535194 903031 913170 796417 425435 192939 432306 369188 1012902 922542 355968 904386 855603 661824 769988 180909 378788 390412 959812 763738 878555 506517 210591 577943 270661 584927 322471 202393 150628 705422 408762 120987 933479 727579 586976
675325 554949 655185 763501 612720 732050 441228 213404 706073 102768 303574 491979 138738 352419 323097 369282 449322 357007 59730 819287 792060 999999999 387861 287815 299646 224850 177936 211568 191522 421257 548111 238158 646038 112660 509998 401302 182435 253968 734971 339606 493675 730093 791561 717172 147922 463111 504728 202933 728712 431682 867259 960150 795420 901573 682459 825426 453623 471008 531809 637603 423347 108305 134526 262457 618111 975301 151602 251339 527177 687481 599502 408411 426765 458338 408585 630927 155212 110131 496372 284362 827020 756100 860541 409942 506201 137663 612247 607039 638995 578476 558371 895295 620359 745066 346237 626452 791869 168468 366065 346006
287599 322752 267635 377165 528029 463699 233071 263304 372540 423209 318286 501275 395641 513060 262786 287906 754397 316549 356231 458913 454958 387861 999999999 109014 414332 225235 260595 195277 202219 508414 240482 563051 270780 296713 150232 21271 367947 256290 399062 419673 313875 390304 403757 527866 382726 514140 431135 459296 428644 729897 487808 589992 410226 513788 295549 645883 296452 148518 187787 283600 76216 281130 419460 297970 286957 600289 465769 459909 402416 557560 284420 285314 193819 565009 475798 245793 466336 481115 563200 316110 448310 586922 475582 510190 367879 508736 546302 333574 327638 200713 555774 664021 347240 466478 261273 496924 422918 498429 287404 392985
392876 326612 370139 476734 561647 549842 214989 157978 474435 315076 230112 432382 320404 474192 258225 223277 685886 243227 250710 566739 558569 287815 109014 999999999 378810 176995 194726 128821 96955 489762 280172 484413 379698 211110 223674 127544 260366 158661 501853 394945 292671 454075 508274 592862 310541 436132 455348 351075 522819 662904 579589 674634 508073 616535 402236 711280 263292 238685 288486 389140 170267 185910 310484 265829 386667 688528 356876 354627 367348 606005 379280 310497 249632 478174 392029 343936 357395 387965 553881 223667 557208 647851 573052 421979 334929 416162 575166 417116 373289 309661 566275 743952 431231 555549 192510 542684 531621 389652 221707 375034
647956 705420 642563 751831 330422 533357 592849 430310 570084 402225 537425 749260 164888 98774 166296 572900 373629 577550 339000 702033 647504 299646 414332 378810 999999999 201816 195419 252240 335490 125332 648378 248801 578228 228836 564492 412752 458524 463905 596957 42775 667710 804318 755583 469569 152484 732076 234820 500701 556403 346899 876066 987422 787816 866589 645802 562539 634409 393688 449200 538506 393712 271313 431757 116588 497383 991818 450928 544426 732141 414869 467800 216071 306266 742390 678319 635056 454640 283438 199835 521080 744522 494115 850616 689466 702660 293302 323927 437503 739202 528409 259983 654028 447136 552341 542453 360925 691944 464408 570308 66082
492315 503603 479486 590868 427874 507767 391339 253431 485433 304984 357223 571356 178310 297756 112455 379881 529508 389613 227269 604312 570893 224850 225235 176995 201816 999999999 48627 53534 148144 315205 449931 344136 443832 112192 373752 228994 314410 279947 514330 219547 467204 613351 606854 504141 163171 562426 316711 383905 504106 504823 708147 813586 625653 719175 494998 617408 435125 258555 320394 424401 228049 131127 320932 90874 398993 822223 356981 412398 535487 489898 377958 193143 202813 586488 511296 464208 359451 286766 382469 343466 623076 549126 690580 530634 504811 311429 435075 382202 541950 381530 408063 677087 395510 520392 348733 426308 581468 382442 377563 202971
535360 517913 521012 632261 456809 554117 403119 237932 534059 262877 344604 558118 135602 284842 148952 377483 495465 382657 186086 652657 619508 177936 260595 194726 195419 48627 999999999 67420 140073 316981 474053 302985 490269 65818 405556 267041 284396 269554 562956 221646 475304 643263 650591 544270 122155 544841 345811 347053 552014 471593 747291 850585 666608 762746 538913 655652 440763 306203 368039 472450 271911 93330 281779 103615 447573 860523 315150 379849 537056 523807 426577 233310 251219 563103 492257 503779 317868 238592 388243 329141 670076 586823 731776 508136 508011 263643 461385 429761 566954 426820 425255 719759 442942 567242 347079 460918 629309 339069 374890 212242
475358 454429 459189 570041 476427 533391 340877 202615 495424 277592 304904 518829 200611 346115 159870 326357 562712 336247 200313 607754 581528 211568 195277 128821 252240 53534 67420 999999999 96261 368060 407029 367886 437156 105740 338497 203425 271762 227356 524273 272227 415519 575873 591287 542371 188327 511169 365670 347494 523032 538936 682972 784909 603894 702987 480197 657619 382721 259445 320378 426120 215190 105699 288436 144169 407070 795556 328249 371057 482373 534806 389642 234482 221640 537731 460686 440163 330248 291328 435868 291677 618032 590178 669202 481552 451947 318057 484954 403930 499826 371220 460880 710723 417728 544201 295224 470886 580971 356342 324034 256437
488848 388744 466785 573682 572286 609252 272518 106574 551972 221948 209080 423234 242626 423317 255899 237427 606442 243357 154250 652833 637563 191522 202219 96955 335490 148144 140073 96261 999999999 456398 363215 399714 469942 129555 318533 218405 186692 131949 580231 360674 339783 542597 604573 631144 236158 414908 461714 271315 590947 584798 675798 769027 605005 713266 497538 747755 303581 312109 368185 472425 251536 95232 222008 236163 463024 783845 266967 286015 397513 628772 450899 327636 297596 442545 364523 440889 267983 294465 526570 195489 649377 681200 669951 386187 369125 322786 581149 477119 455767 400424 556172 794314 491227 617830 207135 564769 620348 298718 234822 348306
709303 814444 709444 814340 254835 518119 704728 554006 588924 524015 661036 873627 283383 95578 245829 693046 373759 699547 463310 722733 657149 421257 508414 489762 125332 315205 316981 368060 456398 999999999 747900 319207 627923 354084 655926 502937 583742 586519 612981 95919 781870 892529 808947 421491 273354 857180 193348 623624 556101 347601 941793 1056782 850484 916526 703813 495250 750293 456098 503227 577505 473450 396383 554742 224513 529550 1057410 571341 668624 850408 345241 497228 255594 363434 867642 803511 707985 575183 389724 75161 645040 779295 430972 910434 814792 819966 393815 239011 449177 836047 588575 154692 601679 455564 539701 662214 304219 721286 582477 690571 115991
277723 117430 242872 302177 756324 625617 133892 350796 489812 541102 326280 408511 600062 746305 502833 248921 965732 285054 498327 517281 551993 548111 240482 280172 648378 449931 474053 407029 363215 747900 999999999 762060 340248 489009 109459 249369 445946 317232 507816 657417 163491 183472 359168 725440 590613 444530 665987 531645 570730 942945 357973 427226 319381 440636 297469 838572 181558 347694 349106 394766 293204 458375 521626 531996 428329 449189 566892 505735 251144 773509 443109 522686 422120 515958 429924 203565 565663 655585 803665 337863 460226 787855 374032 473208 221811 683855 777105 513277 93149 293374 793906 829385 524540 620568 246928 716979 468750 600101 251178 632088
836422 784089 823371 934725 567378 779979 668358 448478 802003 314629 541729 724810 167458 224166 381966 605697 211463 594911 297885 929986 883343 238158 563051 484413 248801 344136 302985 367886 399714 319207 762060 999999999 783863 273426 704781 570019 416305 489081 830022 287234 727018 938486 950675 717186 181237 691493 481090 409830 798256 193561 1050260 1152780 969291 1063041 838786 805344 687645 595880 656721 756246 572112 304650 351416 310070 722256 1163301 343132 465717 764902 655685 695757 452999 521931 675417 637778 806751 347354 136952 382384 522520 960083 738094 1034362 632732 743074 119170 555359 676561 854964 724187 473835 901533 687383 798205 581148 605776 913455 338047 602519 314879
100742 457588 123033 196948 526140 304780 427793 532567 153180 691888 573001 723427 621349 669971 413387 522570 949550 557055 621743 192413 212245 646038 270780 379698 578228 443832 490269 437156 469942 627923 340248 783863 999999999 542717 246609 252424 638144 520953 168223 564176 491042 361551 181160 434346 605400 748291 473140 729813 240470 923177 324741 442786 231529 289378 85913 534023 493750 188235 129197 69642 222698 537755 689805 478971 122046 437258 735839 727935 584331 509744 152178 373224 272007 809460 719005 151786 736538 727370 656413 574717 181005 496873 285867 757910 551829 753313 553558 228157 373164 70085 606184 501653 233546 294393 503079 468036 152596 768182 523197 530403
580251 518268 563107 673481 515870 619589 402025 206075 595225 198266 312384 521711 113071 305706 213820 357864 477630 356884 122801 710958 681034 112660 296713 211110 228836 112192 65818 105740 129555 354084 489009 273426 542717 999999999 432979 306886 231683 243005 624141 262375 467758 665119 696353 609217 107290 503304 405600 286208 616176 455630 783874 882987 706851 807805 585524 719748 430497 362855 424324 529734 320929 43241 219335 160563 507808 895188 250544 322974 519829 585796 488206 298659 314439 514725 449489 542504 253407 185779 428046 295125 723498 650723 772209 461170 493346 212809 518575 494391 582047 476959 475401 785376 507701 632460 329302 523448 685479 273647 354970 259893
207556 219855 175713 267059 649207 519395 182617 338960 389932 523478 348687 478344 538402 663241 410177 285911 900984 322119 468022 433976 458184 509998 150232 223674 564492 373752 405556 338497 318533 655926 109459 704781 246609 432979 999999999 153069 443648 314718 410223 568853 244855 240121 311274 616125 526721 506092 561723 534793 467219 876939 358317 450961 294331 410536 224056 729655 247557 239026 240131 293650 189070 409582 510846 448190 322801 465313 557748 519997 338575 664412 335603 421008 317020 571018 481215 139640 557325 611619 707646 354900 391765 678471 357524 522158 305616 639829 670699 404463 183407 191024 691680 723657 415962 515495 271839 608383 388177 591421 287106 541231
274321 336741 256221 366747 513353 442746 250834 283320 351512 440092 339541 521962 402589 511513 257141 308726 758447 337632 371776 439356 434167 401302 21271 127544 412752 228994 267041 203425 218405 502937 249369 570019 252424 306886 153069 999999999 387442 277152 378141 415931 331163 391811 390613 508827 389078 535221 418405 478504 407382 733645 480251 584610 400477 501431 281166 626646 315080 127845 166569 263112 55956 293787 437383 297042 265745 593691 483467 480084 420673 540605 263170 273691 178108 586272 497035 236872 484136 492161 555724 337282 431059 568278 465795 531461 386074 519533 532316 312940 334021 182516 544799 643393 326547 445366 282313 480511 404115 515916 308270 388163
639682 419770 612524 710606 740627 795925 318508 106542 733449 111498 139489 309679 312472 525737 426859 218979 625023 195668 126027 826780 818200 182435 367947 260366 458524 314410 284396 271762 186692 583742 445946 416305 638144 231683 443648 387442 999999999 130220 761219 493685 349133 627763 751362 814029 316918 281308 629434 92225 776412 609223 795326 872908 737760 853919 651804 929365 308727 494864 547873 649468 429608 192423 80957 387643 645001 893629 122309 99655 362275 804301 634980 505687 484187 283920 226691 580502 120603 280725 658344 121261 812695 861797 800157 231903 347064 303978 745755 663692 527781 568096 706762 980115 677813 804331 206100 740662 790604 154768 215777 491401
514383 303639 485979 581763 700658 708503 194358 40652 628580 225527 77773 291478 350537 547524 385546 117151 700415 114110 196368 712220 711247 253968 256290 158661 463905 279947 269554 227356 131949 586519 317232 489081 520953 243005 314718 277152 130220 999999999 655293 491161 239838 500037 624268 747307 348349 285797 590833 220229 680555 681260 665106 743516 608308 725253 527567 865280 199672 396368 443051 539667 326121 200454 204414 367978 542062 763781 249756 208106 278664 753031 536567 452470 405587 321194 237783 452786 248629 363861 657569 66763 691186 800410 670354 264697 254604 390842 710745 575768 401704 451541 688007 901954 589886 714108 92300 689111 673393 283095 114053 479920
254940 624932 284728 323217 447684 161687 587598 659747 28916 797524 715684 881112 680323 675754 448256 674238 968242 706905 722283 110700 57427 734971 399062 501853 596957 514330 562956 524273 580231 612981 507816 830022 168223 624141 410223 378141 761219 655293 999999999 571893 654954 519812 277900 312268 663058 902168 429946 850182 90186 941345 436100 549922 350151 353770 235001 392639 654536 268329 213413 118943 331727 629882 801786 520792 117582 534814 845614 856480 748781 405589 136542 381034 313263 959113 868871 317859 846974 799576 622256 714653 188649 369725 384997 905634 715647 822786 477324 163812 540296 220174 550405 340841 157963 144211 651728 381096 124153 876052 674466 537776
638676 720525 635550 743302 287810 500008 609918 459249 545723 441824 566133 779246 206680 106049 160788 597155 396362 603936 376518 678741 620836 339606 419673 394945 42775 219547 221646 272227 360674 95919 657417 287234 564176 262375 568853 415931 493685 491161 571893 999999999 686574 807452 743485 429970 193562 764064 194159 539354 526711 369462 869096 982131 779431 853456 635185 520950 654669 383564 436101 520437 391426 303799 470468 129171 476782 984966 491155 581718 754530 372781 446114 194136 293042 777084 710726 630636 494802 326209 166803 550406 725805 452785 841217 723496 724170 335961 281154 410257 746831 518193 218858 614358 419072 519663 566306 319766 671299 505485 594688 34366
438648 75560 404027 464758 839591 756819 81333 280293 634155 457447 211238 245270 580051 760062 549263 130168 937781 157213 436173 675156 702953 493675 313875 292671 667710 467204 475304 415519 339783 781870 163491 727018 491042 467758 244855 331163 349133 239838 654954 686574 999999999 309535 522569 838257 575030 283444 738503 421305 708865 917772 508350 559748 479930 600841 457762 955217 40653 453496 472558 537723 385745 428470 429977 557445 563076 586696 470182 383535 94030 871433 571832 591563 507474 357103 274977 364667 467968 603663 846552 228314 622587 898561 531077 318825 60789 630680 856308 634303 206895 435181 855907 961024 646983 754968 147974 810685 627680 501015 133382 667583
265229 236299 238531 219946 858870 666241 310518 534180 510999 724457 502671 542351 773859 903090 647621 421867 1138401 456094 681324 489561 548896 730093 390304 454075 804318 613351 643263 575873 542597 892529 183472 938486 361551 665119 240121 391811 627763 500037 519812 807452 309535 999999999 283980 792097 763121 587051 782663 711527 600430 1114785 209195 250647 215562 323412 284849 895146 341150 452375 429199 429940 419708 637140 704419 688167 477834 277181 749309 682005 371387 858517 502595 649419 540889 662953 583926 214199 747955 836543 940746 515948 406575 855151 245847 627761 353289 864863 883222 579556 103322 348293 915874 860036 587626 655091 424982 809252 439657 782331 424522 778918
116292 466663 139070 64371 698348 439014 482020 645234 281050 822208 659633 767679 785050 848917 589619 593164 1124290 629868 758793 215497 288793 791561 403757 508274 755583 606854 650591 591287 604573 808947 359168 950675 181160 696353 311274 390613 751362 624268 277900 743485 522569 283980 999999999 585591 770016 802770 652430 843277 367686 1098193 158251 273631 76532 112377 111890 670539 538951 362092 307401 239408 378884 684360 813878 652047 293052 262299 860871 830873 607109 671786 325788 553912 450488 872495 784484 171763 860874 882072 837278 666164 124027 645271 109504 826852 579817 909146 726688 396562 344721 228147 784420 611093 398776 422110 581851 636740 168993 894302 594710 709989
534956 832649 555750 622672 179436 153998 759021 734333 304772 807143 822162 1023292 611978 510205 395421 810445 794444 834573 730167 410901 326350 717172 527866 592862 469569 504141 544270 542371 631144 421491 725440 717186 434346 609217 616125 508827 814029 747307 312268 429970 838257 792097 585591 999999999 595177 1028993 236404 887859 223341 768587 743216 859182 653420 666017 518617 118550 823882 384890 376648 364709 453240 634988 824928 455761 314458 845836 859420 913422 929160 103786 290002 311243 343349 1068417 984195 577981 862130 740050 396306 813926 499942 63174 694478 1011859 894525 755218 206482 214261 784808 446153 300165 184460 204928 175843 781316 117868 435667 882769 809439 403947
655447 624758 642142 753491 474561 632140 508594 310094 634482 250690 414620 619311 17570 208819 218637 464218 375464 461528 192575 758770 718151 147922 382726 310541 152484 163171 122155 188327 236158 273354 590613 181237 605400 107290 526721 389078 316918 348349 663058 193562 575030 763121 770016 595177 999999999 596548 370509 350393 640767 352363 869311 972716 788057 882344 658152 697345 537776 418294 479771 581624 391216 148185 281591 146621 551296 982656 298660 396631 626262 554113 526963 299697 350501 599693 542055 625658 302418 145472 348487 396617 783349 627997 853124 548730 600240 163776 471380 517482 683757 544279 412268 777691 529527 648077 436075 495665 739159 311990 461272 204142
711197 351627 677506 746704 986289 977710 324086 309004 877993 376955 208447 53848 593096 804955 670539 228169 895363 197591 407312 938971 954798 463111 514140 436132 732076 562426 544841 511169 414908 857180 444530 691493 748291 503304 506092 535221 281308 285797 902168 764064 283444 587051 802770 1028993 596548 999999999 876186 288161 941437 881804 790504 833662 763043 884099 728959 1147405 263833 662257 699079 783275 589821 460799 340191 647162 797084 862900 356049 231235 218404 1038439 797766 738200 685715 77174 54623 638757 352107 554546 930628 219781 896297 1083670 814485 68646 233788 574648 995887 846687 486999 684504 969199 1176538 860543 980582 252942 974585 894032 373289 228146 757043
565061 753796 572441 668246 111237 325016 657318 568239 408185 601833 668591 880956 386346 276021 205822 677768 566076 694029 528274 540627 470061 504728 431135 455348 234820 316711 345811 365670 461714 193348 665987 481090 473140 405600 561723 418405 629434 590833 429946 194159 738503 782663 652430 236404 370509 876186 999999999 691694 366190 539649 796796 914416 703673 754378 555665 328423 714385 330291 361152 413730 373084 439081 624870 245066 361506 910277 653629 725647 820325 183653 328364 146954 244738 903009 826229 579624 656810 512509 192310 656411 606067 259598 758936 846996 786885 525321 120175 268357 744840 448467 134427 420524 272292 346832 646612 126350 544975 673128 675985 170446
731841 494873 704522 801849 802076 878546 401021 198766 822173 101328 211174 328932 341671 554926 494846 293576 608981 264114 164250 917811 907344 202933 459296 351075 500701 383905 347053 347494 271315 623624 531645 409830 729813 286208 534793 478504 92225 220229 850182 539354 421305 711527 843277 887859 350393 288161 691694 999999999 862169 596601 884234 958820 828536 945278 744021 1001259 382090 582745 637145 739666 519136 254088 68945 446746 733424 980575 68114 57058 418471 870850 722105 577048 565931 265595 237326 672213 64079 274053 698783 196152 904812 932824 890502 225035 409237 291022 804530 747169 610060 659737 757072 1058186 761210 887973 286643 807951 882167 87526 290585 542300
335511 686193 362458 411006 368927 71502 636735 679707 90045 800429 746492 924808 658311 626957 422195 713622 921113 744130 723342 189258 107796 728712 428644 522819 556403 504106 552014 523032 590947 556101 570730 798256 240470 616176 467219 407382 776412 680555 90186 526711 708865 600430 367686 223341 640767 941437 366190 862169 999999999 894259 525936 640067 439054 443073 316601 303137 704041 284222 242399 176861 354954 628022 808760 494782 146086 624967 850475 874286 802841 319546 144310 345356 302216 993653 904349 392193 852253 782407 556907 743226 276616 279783 475129 938752 768895 803690 398722 123332 612361 277383 477856 261330 111347 55291 688665 300981 212417 879244 713467 493570
987635 972523 978912 1089752 596843 862180 856359 640772 915075 505155 735226 916705 343167 267333 509801 798190 26904 788190 491412 1047828 990104 431682 729897 662904 346899 504823 471593 538936 584798 347601 942945 193561 923177 455630 876939 733645 609223 681260 941345 369462 917772 1114785 1098193 768587 352363 881804 539649 596601 894259 999999999 1210579 1317897 1125293 1209977 987197 835072 878831 736449 793982 885300 726181 491186 541812 446368 844145 1325457 528758 653323 958014 687103 814246 561984 651943 861402 828589 966904 532904 328664 380270 716030 1091346 773945 1189336 821252 935673 307210 576507 779518 1036093 870090 482077 946764 788023 883034 773000 650912 1038760 518850 795036 403578
233029 439103 233619 128594 850065 597262 491813 693513 439046 880787 683289 747899 882815 972540 710277 606891 1235930 642998 826321 366194 444316 867259 487808 579589 876066 708147 747291 682972 675798 941793 357973 1050260 324741 783874 358317 480251 795326 665106 436100 869096 508350 209195 158251 743216 869311 790504 796796 884234 525936 1210579 999999999 118093 93232 129031 241142 828726 535040 486247 439822 389760 484636 764488 866328 766056 443926 115869 912899 862034 577926 827667 475708 686536 578538 865224 782832 243958 912190 966430 976334 693810 268662 803240 56404 826595 557311 994414 877817 549394 303847 353349 930403 766675 552759 580309 603611 790234 323382 946547 609132 836776
349788 485616 347347 246245 968130 711553 558820 775224 554509 964976 751722 786868 985494 1084651 822391 671679 1342879 706317 915696 472382 553732 960150 589992 674634 987422 813586 850585 784909 769027 1056782 427226 1152780 442786 882987 450961 584610 872908 743516 549922 982131 559748 250647 273631 859182 972716 833662 914416 958820 640067 1317897 118093 999999999 211258 213142 358809 941904 591797 600712 556265 507790 594176 860539 947460 875697 561957 36580 993229 931328 615823 944920 593789 802034 693349 910247 833283 352429 992143 1062575 1092835 764283 374089 918618 164948 877044 600803 1090790 995905 667303 353962 469264 1048172 874634 670488 693848 673167 908120 433064 1026610 674258 950263
141187 417883 146460 36167 757114 509909 449470 633291 350669 816630 635348 724638 802163 883540 621643 563642 1150921 600368 757891 292028 364351 795420 410226 508073 787816 625653 666608 603894 605005 850484 319381 969291 231529 706851 294331 400477 737760 608308 350151 779431 479930 215562 76532 653420 788057 763043 703673 828536 439054 1125293 93232 211258 999999999 121257 148125 742182 500912 395948 347713 296999 399376 690385 804988 679517 351137 207316 851935 811175 559225 736093 382731 594986 487712 835213 749253 164655 851562 891255 883888 643866 199437 714116 65358 792441 534357 918936 784778 456864 288558 261972 837213 686208 460574 493984 556045 697685 245246 885595 565527 746766
227631 537605 246525 143562 792539 514051 570436 748551 363975 928869 755043 845235 897334 959154 700910 684323 1236136 721079 867241 264310 348392 901573 513788 616535 866589 719175 762746 702987 713266 916526 440636 1063041 289378 807805 410536 501431 853919 725253 353770 853456 600841 323412 112377 666017 882344 884099 754378 945278 443073 1209977 129031 213142 121257 999999999 224263 739882 622159 473584 417600 341116 491166 794838 918999 764026 392881 189388 966019 929731 678832 758170 426021 662442 560821 956430 870507 274273 965836 993411 941904 763038 167688 722717 78463 913681 654674 1020611 821524 491928 406080 340216 884453 665456 492198 494526 676002 728541 230871 999593 686156 819743
20818 413392 55099 112584 611609 384154 404874 545267 226729 717236 569934 698794 673225 740126 479575 509895 1013206 545974 651707 220861 267210 682459 295549 402236 645802 494998 538913 480197 497538 703813 297469 838786 85913 585524 224056 281166 651804 527567 235001 635185 457762 284849 111890 518617 658152 728959 555665 744021 316601 987197 241142 358809 148125 224263 999999999 615494 467253 252155 200587 154762 267090 574785 710849 540876 207884 355291 757679 735550 548196 595513 238031 448222 342345 794903 705222 93994 757910 771302 735984 574500 167716 580792 206633 746210 517728 798220 638830 314043 311803 117401 689363 575270 319228 371644 494788 553900 171606 790852 511038 602050
633232 947560 656925 713787 240416 232484 876387 851608 392036 918014 940387 1141843 713597 588930 506827 928973 859840 953115 841721 476702 391673 825426 645883 711280 562539 617408 655652 657619 747755 495250 838572 805344 534023 719748 729655 626646 929365 865280 392639 520950 955217 895146 670539 118550 697345 1147405 328423 1001259 303137 835072 828726 941904 742182 739882 615494 999999999 941566 501733 489532 465214 570913 747534 937258 562983 418676 925324 970291 1028492 1046562 150208 397857 424340 461847 1186270 1102388 682174 973147 840541 455002 931953 572209 69428 777164 1129693 1011921 853724 258635 325304 894270 553793 353339 126428 314315 248431 899865 202133 510026 992474 927974 498829
