NAME : synthetic_000135
TYPE : CTSP-D
DIMENSION : 100
GROUPS : 8
RELAXATION_LEVEL : 1
EDGE_WEIGHT_TYPE : EXPLICIT
EDGE_WEIGHT_FORMAT : FULL_MATRIX
EDGE_WEIGHT_SECTION
999999999 646034 759891 752481 607878 894419 381549 484714 564346 541914 946493 596033 752487 703759 743741 811666 665061 594837 136609 238693 631089 767269 245653 70131 843906 795066 1021064 1130202 748291 790696 603316 781585 569987 822498 738868 997127 829254 773509 180149 662901 971865 974328 1174237 527219 504180 493104 328390 638102 677869 963320 229515 421647 860667 230197 668716 653252 961474 601889 730243 468601 491685 812154 892788 843916 501840 828149 426867 338811 531832 536989 857332 902994 490184 912497 663233 532413 503536 850239 714851 812233 946414 432477 668045 521117 805825 511119 778531 826572 810040 487447 650075 282049 588229 925068 859291 816368 569051 1181011 103347 562967
646034 999999999 1028193 1008795 526438 916122 305422 162644 103511 161970 853398 614247 596182 952794 946151 511025 725629 389229 743255 744972 345632 1028851 495081 711280 229264 754567 800146 730451 386722 1035582 705119 728579 399081 224506 474647 759072 1058790 149027 498602 693731 560093 604132 802586 671260 149697 307932 422239 21895 852012 757823 461797 518684 883064 420731 894710 28859 496750 106428 958546 537146 674603 857995 699898 521608 224637 447605 234692 543668 139388 196631 609296 926308 191364 411303 166892 149817 686136 516442 942456 315291 540000 628259 707084 643747 661062 293161 398493 549510 234371 166725 98750 552921 663892 892019 1069906 968569 389283 789143 630823 471573
759891 1028193 999999999 22806 532562 351780 966454 941467 1019859 866538 506255 431760 565243 75415 107902 722785 338846 666271 656996 528156 727586 10969 633760 785507 1081662 423522 683964 949775 782784 40714 332519 440248 646249 1046653 683832 694871 79383 1173851 873095 375903 888028 840557 939935 356977 971682 720261 651480 1007690 188344 645045 907433 517019 344864 771115 133947 1053472 946061 1066992 78282 491736 358046 312200 612389 750360 804931 810297 950528 526815 895231 1067573 669964 351871 847430 968491 908984 881824 345326 763979 90827 928673 871971 414891 363309 384451 548198 735506 802992 698551 1261812 891178 955196 554155 373837 427305 115798 168682 655535 969002 862019 570978
752481 1008795 22806 999999999 510872 332315 951541 923960 1001780 847285 485578 410228 542466 56889 85318 700033 316358 645100 652447 522874 706209 20090 620222 779942 1060158 400987 662528 927456 760509 38478 311200 417569 625360 1025117 661311 673000 78400 1154106 862043 353429 865230 817825 918088 337879 954154 700900 635493 988203 166164 623147 895581 499323 324272 757592 114085 1034236 923279 1048822 55610 472905 340548 290586 589955 727572 785892 787649 934329 511778 876392 1050719 647193 332772 828909 945904 888275 862856 327610 741193 68793 906540 849165 398619 340781 365126 525446 715906 780582 675751 1242602 873091 935035 540778 352643 407358 112774 150179 634691 946995 854151 550016
607878 526438 532562 510872 999999999 396072 579283 488734 547784 374804 373307 101234 144632 459271 436903 241162 203372 139556 603559 512492 196839 530646 364994 671168 549529 241513 414149 551244 257524 530971 200873 217944 127473 514410 176770 389249 547759 662693 602386 169006 423021 401593 581464 207224 516078 239547 301035 504685 345320 356641 609570 189074 361477 456256 400971 554327 453067 590594 456409 147870 236630 332456 285609 275492 323589 304772 531162 275978 411971 622225 255473 406359 376201 452725 385482 396239 240205 286538 442095 398903 400247 240256 182592 182545 201891 245511 282207 239669 758876 427590 440285 331997 160912 386416 553542 446270 137242 594685 674494 62536
894419 916122 351780 332315 396072 999999999 963800 884186 943580 769719 160704 333956 332909 321649 256262 475595 234742 527600 835335 709958 572289 342457 687340 942547 895178 162763 344769 626797 575642 320452 292571 189095 521608 860439 468348 364308 305422 1044466 945731 249424 604234 545910 604494 367951 911874 635159 656568 894228 249797 316900 964590 509032 35869 809799 301450 944601 678899 985800 291772 462536 402756 82293 307531 492523 719660 570551 922257 570733 807591 1017812 391966 10287 772191 725869 763010 791747 391128 505687 292519 719595 594576 463047 239607 377958 281654 641582 584798 440224 1144372 823444 824462 622132 315530 76943 284408 183546 531130 636709 983480 457142
381549 305422 966454 951541 579283 963800 999999999 155655 205681 283130 951388 630133 701150 895207 910140 681398 736656 482039 503547 548976 477882 970331 337381 437378 531414 818914 955269 963636 574009 985357 692828 796477 472487 520712 620482 919711 1017150 406637 209315 715491 790246 817426 1026381 632437 157295 350816 319513 306271 821616 902859 164761 467150 928018 205800 843462 302219 747810 232259 911175 507964 616891 889724 834335 704444 289997 653096 75207 439762 249330 156039 762956 973919 242426 674281 396869 260470 630612 704682 894244 568946 766321 554641 726486 610794 767783 354498 597882 711872 430619 201653 352070 416244 658498 964076 1037820 957927 465291 1021164 340538 516974
484714 162644 941467 923960 488734 884186 155655 999999999 87279 138660 849736 558706 592286 867095 870764 548627 670427 369823 587003 600546 350760 943651 356217 549191 379954 729595 831641 816259 433742 954408 637209 705178 367724 366987 494321 793757 982018 292162 336587 643575 642469 674077 881707 589121 30235 249190 299102 158086 777968 782268 301626 424662 849166 263376 811196 168571 595514 133485 877802 455020 583465 816439 716706 568263 168092 509699 80456 427301 99783 133655 637253 894467 114252 519888 242808 113785 596350 566901 861090 414996 619228 528342 655963 563698 659680 244778 454989 582295 347437 62590 196507 423984 598475 873593 997934 906186 358975 874350 468451 427091
564346 103511 1019859 1001780 547784 943580 205681 87279 999999999 175147 897134 625322 638113 945035 945624 574362 737666 419212 671162 687649 388561 1021615 443401 626787 332775 785458 862509 817597 453036 1031227 708728 760248 422211 327143 528137 822848 1057571 209179 406692 708798 644945 683847 887240 665008 61251 311671 383922 110455 852120 816329 366702 503048 909198 348094 888358 96621 587823 47567 954318 529976 662011 879307 754023 589612 225010 522261 140074 511460 136079 99167 668626 953861 175218 505427 240138 152045 674568 586267 937749 404880 623359 609046 721622 638784 704953 302718 469738 610789 260165 128689 177722 510337 668910 927440 1072028 976899 412821 876257 539507 488035
541914 161970 866538 847285 374804 769719 283130 138660 175147 999999999 722352 457170 463420 791162 785787 410360 569319 244108 620179 603935 215751 867325 354142 610987 304118 610782 694943 680825 295195 874497 545496 585443 248128 280883 358076 656500 898370 309868 426057 538857 507269 536489 744769 509563 157647 146498 272345 142178 691688 646667 402040 357182 735623 312103 733210 186951 465968 216089 797423 375233 512644 707156 582494 429621 63143 371967 211092 387230 40784 261098 500462 779989 52124 396510 124180 25161 524167 428249 781238 290844 483508 466990 551967 482162 530448 133183 317016 444608 395319 81624 113447 402620 504613 752384 910381 811088 238589 738558 549920 316610
946493 853398 506255 485578 373307 160704 951388 849736 897134 722352 999999999 351767 259033 466712 404499 366576 292523 480108 908497 791413 509954 497578 717868 1002112 796248 151808 184357 469222 482621 477569 356040 165503 482924 762889 381372 206871 465099 968617 968439 285807 464961 402694 444035 429386 874831 604528 668031 831783 373553 162407 979515 532554 161400 824627 435349 882257 545996 935234 439928 483926 469623 199190 174130 374883 681646 458363 899769 609056 762487 981003 270069 164445 735485 604239 690786 746383 461149 386695 437569 616168 459146 519163 283030 428956 192617 605750 484467 327278 1071363 787244 756722 665019 361078 84896 445039 340697 491280 476675 1026069 434944
596033 614247 431760 410228 101234 333956 630133 558706 625322 457170 351767 999999999 190853 358182 337954 324829 112367 235896 569203 463391 296115 430082 366672 653748 649931 202316 437196 617697 357202 431328 99652 186276 218490 614901 268651 421087 449718 754559 620544 85652 505838 475855 637816 118166 587539 313707 324605 592805 245305 380060 635434 181820 298111 479984 299795 641380 544587 670076 356110 133313 154994 260062 313832 357827 400681 398477 590918 257621 491613 691979 313772 344013 450504 550547 481312 476519 154502 370156 341515 499921 484685 181334 97467 100070 223312 324249 380638 314357 848251 500165 532648 314030 60086 342502 457572 354333 228156 655634 674303 143489
752487 596182 565243 542466 144632 332909 701150 592286 638113 463420 259033 190853 999999999 499491 459357 157962 231601 222588 744674 647500 251344 560627 509451 815530 562481 172195 270039 427191 243059 553203 266540 146444 228749 527651 135595 244655 559906 716805 742502 196694 327423 289532 447661 307969 616770 350831 442510 574437 380969 212853 746697 332601 304325 595614 446307 625019 380830 676294 487039 288789 345795 294985 141594 185235 424344 249111 645619 418964 503656 722706 123051 342538 478125 408373 436252 487560 344696 198809 476092 388682 309154 367414 207112 290896 67400 349938 254302 134376 818396 529703 500704 475487 240132 297551 556141 440776 236293 464836 818488 196238
703759 952794 75415 56889 459271 321649 895207 867095 945035 791162 466712 358182 499491 999999999 66316 656068 269796 591855 608338 477961 653496 76587 564820 733930 1007736 367859 637987 895139 711462 90675 258627 381966 571471 972798 614196 645231 126444 1098439 808732 306556 824918 779857 889949 281612 897292 644864 578781 932282 118688 595342 841466 442472 307739 702140 58820 978102 879941 992107 33409 416471 283666 267883 557129 684672 729608 741805 877541 455480 819982 993837 608431 323850 772329 899225 833989 806526 270750 698196 29263 856623 807933 341869 294485 309048 487594 660091 732438 633602 1186449 816346 879873 485552 299647 393208 155573 151224 580707 917520 804674 496307
743741 946151 107902 85318 436903 256262 910140 870764 945624 785787 404499 337954 459357 66316 999999999 617217 237283 573849 655770 525126 633534 101945 587068 778219 986160 315668 579095 842266 681905 94964 241664 332378 555841 950967 580901 588565 112642 1089454 837711 274246 780700 732776 833655 281799 900762 639410 591022 925152 94139 538674 867705 447936 244132 723348 75086 972350 839917 992118 35622 415933 293254 207202 504672 644149 725697 705968 887187 473140 816885 1000199 562370 258116 771145 864707 819019 802752 279552 657805 38530 828766 764943 356107 261147 307116 440515 653102 700945 592031 1180493 817292 868620 509296 283293 328967 127866 86420 565391 862257 842867 480423
811666 511025 722785 700033 241162 475595 681398 548627 574362 410360 366576 324829 157962 656068 617217 999999999 386722 219351 828381 747769 204119 718331 566818 879175 429698 322615 289287 319756 124504 711155 414013 298532 242198 396507 72972 248776 717658 610957 766370 350594 182096 164841 363588 441774 567710 343298 484517 490568 537387 247769 760295 416076 450959 621688 601816 539332 224024 605070 644527 382989 475029 448246 196761 34506 391411 94958 615516 501370 450598 668411 100564 484469 440894 252430 344137 435492 476949 45556 633258 249626 160060 481220 362018 419781 194201 333191 119338 40065 714603 488297 412277 553512 381714 426643 713161 597497 244167 369362 861946 259458
665061 725629 338846 316358 203372 234742 736656 670427 737666 569319 292523 112367 231601 269796 237283 386722 999999999 342655 617670 498986 399843 335436 452642 716718 750269 144958 420460 644924 444731 332215 63740 143788 327861 715007 344997 415279 346009 864612 710991 37085 558868 517951 651554 139030 699418 426071 424108 704091 151234 367928 730255 275344 199373 575812 215109 752959 610736 782443 260814 230120 178085 155193 313766 416064 513048 472052 700437 336382 603956 803481 346776 244235 562783 629801 588745 588831 168917 429474 248280 591484 540750 232696 24714 144516 231326 436521 464294 365953 959314 612269 642320 388777 80857 260201 350362 243437 337640 674738 751282 254082
594837 389229 666271 645100 139556 527600 482039 369823 419212 244108 480108 235896 222588 591855 573849 219351 342655 999999999 621811 555475 63605 665063 351956 663197 416678 367276 474182 535582 164747 667099 333940 341712 28637 382061 148451 440118 685485 523408 548310 308561 378922 379730 582831 322280 394723 131794 266585 367369 481032 420989 544673 227654 494154 402822 533089 417494 381823 459670 591511 212283 341236 468908 352309 250168 201791 237917 423886 303940 283485 500930 284889 537829 255603 357133 246109 267402 348774 255742 576596 282787 353641 321089 322143 294521 289985 128087 195096 240756 620355 307265 301064 349959 292459 508285 692352 585786 26134 587336 642665 96289
136609 743255 656996 652447 603559 835335 503547 587003 671162 620179 908497 569203 744674 608338 655770 828381 617670 621811 999999999 130662 668234 665346 277699 132127 924085 757224 1005598 1147688 783976 690922 553982 747799 594403 899258 755807 986678 730614 879116 312693 622982 999722 993210 1183735 479269 609964 542318 368847 732523 601730 948084 361564 415400 803707 323640 581214 754167 1001273 712191 637542 456212 439586 753674 879831 862189 570939 859715 539239 328479 617728 656037 858933 843020 570770 962899 734804 615294 449129 870346 623375 868384 974654 390652 625486 480395 789957 562355 814649 836984 924728 578411 732645 274884 547979 875679 762961 734424 595728 1194724 232851 569948
238693 744972 528156 522874 512492 709958 548976 600546 687649 603935 791413 463391 647500 477961 525126 747769 498986 555475 130662 999999999 609188 536249 250552 257378 901340 641575 900052 1063353 720218 561348 435378 634420 526975 873191 676931 884417 600859 888898 388074 508105 925297 911673 1093181 363137 627168 500248 333482 731042 472643 843214 432854 332621 679229 347517 450623 760349 937009 732404 506966 365568 322313 628936 777146 782182 547222 790712 568451 251535 610132 691268 766398 717315 559379 908892 707184 604381 330289 791657 492739 821656 900901 282060 509149 368517 686638 521131 750549 751320 947290 578448 717155 210615 434452 753712 632852 604112 530212 1107145 341991 488956
631089 345632 727586 706209 196839 572289 477882 350760 388561 215751 509954 296115 251344 653496 633534 204119 399843 63605 668234 609188 999999999 726107 393427 700485 354301 409962 481079 506765 117244 727322 395068 383801 89796 319477 143820 443781 744583 472701 567832 364668 341912 352611 560495 385734 372567 143331 304183 323796 541380 431550 558783 286555 540046 426149 594817 374397 333228 425447 652222 274636 404808 518512 366768 229635 188301 197535 413602 358355 256513 476841 286942 582396 239492 299880 191803 240632 412378 231975 637555 220406 316448 383395 378291 358032 317357 130557 147654 234061 572089 288911 252211 400718 353853 546387 750191 641781 83232 561138 670831 159473
767269 1028851 10969 20090 530646 342457 970331 943651 1021615 867325 497578 430082 560627 76587 101945 718331 335436 665063 665346 536249 726107 999999999 638386 793540 1080001 417034 675868 942765 779824 29833 331141 434183 645385 1044946 680280 687235 69001 1174188 878973 372519 882622 834658 932247 357883 973851 720950 654683 1008267 185690 637447 912936 519045 336182 775761 134144 1054275 941369 1068679 74679 492876 360198 304380 605634 745621 805904 806324 953609 530587 896375 1070221 664313 342380 848835 964724 908324 882859 347318 759259 88570 925992 866783 417885 359783 385163 542448 735977 799724 693652 1262639 892926 955123 558856 372614 418201 105241 159110 654723 961513 869233 570029
245653 495081 633760 620222 364994 687340 337381 356217 443401 354142 717868 366672 509451 564820 587068 566818 452642 351956 277699 250552 393427 638386 999999999 312394 654455 568962 779133 886017 510258 655484 396670 552475 326113 627669 493903 753696 689411 640329 258859 442686 730672 730240 928830 325010 384400 264623 91151 480742 504554 721578 282576 185331 652014 137376 516480 511364 726534 489567 583748 233945 299311 606790 650600 599440 299343 588222 337002 117968 359590 460662 611951 696746 308865 685531 461884 353897 312988 606202 566945 590709 705320 234398 450285 310394 565419 284711 540853 581005 703508 329030 467558 79699 372040 706795 713029 644915 325911 936146 310317 317694
70131 711280 785507 779942 671168 942547 437378 549191 626787 610987 1002112 653748 815530 733930 778219 879175 716718 663197 132127 257378 700485 793540 312394 999999999 912212 850344 1082957 1198169 817719 818397 653985 838056 637975 891286 806279 1060119 857740 835601 229448 717031 1040840 1042330 1241136 577884 567349 563023 397143 704101 718039 1025168 277723 483329 909530 298924 703207 717382 1031298 662680 762064 529242 540594 860297 955028 911682 571715 897329 487876 398496 599901 593417 922501 950793 559125 982620 732738 600936 551701 918246 747323 882348 1015404 484352 721343 574164 867178 581132 848020 893183 867814 554775 718352 341445 641871 976867 889253 854168 637310 1248523 114814 628273
843906 229264 1081662 1060158 549529 895178 531414 379954 332775 304118 796248 649931 562481 1007736 986160 429698 750269 416678 924085 901340 354301 1080001 654455 912212 999999999 734419 697165 557251 319536 1080444 749196 708376 439299 35308 426899 654403 1096223 225732 713390 714056 403851 461897 634811 737936 374120 406938 567916 225356 894840 667673 681062 616505 866754 613723 949088 241511 322425 328262 1005890 617330 753540 854034 625359 424818 355115 340370 458062 668213 312378 422929 528156 904687 354687 232614 194776 311561 762293 414678 991431 180483 390731 723112 727577 709926 616218 386336 312554 469239 321349 358908 193861 694039 708094 853330 1099808 988587 430730 614117 842964 512925
795066 754567 423522 400987 241513 162763 818914 729595 785458 610782 151808 202316 172195 367859 315668 322615 144958 367276 757224 641575 409962 417034 568962 850344 734419 999999999 280207 527384 415176 404283 207140 26340 363426 699500 307693 280678 404213 881809 822297 134247 470554 419128 523632 278666 756493 480607 524051 732674 257183 231397 835767 384089 132439 680360 324037 783150 537038 826734 348019 335509 319292 126028 189375 343903 563135 416903 772511 458363 649390 862835 251600 172746 616356 575017 600348 633414 311497 357505 340703 560773 457030 367451 132428 277259 130934 485278 426204 290702 981934 668008 662172 513966 209416 145198 395284 279565 372710 550195 875807 303934
1021064 800146 683964 662528 414149 344769 955269 831641 862509 694943 184357 437196 270039 637987 579095 289287 420460 474182 1005598 900052 481079 675868 779133 1082957 697165 280207 999999999 288090 413424 657596 478082 276740 487508 667043 337334 42761 647455 894573 1011119 399874 318490 252797 259730 541214 852549 605971 712175 779790 534236 57791 1013310 599712 341743 864060 599821 828354 406358 894138 613824 553880 582144 372017 128546 280281 668343 361348 893825 684756 735620 955127 194482 348777 720407 480140 633265 720077 577010 287532 609416 519417 320392 618263 402843 532126 216073 600840 403747 251791 998221 769972 701421 741726 468549 269226 628654 521718 493368 292398 1088486 465653
1130202 730451 949775 927456 551244 626797 963636 816259 817597 680825 469222 617697 427191 895139 842266 319756 644924 535582 1147688 1063353 506765 942765 886017 1198169 557251 527384 288090 999999999 394714 927759 689913 513737 560235 537253 392686 262649 922353 780576 1074273 614598 173793 155877 79032 735154 828490 650092 802146 714431 782060 310127 1063111 733836 618443 932803 849324 754689 236901 835823 875198 697817 772677 640291 338024 286627 680281 313038 891835 819934 716959 916675 304154 631911 722365 326800 578622 704311 771859 279963 868087 415168 197325 789439 622314 717497 413623 636458 367884 312058 878542 762448 640157 872819 666725 553634 906960 795518 561224 58713 1176511 577888
748291 386722 782784 760509 257524 575642 574009 433742 453036 295195 482621 357202 243059 711462 681905 124504 444731 164747 783976 720218 117244 779824 510258 817719 319536 415176 413424 394714 999999999 776867 455703 389251 193289 284848 107483 372435 788818 488178 680374 407696 226175 243974 453244 463359 450616 258220 421352 366416 594447 372131 668409 391310 547384 540933 654125 414949 217563 482076 705146 370990 489144 536223 318185 136579 286625 81972 504787 468683 334290 548696 224121 585155 331583 197133 219847 319958 494466 133670 691966 147739 200825 478559 420758 437359 297564 243080 30673 163675 591638 375618 288002 514004 417287 535158 789212 675737 190119 450644 786534 244801
790696 1035582 40714 38478 530971 320452 985357 954408 1031227 874497 477569 431328 553203 90675 94964 711155 332215 667099 690922 561348 727322 29833 655484 818397 1080444 404283 657596 927759 776867 999999999 333627 422695 648384 1045285 675754 670434 40257 1179996 898900 369197 872509 823108 915127 366297 984554 728001 668264 1014794 186068 620814 931959 529860 316477 792793 143282 1061375 933315 1078088 77086 501467 371769 287740 591690 737587 813616 800454 966650 545745 904464 1082103 653666 319761 857643 959325 911608 890673 358544 751266 93490 923697 857325 431363 356110 392961 531678 742438 795874 685203 1269714 902594 959952 576227 375317 396833 75818 137087 657849 945008 892253 572923
603316 705119 332519 311200 200873 292571 692828 637209 708728 545496 356040 99652 266540 258627 241664 414013 63740 333940 553982 435378 395068 331141 396670 653985 749196 207140 478082 689913 455703 333627 999999999 203121 314764 714223 363378 470058 354192 847866 655525 78463 591915 556068 701505 76164 666804 399576 375877 683997 147817 424028 676944 226384 258032 523789 200162 731591 636761 754601 257640 185365 114429 210932 365848 445568 486399 492993 661263 279169 577755 768933 387388 301609 533580 647384 577982 563258 105195 458502 242656 599296 572144 170941 75684 86287 279132 412451 478284 398382 939489 581316 626961 329636 41699 322987 364903 269008 324222 722888 691054 239306
781585 728579 440248 417569 217944 189095 796477 705178 760248 585443 165503 186276 146444 381966 332378 298532 143788 341712 747799 634420 383801 434183 552475 838056 708376 26340 276740 513737 389251 422695 203121 999999999 338455 673428 281783 273246 424368 855527 804140 126581 450265 400553 513559 271397 731892 456405 504746 706688 268440 225016 816532 367207 158659 661276 335676 757184 514855 801307 363758 318566 312402 149743 176411 320792 538387 392455 749103 443708 624206 838278 231193 199066 591730 550947 574068 608207 305566 334446 355525 535124 435973 357228 127437 267438 109381 460647 400670 267605 955716 643440 636002 499842 200212 168582 416838 300951 347664 538882 860577 280473
569987 399081 646249 625360 127473 521608 472487 367724 422211 248128 482924 218490 228749 571471 555841 242198 327861 28637 594403 526975 89796 645385 326113 637975 439299 363426 487508 560235 193289 648384 314764 338455 999999999 405007 169985 454883 667949 536752 529057 295012 405655 404373 605697 298651 393840 122158 242340 377363 462438 433121 527444 199081 487500 382743 512653 426900 410177 464195 572317 184870 315898 459782 363319 273992 200145 265592 417368 275450 286140 500269 301513 531881 253747 385664 263234 270231 323910 280282 557117 310047 380467 293658 308462 270676 295670 123026 223574 260880 631954 305562 314503 321943 273087 506416 676034 571294 9808 611236 620224 75462
822498 224506 1046653 1025117 514410 860439 520712 366987 327143 280883 762889 614901 527651 972798 950967 396507 715007 382061 899258 873191 319477 1044946 627669 891286 35308 699500 667043 537253 284848 1045285 714223 673428 405007 999999999 392103 624297 1060973 243333 696900 678776 379299 435455 613971 703654 363838 376522 540115 217316 859730 636272 666320 584223 831868 592398 914174 240535 300827 327711 970800 583996 719744 818891 592630 392746 328764 308436 446393 637711 292872 420780 495495 869977 332343 210637 166046 290520 728352 382959 956377 148358 364805 690239 692293 675681 581884 355773 278702 436216 342652 340857 174682 664973 673171 819168 1064510 953281 396538 594790 825195 478341
738868 474647 683832 661311 176770 468348 620482 494321 528137 358076 381372 268651 135595 614196 580901 72972 344997 148451 755807 676931 143820 680280 493903 806279 426899 307693 337334 392686 107483 675754 363378 281783 169985 392103 999999999 299997 685915 587332 696698 307970 249097 237492 435822 382477 515521 276173 412077 453347 496030 288648 692244 344625 439915 551263 557991 503434 276717 562388 605733 313393 413280 429135 226218 106389 331738 129859 557224 429329 398832 618878 143125 477910 383297 285062 310042 383155 416417 114904 593266 253970 225372 414476 320530 358785 192259 267968 120986 92824 689993 432649 376838 480993 327770 429641 684890 570644 172523 442245 790176 188003
997127 759072 694871 673000 389249 364308 919711 793757 822848 656500 206871 421087 244655 645231 588565 248776 415279 440118 986678 884417 443781 687235 753696 1060119 654403 280678 42761 262649 372435 670434 470058 273246 454883 624297 299997 999999999 662697 852237 981241 391605 277923 212356 245098 529460 814147 571688 683993 738845 537583 49911 981956 576965 357348 834195 604104 787186 365239 853845 622659 532282 570010 382931 107271 238372 631675 318879 857190 662943 697084 916119 156920 369296 683273 437876 592249 681657 565808 245285 617148 476716 278820 602372 395963 518349 197783 565697 361962 212194 955860 732383 660396 719674 456959 291032 645857 536115 460279 274627 1061919 437793
829254 1058790 79383 78400 547759 305422 1017150 982018 1057571 898370 465099 449718 559906 126444 112642 717658 346009 685485 730614 600859 744583 69001 689411 857740 1096223 404213 647455 922353 788818 40257 354192 424368 667949 1060973 685915 662697 999999999 1202042 934971 382488 874530 823129 906366 392923 1012081 751964 699003 1037793 206779 613502 967293 558200 305827 826534 173708 1084971 938149 1104180 106003 527641 401435 282820 588743 742836 838162 808521 996551 578142 929302 1110766 655438 303518 883308 967747 931008 915229 387956 756539 122927 936235 860310 462541 369081 418802 533748 765728 806629 690013 1293127 929118 981086 610484 395772 382358 36657 126839 677537 937199 930533 592592
773509 149027 1173851 1154106 662693 1044466 406637 292162 209179 309868 968617 754559 716805 1098439 1089454 610957 864612 523408 879116 888898 472701 1174188 640329 835601 225732 881809 894573 780576 488178 1179996 847866 855527 536752 243333 587332 852237 1202042 999999999 613202 831445 620963 674520 857260 817313 269796 454383 570229 167743 995395 858008 570974 667042 1012589 555522 1040086 129144 544112 174490 1103101 684007 822065 990895 806348 614731 372907 533464 347867 692551 288302 260459 711466 1054511 340158 453942 281461 298813 833367 607047 1087206 379781 605031 776794 844962 789574 778752 438435 492357 650854 103715 311464 222411 700587 806347 1014355 1211817 1108046 526976 838038 745777 611104
180149 498602 873095 862043 602386 945731 209315 336587 406692 426057 968439 620544 742502 808732 837711 766370 710991 548310 312693 388074 567832 878973 258859 229448 713390 822297 1011119 1074273 680374 898900 655525 804140 529057 696900 696698 981241 934971 613202 999999999 699493 906231 920440 1127827 583564 350041 424666 301529 494634 759295 954756 49369 439105 910283 147073 764852 500833 880442 438912 830809 487313 556214 865470 883573 795225 402905 762345 266642 376641 405341 365044 830236 955213 374798 818902 550118 410361 569694 798862 814343 714135 881010 491487 707686 569245 803903 437815 708658 789036 639808 356324 522309 330778 630219 962676 961155 900141 525089 1128962 132814 546294
662901 693731 375903 353429 169006 249424 715491 643575 708798 538857 285807 85652 196694 306556 274246 350594 37085 308561 622982 508105 364668 372519 442686 717031 714056 134247 399874 614598 407696 369197 78463 126581 295012 678776 307970 391605 382488 831445 699493 999999999 524110 484655 624106 144971 672221 397193 407312 672094 188124 345603 716515 260846 213558 561340 251350 721296 574609 753058 297893 213584 185899 174428 287674 380365 483835 435251 676559 328799 574287 776996 314149 259371 534443 592837 554416 558962 179000 393702 285297 554535 505582 233383 13624 143179 202015 406642 427209 330801 926950 584538 609045 383219 75294 264319 385996 277326 304818 646160 746023 222468
971865 560093 888028 865230 423021 604234 790246 642469 644945 507269 464961 505838 327423 824918 780700 182096 558868 378922 999722 925297 341912 882622 730672 1040840 403851 470554 318490 173793 226175 872509 591915 450265 405655 379299 249097 277923 874530 620963 906231 524110 999999999 65696 242617 623327 654786 484251 643704 543328 706957 308000 893107 592688 586476 767087 772984 585166 88851 664652 810352 562488 657024 594980 296937 148241 508697 144487 718194 676099 543203 743887 219094 611614 549495 172503 405393 530637 658742 136566 800439 246060 25473 662704 534467 601713 340955 469250 197578 193627 721755 588890 467952 725936 561553 541334 865646 750072 405044 232041 1012508 436517
974328 604132 840557 817825 401593 545910 817426 674077 683847 536489 402694 475855 289532 779857 732776 164841 517951 379730 993210 911673 352611 834658 730240 1042330 461897 419128 252797 155877 243974 823108 556068 400553 404373 435455 237492 212356 823129 674520 920440 484655 65696 999999999 209272 594021 688712 495830 646279 586219 663003 243817 910688 580599 529933 778052 729755 630281 154069 706811 763540 546307 629793 541588 238604 131140 530583 164531 747256 666134 574296 782013 171626 552909 575095 233780 443818 560739 630238 124092 754461 295492 71501 641538 494051 574300 292489 482904 219630 162523 776475 617735 509066 718347 528717 480809 812577 697580 405351 208609 1021133 424112
1174237 802586 939935 918088 581464 604494 1026381 881707 887240 744769 444035 637816 447661 889949 833655 363588 651554 582831 1183735 1093181 560495 932247 928830 1241136 634811 523632 259730 79032 453244 915127 701505 513559 605697 613971 435822 245098 906366 857260 1127827 624106 242617 209272 999999999 753085 895321 703244 847899 785931 780780 294981 1119178 768359 600550 984279 847666 827440 313149 907266 867695 729310 792101 627883 338047 333040 739855 373286 955770 855260 782015 986056 326815 608478 784162 403334 647352 768782 789934 328968 862005 487881 263906 814780 630347 737807 422374 691030 428509 348096 955899 826207 710492 909710 682400 528848 888200 780142 607753 37716 1225493 614858
527219 671260 356977 337879 207224 367951 632437 589121 665008 509563 429386 118166 307969 281612 281799 441774 139030 322280 479269 363137 385734 357883 325010 577884 737936 278666 541214 735154 463359 366297 76164 271397 298651 703654 382477 529460 392923 817313 583564 144971 623327 594021 753085 999999999 619168 363337 313095 650827 190110 485524 606901 166623 333730 455513 223903 696495 659189 711812 289326 135184 41090 285946 423078 475144 448022 511560 606189 207042 538538 718414 431018 376814 491371 659550 557220 524977 36852 487250 272806 600427 601817 95097 146401 28163 333458 378881 488969 432429 904838 536426 600032 255289 72672 399003 409351 325673 307223 771996 615544 226356
504180 149697 971682 954154 516078 911874 157295 30235 61251 157647 874831 587539 616770 897292 900762 567710 699418 394723 609964 627168 372567 973851 384400 567349 374120 756493 852549 828490 450616 984554 666804 731892 393840 363838 515521 814147 1012081 269796 350041 672221 654786 688712 895321 619168 999999999 276717 328952 149095 807890 803981 312233 454844 876963 286843 841353 150898 604459 105375 907925 484947 613671 844749 739203 586132 193709 524810 85010 457245 117135 106429 658067 922159 140164 526372 251316 132493 626544 584189 891221 422518 632017 558573 684690 593671 684111 271245 470582 602222 320153 88504 198716 453138 627913 900145 1027874 935739 384917 886827 482668 454738
493104 307932 720261 700900 239547 635159 350816 249190 311671 146498 604528 313707 350831 644864 639410 343298 426071 131794 542318 500248 143331 720950 264623 563023 406938 480607 605971 650092 258220 728001 399576 456405 122158 376522 276173 571688 751964 454383 424666 397193 484251 495830 703244 363337 276717 999999999 173488 287511 545341 552699 417015 216053 600252 282981 586817 333399 468466 356408 650929 229626 367918 568562 483713 371076 87086 339778 295336 261284 178357 382723 415907 645443 137451 421801 212731 163694 379055 374329 634754 326105 458838 325876 409973 335819 417821 20918 287699 368973 541764 188329 241539 290148 358980 624951 764319 666343 114587 704404 528315 178021
328390 422239 651480 635493 301035 656568 319513 299102 383922 272345 668031 324605 442510 578781 591022 484517 424108 266585 368847 333482 304183 654683 91151 397143 567916 524051 712175 802146 421352 668264 375877 504746 242340 540115 412077 683993 699003 570229 301529 407312 643704 646279 847899 313095 328952 173488 999999999 406035 502105 655290 311791 149552 620732 156604 525571 441288 636763 431324 593202 194161 297852 579072 584016 516261 213968 500359 299133 128482 283540 418129 536972 666426 231564 594506 374072 275608 311501 522234 576279 499589 618273 236933 416979 292186 502798 193650 451831 501616 641164 260591 384812 130885 344040 666688 718820 638743 240938 853536 379585 246526
638102 21895 1007690 988203 504685 894228 306271 158086 110455 142178 831783 592805 574437 932282 925152 490568 704091 367369 732523 731042 323796 1008267 480742 704101 225356 732674 779790 714431 366416 1014794 683997 706688 377363 217316 453347 738845 1037793 167743 494634 672094 543328 586219 785931 650827 149095 287511 406035 999999999 831015 737082 459356 499315 861177 411136 874123 50604 481819 121398 937780 516960 654694 836164 678788 501699 205170 428570 233689 526165 122504 207346 588542 904414 174542 397503 146619 131697 666125 496767 921729 299566 522841 609052 685461 623243 639402 272368 378845 528887 255561 154318 78553 536880 642719 870181 1048716 947105 367561 773143 626275 450016
677869 852012 188344 166164 345320 249797 821616 777968 852120 691688 373553 245305 380969 118688 94139 537387 151234 481032 601730 472643 541380 185690 504554 718039 894840 257183 534236 782060 594447 186068 147817 268440 462438 859730 496030 537583 206779 995395 759295 188124 706957 663003 780780 190110 807890 545341 502105 831015 999999999 488026 786811 356732 225871 639235 67267 878221 761282 898498 111169 322948 206222 177968 444783 566090 631709 623284 796299 388350 722938 908036 491399 255194 677454 780957 725672 708749 192407 579598 97520 740377 689682 270699 175889 214400 371455 558970 614811 515188 1086355 723933 774717 428743 189508 310433 220010 140876 471935 806950 774084 386980
963320 757823 645045 623147 356641 316900 902859 782268 816329 646667 162407 380060 212853 595342 538674 247769 367928 420989 948084 843214 431550 637447 721578 1025168 667673 231397 57791 310127 372131 620814 424028 225016 433121 636272 288648 49911 613502 858008 954756 345603 308000 243817 294981 485524 803981 552699 655290 737082 488026 999999999 957659 541933 308572 807742 554443 786299 392650 849413 572751 496092 526333 333207 71275 244247 617508 327992 842678 626968 687437 907526 148541 322309 670100 459243 591105 671719 521565 253391 567244 487929 305316 561279 349308 475706 158342 548393 365652 208514 961714 720234 659123 683936 412864 245121 597166 486819 439316 324197 1031088 408841
229515 461797 907433 895581 609570 964590 164761 301626 366702 402040 979515 635434 746697 841466 867705 760295 730255 544673 361564 432854 558783 912936 282576 277723 681062 835767 1013310 1063111 668409 931959 676944 816532 527444 666320 692244 981956 967293 570974 49369 716515 893107 910688 1119178 606901 312233 417015 311791 459356 786811 957659 999999999 455740 928917 155468 795793 462121 862851 396484 862398 503070 581882 885331 886771 787904 385536 750223 227541 400189 377769 319234 828842 974250 352163 797833 525095 384369 595548 790721 845770 692413 868113 516968 725397 590809 809735 428229 695801 785008 593918 328026 492487 358538 649415 977904 992452 927347 522653 1118687 176005 551334
421647 518684 517019 499323 189074 509032 467150 424662 503048 357182 532554 181820 332601 442472 447936 416076 275344 227654 415400 332621 286555 519045 185331 483329 616505 384089 599712 733836 391310 529860 226384 367207 199081 584223 344625 576965 558200 667042 439105 260846 592688 580599 768359 166623 454844 216053 149552 499315 356732 541933 455740 999999999 473300 300770 386600 542263 606365 550313 453432 48642 159000 430519 471699 450355 294147 458942 439569 87051 381830 552567 443832 518761 332296 584738 425360 369516 171729 459490 436660 506068 568280 110012 269665 143738 384204 234866 421126 422223 749531 374441 457568 142964 194862 523573 575684 491055 203968 779808 494694 156671
860667 883064 344864 324272 361477 35869 928018 849166 909198 735623 161400 298111 304325 307739 244132 450959 199373 494154 803707 679229 540046 336182 652014 909530 866754 132439 341743 618443 547384 316477 258032 158659 487500 831868 439915 357348 305827 1012589 910283 213558 586476 529933 600550 333730 876963 600252 620732 861177 225871 308572 928917 473300 999999999 774069 281878 911470 658731 951661 279713 426726 369215 50402 291489 469567 685027 545820 886727 535612 773279 982810 371193 45907 737407 702489 731217 757475 357850 482926 278479 692445 575601 428803 203794 343032 256804 606957 557712 416774 1112070 788572 792050 587350 280066 85932 288594 180034 497071 631583 949086 422240
230197 420731 771115 757592 456256 809799 205800 263376 348094 312103 824627 479984 595614 702140 723348 621688 575812 402822 323640 347517 426149 775761 137376 298924 613723 680360 864060 932803 540933 792793 523789 661276 382743 592398 551263 834195 826534 555522 147073 561340 767087 778052 984279 455513 286843 282981 156604 411136 639235 807742 155468 300770 774069 999999999 653377 430730 747023 390332 720770 347796 433127 730991 736579 651280 275631 622663 221445 250887 301813 343772 683540 819517 260203 691421 434403 302216 446920 655489 703937 588783 741702 368541 570395 438020 657419 297987 570048 643260 604466 258454 419912 216969 495060 822441 849753 778908 379106 986650 246490 399476
668716 894710 133947 114085 400971 301450 843462 811196 888358 733210 435349 299795 446307 58820 75086 601816 215109 533089 581214 450623 594817 134144 516480 703207 949088 324037 599821 849324 654125 143282 200162 335676 512653 914174 557991 604104 173708 1040086 764852 251350 772984 729755 847666 223903 841353 586817 525571 874123 67267 554443 795793 386600 281878 653377 999999999 920161 825836 935311 67713 359023 228551 236929 511983 631107 671868 686231 823615 404483 762441 938830 558130 305394 715150 843042 775184 748852 215280 644542 50783 798827 755360 288904 239803 251061 438528 601839 675551 580667 1128528 759688 821258 437960 241004 367683 196695 155125 521887 874034 768013 437499
653252 28859 1053472 1034236 554327 944601 302219 168571 96621 186951 882257 641380 625019 978102 972350 539332 752959 417494 754167 760349 374397 1054275 511364 717382 241511 783150 828354 754689 414949 1061375 731591 757184 426900 240535 503434 787186 1084971 129144 500833 721296 585166 630281 827440 696495 150898 333399 441288 50604 878221 786299 462121 542263 911470 430730 920161 999999999 520037 87201 984310 562021 698955 886115 728592 549512 248870 474825 234655 564400 160941 181419 637789 954795 212246 433547 195228 172747 710655 544163 968150 339654 565467 651508 734616 669112 689920 319254 426231 577924 208370 182382 127181 571518 690472 920779 1096467 995710 417111 813336 633522 498987
