NAME : synthetic_000112
TYPE : CTSP-D
DIMENSION : 100
GROUPS : 8
RELAXATION_LEVEL : 1
EDGE_WEIGHT_TYPE : EXPLICIT
EDGE_WEIGHT_FORMAT : FULL_MATRIX
EDGE_WEIGHT_SECTION
999999999 799977 758759 495600 129613 186137 254264 565811 297279 578668 392730 589814 518184 564163 687790 377844 147933 275757 423359 165815 380694 341862 381142 118514 739519 268108 702220 156135 694413 260237 266500 185879 504243 529671 331727 130701 695326 200096 82770 539013 215044 58458 382408 58628 728287 50355 877428 446122 665152 646806 740210 619472 164612 199976 175397 138380 741520 649856 140277 509656 678312 774290 580665 697832 508607 671269 552539 196492 231277 561358 539490 555420 493762 108583 562829 363190 588675 394195 742378 509742 469765 637511 158844 275706 628294 672328 237971 327259 637720 225107 70826 509213 412108 718461 579272 445531 515984 373205 622100 661772
799977 999999999 217980 681661 713102 906589 567239 869534 828503 454299 810311 817522 885404 387944 147440 1174811 885585 882326 623046 811755 950886 1138604 470278 757221 83708 732171 125317 734492 228351 924602 842160 645868 337061 834251 956210 875402 309619 771295 730245 349137 637382 779963 507134 741681 620718 781575 81802 663156 856154 157468 153566 539235 788958 609209 696764 661908 342125 268725 913758 427009 252159 71280 379706 561897 714584 719202 286296 856302 583406 463703 458121 556866 843804 735973 433728 522695 402437 495482 910833 445417 604358 408267 957873 837190 443091 549417 735090 806698 776207 883382 864969 337907 454535 86527 751867 802003 314608 448644 531860 355690
758759 217980 999999999 781421 647907 900890 505412 694266 864939 585265 667924 634669 720418 229782 298895 1134714 810578 772051 704590 814790 821797 1099164 515729 686934 262211 766925 136854 655963 64385 822958 869019 580437 254825 663637 839928 859394 481013 677067 704637 453478 646590 724410 399738 704603 409081 728183 231480 507605 663174 192956 71030 343973 703636 558800 701297 624246 125291 111604 848073 529900 82478 147076 215551 352568 543728 518318 377143 862635 579237 289903 293534 679090 680974 722295 264363 574027 228502 386689 710560 550279 700109 559015 907419 867034 590295 343801 632560 679765 583040 786289 814143 417960 355380 234297 866827 879183 387126 385727 673966 159386
495600 681661 781421 999999999 538327 439102 506534 980679 267321 237972 822495 977046 950537 713987 534258 732415 643518 755987 93627 362076 862191 702093 289361 568556 598142 232932 657948 585261 730027 752487 303650 523231 591724 938806 821381 452809 409092 647847 423501 335892 307873 532018 615846 461881 984841 525976 759743 789945 1049244 593025 724193 859430 627954 477473 323711 446307 841838 713482 629701 256731 730599 702917 724488 931980 867317 992217 408735 373725 353379 764554 740646 139995 915304 388131 745623 238547 748324 618369 1127785 237284 81357 302821 608078 291906 271038 906111 658152 768935 994242 713394 556016 363882 597400 600796 99659 141302 394426 523051 202106 783997
129613 713102 647907 538327 999999999 312779 146706 461942 392421 566709 292643 476526 421934 442584 616037 489098 172952 224943 453111 270829 328444 454213 350695 45422 661146 335638 605966 46935 584118 239683 368680 68248 396941 422807 297828 258338 655403 109617 134970 497638 230820 79586 258723 102546 598932 85301 786868 320236 552155 556323 636628 489965 96557 107431 223582 93920 620480 537087 202255 487215 566045 679339 459216 568242 386656 545992 493634 311152 204772 434224 413017 566915 391596 176246 437489 353196 465042 271114 630774 492486 494101 616290 260422 375515 614233 542781 126481 233316 517662 195828 168712 458077 294279 636337 631662 519953 457318 268598 626510 540280
186137 906589 900890 439102 312779 999999999 413728 746076 178982 594558 573327 773862 695163 726191 777589 300005 288806 437972 397253 97461 535384 267051 444939 304430 836250 218233 824672 342270 836940 405207 140158 359099 648031 711541 477322 55668 741736 383265 201958 598000 269555 244200 551292 216524 910782 236236 987380 631878 848861 763263 872000 798537 345498 356506 210001 286288 900230 796939 249976 546400 824071 892957 742214 877558 694716 857253 633085 66005 326168 733381 710359 539981 673908 178691 731270 404487 753744 561950 925298 539487 445005 661745 192291 152459 643211 851595 423642 506860 823534 381487 193019 583316 572489 821051 499343 342015 598999 520359 611229 822220
254264 567239 505412 506534 146706 413728 999999999 478526 437492 474499 334431 470681 455883 313088 475921 629317 318405 335337 413657 343647 425528 593752 257089 190095 517867 354972 459261 168606 441199 366812 425404 78757 252027 436145 411844 365488 535321 214631 211793 381489 220564 219699 140050 202995 517387 223069 640373 284037 542719 410137 490918 396815 224747 57227 250312 127452 489047 395841 348868 389201 424440 532636 329319 475954 361112 496152 363561 391004 156260 322051 298358 498630 417385 240728 317959 281881 340047 149563 621342 399253 444846 513235 402613 428400 517906 449321 192963 296034 489662 323542 309034 335431 159499 491909 605651 527652 328666 122196 547835 409971
565811 869534 694266 980679 461942 746076 478526 999999999 853413 942538 173109 72276 63126 481725 846669 788485 471115 324324 889239 727323 269249 764665 731556 450637 860404 796018 744491 418955 652478 378081 827467 459327 556395 42498 329574 691015 966217 365985 596527 829692 677930 508152 412600 561530 363408 516312 914315 218639 119118 733177 730126 356803 401578 503241 683108 542911 591488 604835 520770 855971 627171 806753 490936 386231 155180 231397 786776 762102 627394 408203 411555 976161 72178 637957 437150 760355 470716 418337 184372 868873 922689 970606 603895 835190 981556 378456 335574 239247 151822 380474 556187 777399 458627 826771 1078426 979763 759548 513748 1021800 535007
297279 828503 864939 267321 392421 178982 437492 853413 999999999 454865 681947 868605 810074 727548 687940 465361 435032 572828 245089 132054 676984 435634 359718 404114 750785 98269 767034 434458 803886 552349 38832 411897 626489 814896 624987 207464 616769 489763 257459 491371 226744 350349 575384 291900 954879 342493 910288 702388 944170 701666 823650 833717 458360 386294 187196 324484 889180 771884 407021 425588 796005 828358 742003 912550 774028 925405 543077 119069 298877 753414 728966 383558 782294 216365 744076 305809 759216 583190 1022974 413761 289135 524300 364829 26546 500365 885844 518086 618733 905836 520674 337790 491281 580533 742062 320717 163420 513950 514053 454215 816801
578668 454299 585265 237972 566709 594558 474499 942538 454865 999999999 808616 921513 926996 575100 309179 893922 715520 790341 210930 500255 890170 859975 219045 608066 370797 378591 452206 609565 543422 805049 482483 524422 450186 900172 864398 587890 171490 669571 496025 137693 363764 593488 536201 527640 861011 590164 529262 730030 986463 392324 520796 740113 663253 472442 411524 476218 667144 539339 718560 86569 549994 485251 581339 802703 805723 898716 212242 530456 362906 641087 619956 103236 886940 475737 616019 216822 608299 533648 1060885 75389 173359 69545 723753 473216 49819 779120 661650 769285 919519 761667 648628 186968 499987 379036 298002 373520 216023 433205 91671 623778
392730 810311 667924 822495 292643 573327 334431 173109 681947 808616 999999999 205998 129364 438981 760145 636726 303722 166700 733100 554825 160864 609916 591491 278219 785442 628218 686298 248095 614957 226320 655220 299562 476426 138636 200511 518141 855244 193109 426049 708138 515940 335184 310420 390176 433345 343336 867264 164061 278549 660542 687851 373629 228480 347777 515811 378357 588271 563922 354453 722887 590603 755626 452520 431887 169044 328904 676696 589084 472004 382146 374893 830805 101035 467509 404530 612731 440551 320209 352894 733492 769684 844613 438249 663178 851198 414331 166593 66717 270492 217887 384602 658362 362870 753665 918582 812489 645413 399419 881992 517026
589814 817522 634669 977046 476526 773862 470681 72276 868605 921513 205998 999999999 129112 430164 804228 838918 509695 369499 884324 746461 328961 813359 716307 471951 813630 804577 693283 437022 596262 426792 845144 463469 515687 74026 385791 718282 933051 390598 611273 802848 680441 531405 385765 578515 291477 539552 858430 191745 75646 686870 674360 292932 428684 502728 691840 549989 527678 550232 560451 835166 571021 752811 437819 316461 116101 159141 754816 784164 624514 353870 360335 962242 117729 652241 383801 749850 415687 389479 154430 849311 914891 944904 644245 852040 958190 310286 353036 271831 80228 423049 588366 749844 427098 779649 1075917 986533 729811 488701 1003869 475358
518184 885404 720418 950537 421934 695163 455883 63126 810074 926996 129364 129112 999999999 500205 852109 726973 415431 266351 860488 681901 206256 703717 712243 405966 870401 757547 760092 377073 674615 318025 782574 427306 562443 62523 267131 640629 961770 320357 554933 819984 644676 461506 407955 518667 413658 469597 934678 223102 182214 743409 751205 392019 353617 474208 645173 507450 624111 625411 464230 840671 649417 825207 511026 430432 177129 285897 782129 714634 598775 430970 430844 954359 42337 596367 458307 736852 493266 415408 244747 852411 896084 959134 546689 790813 967925 419769 295955 191443 209113 323333 503574 768681 457310 837322 1047082 941833 752987 505472 1003228 562412
564163 387944 229782 713987 442584 726191 313088 481725 727548 575100 438981 430164 500205 999999999 383699 931196 594691 544326 624485 651049 592021 896579 424861 476891 385485 634350 263232 442444 176311 596917 722776 378820 125603 447124 610887 678563 536140 455486 524323 439190 500806 521814 184149 515607 286723 526809 434476 281296 473085 260491 251373 171694 485311 370194 546341 440127 177896 125814 635994 497321 151699 325385 16648 227693 327033 348161 372405 699173 428695 78617 70185 646919 459323 550354 48120 478949 34357 171547 534003 516195 635795 576216 702283 723558 598762 204723 408686 450122 394384 561953 611296 388155 153730 351297 810275 780606 359917 213553 666164 97741
687790 147440 298895 534258 616037 777589 475921 846669 687940 309179 760145 804228 852109 383699 999999999 1055939 788496 806665 476427 681140 886447 1019840 334290 661325 64393 593105 162705 644139 275748 842249 703848 551961 290348 807828 882640 750723 182312 688973 612819 202460 508405 675421 449735 629185 655267 675880 226876 630224 853711 126622 228619 552921 700603 508923 567935 552523 405366 293884 810995 279754 291621 177993 381532 594368 692866 731669 145712 723898 461787 462063 449160 410935 809778 613274 431759 383127 408593 440252 917162 298023 456955 268899 846628 698154 302682 576351 659468 744983 776337 799268 755801 197204 397572 70786 605716 655145 178617 368994 390495 388911
377844 1174811 1134714 732415 489098 300005 629317 788485 465361 893922 636726 838918 726973 931196 1055939 999999999 349441 470228 696798 393855 524461 36208 731188 454770 1110845 518162 1079775 490941 1070516 412126 428806 555152 880961 766176 460949 309817 1036909 494747 444648 888333 552514 410839 747056 434819 1049615 406707 1253314 755502 905944 1023400 1117934 957456 457594 577009 494780 515795 1109003 1024751 301180 842279 1053508 1151535 947843 1031352 796316 962517 915052 365427 594218 916526 897007 839449 722716 443014 923114 697093 952366 759661 971684 836670 744278 960527 228914 440509 942811 1008079 545298 576116 907184 420351 320917 867661 783169 1091770 780965 618865 879397 750096 910749 1028735
147933 885585 810578 643518 172952 288806 318405 471115 435032 715520 303722 509695 415431 594691 788496 349441 999999999 151081 570123 303577 246718 318302 507716 128368 834086 415338 776716 154792 747733 117843 400695 239719 564409 441113 190624 238185 819212 145660 224453 661215 355751 122179 412391 189113 700782 125376 958636 406748 581922 728542 804263 608386 110301 279585 322068 245009 770809 699021 51149 641560 728151 850247 611230 681926 452182 619341 663234 322894 355895 572055 553923 699480 400091 255877 581307 498698 612568 425403 654608 643946 615956 770807 134838 411236 764593 658750 196226 238196 570674 93654 98085 625085 455263 809254 726779 589541 626662 438980 764646 690851
275757 882326 772051 755987 224943 437972 335337 324324 572828 790341 166700 369499 266351 544326 806665 470228 151081 999999999 674258 440945 106439 443976 572644 188311 843153 538542 763976 180794 713061 60631 540966 268903 546710 297853 76507 385520 868996 122160 334196 712996 451891 227110 378441 295479 592418 234177 948358 304391 438766 725901 778990 517599 129401 320249 433337 318384 710902 662073 198349 709298 690635 836754 559897 583819 331046 494710 698894 466499 429582 503637 490347 791617 255161 372914 519856 578010 554536 390975 508663 715631 716787 837598 280359 550660 837251 563531 147721 110553 436999 57543 245036 669309 429493 814447 845706 719729 663869 438588 851444 633936
423359 623046 704590 93627 453111 397253 413657 889239 245089 210930 733100 884324 860488 624485 476427 696798 570123 674258 999999999 309208 779859 664271 199889 485998 540815 179382 586512 499895 650538 674931 274942 433538 503792 847219 742055 400413 377688 562682 346451 273996 222596 454153 522319 383840 892632 448736 703288 696697 956238 520586 650828 767169 545233 386510 248109 359838 758080 630702 561388 197838 649346 636998 635519 840372 774125 898633 340739 331461 261978 672978 648919 142729 824621 314777 654769 146372 658748 524962 1034672 181612 48287 280468 549381 264923 255408 814363 570089 681189 900758 634447 487969 291998 504630 539122 193286 179154 320972 430262 213984 697499
165815 811755 814790 362076 270829 97461 343647 727323 132054 500255 554825 746461 681901 651049 681140 393855 303577 440945 309208 999999999 544937 359729 347864 276692 740338 130934 733140 309622 751359 420575 100857 302005 564601 689813 493134 91480 644847 361807 139552 500540 174473 220554 483625 168298 855020 212532 892850 588596 822100 670721 782671 737961 328739 287690 115570 219031 821692 713449 278152 449622 739837 800296 666608 817312 657099 813897 536298 48280 236019 665674 641886 451294 655668 103498 660574 307053 680334 493182 900340 443233 357464 566672 246351 109892 549337 790877 393722 490485 788370 388620 207115 486273 498478 725899 433762 287518 502524 440463 522115 745236
380694 950886 821797 862191 328444 535384 425528 269249 676984 890170 160864 328961 206256 592021 886447 524461 246718 106439 779859 544937 999999999 503274 671494 293935 918321 644822 829101 282797 766366 131057 644276 365956 613892 255082 64376 484794 960787 221074 440635 806685 557318 333380 443873 401918 588795 340346 1012425 324094 388352 796926 836772 534445 234631 417917 539749 422334 747208 715074 287873 807745 742633 900392 606404 591188 325538 474500 787101 568254 531958 539950 530876 895219 211879 479263 560709 680097 596564 455409 449160 815070 821921 935013 363984 654279 936296 574419 232570 144307 405392 156407 344204 760930 496707 888090 952132 825563 753079 517764 953826 674311
341862 1138604 1099164 702093 454213 267051 593752 764665 435634 859975 609916 813359 703717 896579 1019840 36208 318302 443976 664271 359729 503274 999999999 695507 420605 1074675 485264 1043672 457188 1034937 387011 398504 519947 845263 741106 439242 274609 1001865 463005 408444 852830 516860 375664 712478 398714 1019053 371384 1217115 724969 881421 987225 1082026 925348 425355 541205 459330 479716 1074436 989333 269148 807422 1018056 1115394 913223 999741 767567 934179 879090 332823 558095 882939 863199 806990 697865 407030 889098 661916 918072 725032 948432 802056 711940 926306 194546 410375 908995 976243 513470 548238 880370 392572 285757 831810 748077 1055570 753148 591378 843395 714352 878255 994182
381142 470278 515729 289361 350695 444939 257089 731556 359718 219045 591491 716307 712243 424861 334290 731188 507716 572644 199889 347864 671494 695507 999999999 393515 395071 262391 408901 392161 458311 590234 371925 305574 303966 689059 647378 422182 314189 451304 299567 158652 178682 385934 337660 325343 696827 383765 552047 524861 784667 343017 468312 571658 446879 253594 237133 263580 560423 434447 517280 136685 454790 468737 435706 643133 602034 712477 188799 389782 152024 475784 452089 245993 673034 290190 456344 58351 459169 338032 861351 143720 212829 265596 535906 367180 264823 617436 442611 550548 722851 546474 451929 138410 312214 383757 386760 365520 156346 238735 290985 498049
118514 757221 686934 568556 45422 304430 190095 450637 404114 608066 278219 471951 405966 476891 661325 454770 128368 188311 485998 276692 293935 420605 393515 999999999 706079 356824 648873 39326 623502 197021 377002 111368 437966 413378 258399 248834 699968 85675 151260 542076 263580 60231 292816 113539 616067 68214 830437 329521 547427 600212 677899 512016 59399 152852 247802 132143 654510 575686 161172 529706 604751 722352 493536 589110 390351 553857 538972 312427 245224 462941 442793 604336 378989 192147 468503 393120 497602 305574 625052 534322 528498 658995 226061 384997 656017 564290 119489 214633 519215 153624 138867 503079 331930 681010 659697 540528 502625 311139 665449 574240
739519 83708 262211 598142 661146 836250 517867 860404 750785 370797 785442 813630 870401 385485 64393 1110845 834086 843153 540815 740338 918321 1074675 395071 706079 999999999 655390 134768 686449 252056 881695 765930 595448 309422 822969 918425 807659 231296 727968 666577 266837 566713 723904 476287 680915 643021 724853 162483 647349 858570 127242 191368 549002 742238 555001 626286 602717 378271 280419 859020 344092 271894 125696 380583 582604 705431 729490 207745 783822 516914 463895 454061 473237 828239 669214 433324 445402 406211 465729 918411 362258 521160 326341 898234 760486 360896 566854 695444 775245 779759 839362 806402 259526 423330 34221 668219 719536 238737 404759 449463 374358
268108 732171 766925 232932 335638 218233 354972 796018 98269 378591 628218 804577 757547 634350 593105 518162 415338 538542 179382 130934 644822 485264 262391 356824 655390 999999999 668904 381128 706093 528100 110954 341537 530313 755921 598980 222411 532844 441118 205689 399642 136137 311446 489328 244075 870465 304507 813973 630059 879569 603634 725381 747626 414979 308290 112970 254588 793291 674767 398090 338521 698573 730654 648422 825821 704238 849351 447692 152822 207468 664040 639464 322039 726522 165735 653101 210011 666597 496193 958783 328898 227437 446847 375552 105098 426545 799096 461741 568417 835702 491439 324628 395976 490189 645659 311494 184328 417592 421485 393201 721964
702220 125317 136854 657948 605966 824672 459261 744491 767034 452206 686298 693283 760092 263232 162705 1079775 776716 763976 586512 733140 829101 1043672 408901 648873 134768 668904 999999999 623414 117335 808472 775699 537882 217293 709016 836861 788639 344401 656165 638028 324402 559735 676750 386435 644958 509101 679142 184395 537927 733716 66243 68705 419315 676363 505800 617648 564004 244907 148269 808077 402676 137359 73586 255700 448946 589461 599941 249429 779648 498505 339842 333334 548650 718509 648933 309615 465886 279430 374372 790516 422836 577192 422965 857813 772259 454776 434072 617664 684796 654077 768201 764149 294971 334575 102737 739438 764217 265541 337756 539584 240585
156135 734492 655963 585261 46935 342270 168606 418955 434458 609565 248095 437022 377073 442444 644139 490941 154792 180794 499895 309622 282797 457188 392161 39326 686449 381128 623414 999999999 593001 201551 409032 92900 409932 380641 255228 286811 692584 62792 177958 535455 277709 98579 258929 142597 576747 106311 806175 290577 512634 577086 649661 473115 56969 141766 269638 140299 619618 544451 193571 528846 573573 696996 459062 550026 352550 515294 526915 347355 249264 425769 406068 612455 347956 219420 432274 397579 462092 271853 590744 534918 540628 657455 262862 416467 656583 525290 84100 187298 482136 157611 177613 493859 300589 660260 678532 565437 491030 286218 671227 539404
694413 228351 64385 730027 584118 836940 441199 652478 803886 543422 614957 596262 674615 176311 275748 1070516 747733 713061 650538 751359 766366 1034937 458311 623502 252056 706093 117335 593001 999999999 762889 807086 516509 190443 619777 782129 795179 454116 615624 640349 408406 584074 660359 338184 640219 393839 664066 262182 457436 630623 155741 78192 311988 641383 494446 638245 559868 129784 51301 784673 482496 25307 159153 163986 334322 499391 491256 332059 799290 516114 244408 244043 633617 634241 658298 216326 516656 181847 325180 683225 502887 648688 523264 843386 805364 552855 321153 571930 623342 550424 725536 750038 368848 292498 219962 817921 823195 337667 321348 633717 127343
260237 924602 822958 752487 239683 405207 366812 378081 552349 805049 226320 426792 318025 596917 842249 412126 117843 60631 674931 420575 131057 387011 590234 197021 881695 528100 808472 201551 762889 999999999 518357 294155 591407 354174 72787 355654 893924 153739 329192 736537 455003 220867 425751 291223 652994 226608 992753 364157 494416 767435 826783 576836 144793 343175 428879 328900 766012 712233 156833 726598 741038 881701 612773 643854 391626 554893 728175 440737 442157 559559 545315 798595 310862 364786 574570 589713 608749 438570 562255 731341 719288 855808 233887 528795 853037 623299 191486 171130 495955 44008 215925 695394 475291 854051 838662 705190 692416 477318 861086 688248
266500 842160 869019 303650 368680 140158 425404 827467 38832 482483 655220 845144 782574 722776 703848 428806 400695 540966 274942 100857 644276 398504 371925 377002 765930 110954 775699 409032 807086 518357 999999999 393529 626171 789613 591109 169886 641160 462339 234563 510463 224171 321373 564743 266714 941910 313365 923945 683091 920784 710966 830396 822208 429568 372107 176946 307200 887803 773153 370974 447932 798051 838864 737646 901357 753297 907404 558322 81075 295220 744756 720489 415562 755954 194661 736916 320724 753709 573214 999284 437343 320508 551601 326658 12302 529021 874719 493058 591136 884934 487869 302948 506663 573355 755634 359385 202161 527761 509394 486612 813918
185879 645868 580437 523231 68248 359099 78757 459327 411897 524422 299562 463469 427306 378820 551961 555152 239719 268903 433538 302005 365956 519947 305574 111368 595448 341537 537882 92900 516509 294155 393529 999999999 328821 418103 344789 307192 600863 146777 162792 444296 218609 144313 196529 142627 553930 148655 719131 290536 538224 488845 568423 439587 149859 51984 229366 87692 556506 469904 270491 441799 498782 611298 395381 518734 363221 513938 434077 346700 172997 376312 354070 535407 392475 199624 377025 317682 402853 208345 617462 449223 470559 569374 327091 398572 570348 492656 139067 249726 494952 250311 234235 401668 228234 569987 619987 523075 398264 200378 590680 476535
504243 337061 254825 591724 396941 648031 252027 556395 626489 450186 476426 515687 562443 125603 290348 880961 564409 546710 503792 564601 613892 845263 303966 437966 309422 530313 217293 409932 190443 591407 626171 328821 999999999 517481 619832 605290 422953 439620 450224 315222 402001 471704 170073 449796 410836 475085 401687 340030 568841 184168 239944 291188 461339 304281 453433 369431 263038 148984 598793 371756 176104 290324 133876 352655 403030 458950 251692 612782 331699 192397 173166 521382 520153 469358 166067 359903 159547 158508 636254 390595 512623 454246 654640 625501 475375 328934 400416 469786 493800 551483 561035 263458 117576 277296 686970 665439 236050 131040 541004 194911
529671 834251 663637 938806 422807 711541 436145 42498 814896 900172 138636 74026 62523 447124 807828 766176 441113 297853 847219 689813 255082 741106 689059 413378 822969 755921 709016 380641 619777 354174 789613 418103 517481 999999999 311804 656226 925158 329574 557657 787812 636694 471653 371123 523204 351417 479824 880974 178261 141088 695734 696995 331292 366202 461460 642961 502297 564558 571351 491445 813608 594497 772504 457065 368006 120391 225290 745614 725538 585461 375426 377156 933677 43785 599021 403665 717944 437967 377152 214261 826453 880450 928565 575047 797108 939323 357682 296813 205352 151192 352524 523238 735623 417805 789501 1036697 939410 718065 471884 979322 504895
331727 956210 839928 821381 297828 477322 411844 329574 624987 864398 200511 385791 267131 610887 882640 460949 190624 76507 742055 493134 64376 439242 647378 258399 918425 598980 836861 255228 782129 72787 591109 344789 619832 311804 999999999 428243 945270 198290 397918 789057 520667 289424 450554 359503 633826 295679 1021120 356400 448303 800236 849683 569932 201299 395843 497702 390174 773209 730935 227944 784063 759193 909299 626041 631413 369472 525513 775399 513516 502502 565271 553759 862701 268061 434692 583533 650848 618839 462837 511334 789948 785617 912666 301523 601516 911662 612946 223225 163019 459962 108001 288702 745651 502324 889412 908822 777126 740358 514186 923710 697794
130701 875402 859394 452809 258338 55668 365488 691015 207464 587890 518141 718282 640629 678563 750723 309817 238185 385520 400413 91480 484794 274609 422182 248834 807659 222411 788639 286811 795179 355654 169886 307192 605290 656226 428243 999999999 727269 327686 155366 578701 243658 188604 501303 164776 857005 180668 955464 576727 793325 728702 833427 745885 290078 308376 185205 238712 853877 753766 203252 532993 781346 858237 694757 824728 639163 801960 607928 88877 292064 682848 660136 542184 618838 139835 681792 387313 705288 512301 869871 528054 448693 653227 158101 181591 637309 798905 367992 451768 767884 329669 140749 559537 524890 790707 521439 369805 572844 476032 612814 775232
695326 309619 481013 409092 655403 741736 535321 966217 616769 171490 855244 933051 961770 536140 182312 1036909 819212 868996 377688 644847 960787 1001865 314189 699968 231296 532844 344401 692584 454116 893924 641160 600863 422953 925158 945270 727269 999999999 746981 613571 158050 488212 698318 554415 639381 818759 696628 376217 747707 990047 299303 410913 707816 749142 550822 543427 574204 583796 465497 831009 195378 467548 356085 537542 758078 817847 881063 179680 680353 465433 611502 594602 271242 919893 601765 582611 340119 565372 548012 1058880 203963 343776 108183 849348 632889 142891 737743 728228 827451 916252 849918 766118 199900 507668 250638 461413 544876 209839 456842 230057 558899
200096 771295 677067 647847 109617 383265 214631 365985 489763 669571 193109 390598 320357 455486 688973 494747 145660 122160 562682 361807 221074 463005 451304 85675 727968 441118 656165 62792 615624 153739 462339 146777 439620 329574 198290 327686 746981 999999999 236153 590848 340436 142182 277452 198958 557329 150347 840229 264281 465668 614007 676949 462787 39761 198291 330627 203063 629593 565643 193865 587849 594687 729569 471819 536739 316930 483252 577788 396148 311030 428071 410804 674651 294084 277332 438836 459047 471157 290474 542503 594628 603383 715853 273372 470481 716089 513339 50578 128970 442377 112123 201560 547394 324895 700325 740754 625190 542508 323607 732783 550159
82770 730245 704637 423501 134970 201958 211793 596527 257459 496025 426049 611273 554933 524323 612819 444648 224453 334196 346451 139552 440635 408444 299567 151260 666577 205689 638028 177958 640349 329192 234563 162792 450224 557657 397918 155366 613571 236153 999999999 457914 132703 108517 350022 38717 716546 102586 809067 449395 686872 579924 680445 600905 209305 154587 99791 84341 698927 598523 222581 426985 626200 708819 540394 680212 518830 674488 474789 183931 152057 532358 509090 475181 525797 41465 529539 280420 551786 360421 765596 426973 391776 554745 236820 240951 545616 653937 260966 364422 650409 289919 153346 430006 370599 647137 511635 389269 438480 320687 540973 620582
539013 349137 453478 335892 497638 598000 381489 829692 491371 137693 708138 802848 819984 439190 202460 888333 661215 712996 273996 500540 806685 852830 158652 542076 266837 399642 324402 535455 408406 736537 510463 444296 315222 787812 789057 578701 158050 590848 457914 999999999 336252 540490 417811 482469 725712 538923 429297 613153 864697 261279 392018 606243 591823 393735 393561 416219 530420 402185 673641 79161 413759 367028 444814 666875 686759 769206 76474 539602 308268 507269 486944 225669 778751 448655 481283 193721 472008 413423 937193 98871 256597 142380 694464 503733 160350 643721 574277 676279 794857 692532 609681 53359 376391 265973 415039 452869 79278 315944 229357 486085
215044 637382 646590 307873 230820 269555 220564 677930 226744 363764 515940 680441 644676 500806 508405 552514 355751 451891 222596 174473 557318 516860 178682 263580 566713 136137 559735 277709 584074 455003 224171 218609 402001 636694 520667 243658 488212 340436 132703 336252 999999999 235688 353279 166653 734497 231167 718409 500415 754544 496746 611042 611506 322718 178223 59575 138454 663801 549207 355198 297496 574387 626190 515290 689685 576050 716497 364651 220079 72157 528223 503675 344243 610718 113811 517902 149874 532512 360061 833735 296034 265027 423769 362500 223752 413461 662959 350656 461201 706632 413582 284865 315909 354619 551647 402745 308063 329988 287316 408897 590515
58458 779963 724410 532018 79586 244200 219699 508152 350349 593488 335184 531405 461506 521814 675421 410839 122179 227110 454153 220554 333380 375664 385934 60231 723904 311446 676750 98579 660359 220867 321373 144313 471704 471653 289424 188604 698318 142182 108517 540490 235688 999999999 338149 70356 673787 8172 855510 389133 606773 624438 710470 567357 108199 171128 208308 124904 699695 614095 135646 519417 642925 749710 538433 645138 450570 613834 545877 253966 233965 513616 492531 579931 436202 145941 517074 376678 544557 350462 684098 521774 498829 648639 183032 329981 642494 619965 179572 270203 579404 181423 89924 505942 372420 700813 619719 492970 509195 341635 644084 619542
382408 507134 399738 615846 258723 551292 140050 412600 575384 536201 310420 385765 407955 184149 449735 747056 412391 378441 522319 483625 443873 712478 337660 292816 476287 489328 386435 258929 338184 425751 564743 196529 170073 371123 450554 501303 554415 277452 350022 417811 353279 338149 999999999 336764 381267 343366 570595 195343 450379 353272 401077 258489 304236 196194 388663 266083 361960 288234 452459 450095 317305 458746 200796 337171 269746 376525 374752 530844 283495 182381 159088 582542 365869 380520 180701 379058 206530 13059 525581 464879 545808 559500 518143 567353 572425 310461 234319 299884 385671 387591 427386 365160 53007 445226 715427 654735 346958 103018 620046 281704
58628 741681 704603 461881 102546 216524 202995 561530 291900 527640 390176 578515 518667 515607 629185 434819 189113 295479 383840 168298 401918 398714 325343 113539 680915 244075 644958 142597 640219 291223 266714 142627 449796 523204 359503 164776 639381 198958 38717 482469 166653 70356 336764 999999999 695024 64974 819362 421655 654161 588934 684173 582022 170961 146768 138263 81099 692010 596617 192213 456051 624814 716766 531947 661073 489072 647340 494342 209076 174229 518094 495448 510645 490403 78702 517393 311055 541550 347931 732591 457189 428678 584685 217465 273947 576987 635083 226450 327677 620184 251527 127779 451519 362341 659965 550327 427274 457747 318917 575539 612783
728287 620718 409081 984841 598932 910782 517387 363408 954879 861011 433345 291477 413658 286723 655267 1049615 700782 592418 892632 855020 588795 1019053 696827 616067 643021 870465 509101 576747 393839 652994 941910 553930 410836 351417 633826 857005 818759 557329 716546 725712 734497 673787 381267 695024 999999999 680945 640276 294119 286833 528649 467254 125474 596255 569809 767692 636325 285293 363059 750561 781622 371918 549934 282599 60920 264366 135593 658972 900456 664664 221896 244979 929107 387435 751711 245145 746418 254858 375097 314096 799982 909655 862860 830659 945379 885456 82007 507563 481870 216095 633609 753138 674270 388737 609609 1083255 1034573 646438 462890 951694 268665
50355 781575 728183 525976 85301 236236 223069 516312 342493 590164 343336 539552 469597 526809 675880 406707 125376 234177 448736 212532 340346 371384 383765 68214 724853 304507 679142 106311 664066 226608 313365 148655 475085 479824 295679 180668 696628 150347 102586 538923 231167 8172 343366 64974 680945 999999999 857425 396786 614927 626342 713524 574056 116207 173345 202296 124257 704655 618056 135775 516714 646837 751993 543414 651954 458495 621604 545450 245801 231742 519524 498297 575357 444357 139227 522640 373345 549855 355597 692263 518773 493650 645829 179578 322021 639275 626717 187628 278316 587424 187709 85979 505008 376887 702050 613240 485689 508759 344742 639859 624549
877428 81802 231480 759743 786868 987380 640373 914315 910288 529262 867264 858430 934678 434476 226876 1253314 958636 948358 703288 892850 1012425 1217115 552047 830437 162483 813973 184395 806175 262182 992753 923945 719131 401687 880974 1021120 955464 376217 840229 809067 429297 718409 855510 570595 819362 640276 857425 999999999 714752 891426 231083 184219 571960 859728 684425 777706 739120 355284 309628 988393 506504 287449 112034 423936 584048 760621 748785 367869 937605 663400 506114 504003 632346 893765 815846 477358 604481 443626 558424 941141 524523 683336 479264 1034739 918990 514434 574938 802040 868143 811172 952313 941494 419544 518913 168321 827263 882015 396409 519987 603268 385778
446122 663156 507605 789945 320236 631878 284037 218639 702388 730030 164061 191745 223102 281296 630224 755502 406748 304391 696697 588596 324094 724969 524861 329521 647349 630059 537927 290577 457436 364157 683091 290536 340030 178261 356400 576727 747707 264281 449395 613153 500415 389133 195343 421655 294119 396786 714752 999999999 260331 520318 532515 213852 303668 322512 519095 378151 424324 407109 456729 643615 432577 604314 293576 279881 77561 225762 568388 630720 439947 219236 214161 770849 181062 488469 243255 559744 279194 200247 338168 657626 725597 754795 537524 688576 767258 259159 215436 195351 206229 341227 463230 560462 240047 614230 889289 808426 541717 297820 812127 354135
665152 856154 663174 1049244 552155 848861 542719 119118 944170 986463 278549 75646 182214 473085 853711 905944 581922 438766 956238 822100 388352 881421 784667 547427 858570 879569 733716 512634 630623 494416 920784 538224 568841 141088 448303 793325 990047 465668 686872 864697 754544 606773 450379 654161 286833 614927 891426 260331 999999999 733066 708699 319538 503478 576545 766928 625009 549101 587438 632381 900455 605745 789217 478621 324739 182819 152534 813374 859712 697468 394788 405071 1030630 183682 727811 425334 820069 454286 452871 79243 915220 985798 1007051 716039 927665 1021723 324787 428623 345008 80254 493611 662451 811438 488338 824382 1148354 1061157 790044 553294 1070279 505683
646806 157468 192956 593025 556323 763263 410137 733177 701666 392324 660542 686870 743409 260491 126622 1023400 728542 725901 520586 670721 796926 987225 343017 600212 127242 603634 66243 577086 155741 767435 710966 488845 184168 695734 800236 728702 299303 614007 579924 261279 496746 624438 353272 588934 528649 626342 231083 520318 733066 999999999 131214 427640 631490 453373 555151 508435 284891 167840 757526 338751 168246 129696 256970 467754 578235 607231 185396 716821 437351 339107 328059 486588 701290 588867 308579 399815 283543 342150 794447 359035 512074 368274 803800 707311 398618 449883 578424 653120 654739 726062 710478 229465 300311 93913 675864 698097 199690 291176 481309 262653
740210 153566 71030 724193 636628 872000 490918 730126 823650 520796 687851 674360 751205 251373 228619 1117934 804263 778990 650828 782671 836772 1082026 468312 677899 191368 725381 68705 649661 78192 826783 830396 568423 239944 696995 849683 833427 410913 676949 680445 392018 611042 710470 401077 684173 467254 713524 184219 532515 708699 131214 999999999 389788 700334 541121 667733 603114 189999 125794 838647 469848 103355 82705 240185 408692 576613 568484 316466 829877 546770 321925 320362 616790 710540 694487 293330 526059 259417 388331 760649 490098 643186 491471 893047 827568 523414 396936 635304 692992 628481 788116 799291 360469 352057 163284 806893 827595 330384 368835 608288 204235
619472 539235 343973 859430 489965 798537 396815 356803 833717 740113 373629 292932 392019 171694 552921 957456 608386 517599 767169 737961 534445 925348 571658 512016 549002 747626 419315 473115 311988 576836 822208 439587 291188 331292 569932 745885 707816 462787 600905 606243 611506 567357 258489 582022 125474 574056 571960 213852 319538 427640 389788 999999999 499995 450865 646771 518943 234903 271265 656329 659380 287436 471058 171633 79352 217667 180667 542146 784248 541054 99038 120755 805575 356707 634462 125755 620976 144336 251461 371613 677390 784464 745329 733249 825182 766500 53069 412211 409167 239302 551343 650728 554061 263370 514875 957923 909835 527171 337453 830210 186182
164612 788958 703636 627954 96557 345498 224747 401578 458360 663253 228480 428684 353617 485311 700603 457594 110301 129401 545233 328739 234631 425355 446879 59399 742238 414979 676363 56969 641383 144793 429568 149859 461339 366202 201299 290078 749142 39761 209305 591823 322718 108199 304236 170961 596255 116207 859728 303668 503478 631490 700334 499995 999999999 198385 306846 189219 660917 592038 156416 583494 621159 749931 501796 574647 356647 523012 583881 361103 301211 461764 443642 662356 329446 249608 471105 449585 502579 317291 579804 588969 587486 712427 234456 438167 710712 550958 88706 162683 481683 100798 161909 550631 349153 715664 718958 598183 547983 340320 722659 581075
199976 609209 558800 477473 107431 356506 57227 503241 386294 472442 347777 502728 474208 370194 508923 577009 279585 320249 386510 287690 417917 541205 253594 152852 555001 308290 505800 141766 494446 343175 372107 51984 304281 461460 395843 308376 550822 198291 154587 393735 178223 171128 196194 146768 569809 173345 684425 322512 576545 453373 541121 450865 198385 999999999 199597 70257 545789 450183 304642 389866 478524 578657 386381 530174 397860 541198 386575 334710 124589 378529 355016 484639 438111 184396 375027 266616 397274 206198 655695 397239 422010 517597 352305 375744 518380 503644 190332 300348 528643 299184 258542 352280 216515 530948 575240 485999 350390 173253 539147 466912
175397 696764 701297 323711 223582 210001 250312 683108 187196 411524 515811 691840 645173 546341 567935 494780 322068 433337 248109 115570 539749 459330 237133 247802 626286 112970 617648 269638 638245 428879 176946 229366 453433 642961 497702 185205 543427 330627 99791 393561 59575 208308 388663 138263 767692 202296 777706 519095 766928 555151 667733 646771 306846 199597 999999999 141969 713301 601732 314474 350482 627570 684728 561376 725722 592529 740244 423986 162173 122148 567968 543658 380851 613761 66985 559971 203386 577005 396802 846117 347201 294368 474175 312268 178849 461336 699035 349236 456824 724191 389705 241716 374932 396421 611111 412401 296806 389465 333316 448558 638389
138380 661908 624246 446307 93920 286288 127452 542911 324484 476218 378357 549989 507450 440127 552523 515795 245009 318384 359838 219031 422334 479716 263580 132143 602717 254588 564004 140299 559868 328900 307200 87692 369431 502297 390174 238712 574204 203063 84341 416219 138454 124904 266083 81099 636325 124257 739120 378151 625009 508435 603114 518943 189219 70257 141969 999999999 615165 516882 260031 398913 544886 635955 456244 598295 450869 600977 421194 265460 113328 448464 425064 473236 474502 115540 445267 260977 467457 276297 704212 402838 400329 528331 296017 311791 524410 571877 212455 322778 582622 285712 203686 381047 286398 580926 540976 437236 384502 238866 533540 536581
