NAME : synthetic_000199
TYPE : CTSP-D
DIMENSION : 100
GROUPS : 8
RELAXATION_LEVEL : 1
EDGE_WEIGHT_TYPE : EXPLICIT
EDGE_WEIGHT_FORMAT : FULL_MATRIX
EDGE_WEIGHT_SECTION
999999999 975897 945115 717070 647160 946695 79717 1008833 122936 771563 940098 921004 633497 831844 606479 119005 1225768 547072 969683 1038081 35869 1032392 810596 526850 681159 512935 879295 944482 1019775 525672 38568 858467 1005166 1264694 782664 796919 766317 54600 419547 660738 359708 803472 654172 40535 919431 697424 1151691 577664 456873 943063 812990 769522 1030248 342613 735180 1274016 912988 1111291 909157 789045 886634 812451 781765 500652 700633 1011254 922377 418041 1176881 1129341 791408 380569 678344 1028478 683414 516183 877202 888511 858036 490018 503469 936050 775444 917223 484014 907307 673401 420953 838422 780124 1037179 1305547 918620 1200879 564922 937697 792079 590091 913930 767946
975897 999999999 398144 443585 769823 31771 909191 503310 854825 221261 318011 307893 456707 565899 867610 857056 348785 583950 112381 386001 945689 91146 309859 553299 294933 815821 473531 552111 209685 744044 1000542 179049 573064 425267 258179 655648 258754 1010472 594292 563745 635036 738715 691862 1016388 639089 279241 208353 420658 546135 127721 844671 731847 432526 652728 298541 413271 803073 518066 163727 301133 92545 287062 681796 784727 421381 265407 877167 606188 393419 419996 381876 760523 297687 61944 711495 746742 457622 952948 455462 562394 494486 699342 491460 182313 492119 671353 302496 656467 420667 244086 345695 461751 381920 456610 777501 294595 204475 405904 427656 287914
945115 398144 999999999 716412 482606 378913 866253 112834 844929 467655 688538 672812 312455 210777 592952 835134 349217 409358 288036 99405 925488 484810 624829 727637 431977 584483 104796 156671 219302 518674 955822 256241 175945 351696 249156 310043 527729 959975 697102 315907 701665 389103 410494 981531 251367 433253 383360 406427 499568 508257 495269 394976 86401 715139 271799 372192 424378 180428 240677 601662 359599 601040 341430 563803 245545 161422 501152 715361 254363 189203 156419 608568 431794 446826 413105 525671 94040 590500 107077 712343 464205 310503 192149 218812 546971 287692 426890 788032 109330 269670 119221 387788 29881 260659 527002 103551 469057 556898 45438 237430
717070 443585 716412 999999999 849310 431461 676670 827876 599524 254782 238400 223671 544284 783441 908146 614186 790389 615353 518173 755334 681497 442478 140875 190644 294185 818048 737194 832558 617263 761053 751846 471784 877721 863271 469001 835823 197211 766091 303149 677210 368114 904205 787656 754772 885645 287866 650814 413666 466116 337064 989501 881786 785860 382715 459145 854294 1005012 884486 509369 142771 401367 159835 848580 784034 566815 653620 1063617 300859 815706 819308 602972 690954 295427 462803 820300 758117 723435 1103507 710290 227412 435563 938791 688358 531418 335200 904030 302839 303380 669633 447458 725292 901576 688730 871968 812386 633184 260203 215054 721348 486797
647160 769823 482606 849310 999999999 739786 572928 480957 597909 691629 951409 930553 329416 280925 110512 576357 831496 233965 690530 578235 644402 859092 835501 744736 590379 142413 379609 390038 670728 125506 639525 591201 440907 830983 513252 195509 735283 636267 644769 206237 604229 164568 78305 671409 321166 605656 841342 439695 396636 827920 171661 132607 542786 606369 479761 853505 266878 584337 618537 805707 688552 819152 167277 146926 349284 626463 278190 662218 733428 659215 397720 272029 587705 831125 69930 134347 388687 270968 376164 707808 415959 314179 299841 608845 527239 294764 578464 732290 388698 530416 601735 864416 471380 725124 82702 544489 706895 634339 437489 482974
946695 31771 378913 431461 739786 999999999 879438 486326 825941 199100 323401 311449 425331 540335 836965 827779 358937 552393 100720 373875 916751 119517 301834 532371 266366 784446 450148 531107 202845 712711 970970 150087 554608 432640 227394 628763 241454 980754 568887 533606 608082 711648 661941 987158 616142 251186 226605 389268 514943 133891 817203 704044 418485 625709 267105 422858 778288 507010 140324 290278 61274 278265 654444 753265 390970 254760 851869 581269 393809 414271 354109 728770 269038 93393 682058 715345 434191 926162 431132 539700 463300 676340 463934 160653 463294 647676 273473 633426 395366 212798 334826 470392 361096 455259 746518 275722 183848 380927 406276 257313
79717 909191 866253 676670 572928 879438 999999999 929203 82031 709981 891951 872223 555091 752288 538499 62726 1150745 467357 898246 959694 71625 969014 760500 489234 615541 441827 799691 864793 945309 450022 92667 785960 925487 1188163 708627 718549 709047 101346 374161 581073 310606 727159 576841 115394 840435 632339 1080508 504364 381486 882792 740603 693200 951209 294812 660795 1198073 837673 1031795 836234 737381 818863 760458 704000 427284 622187 935171 849605 375869 1099607 1051040 713026 303750 612629 963229 606724 440608 797693 819972 778541 449724 429389 857919 695781 843519 419556 828831 607153 392130 759271 707022 959482 1228885 839951 1122658 491263 860686 730664 532939 834691 692902
1008833 503310 112834 827876 480957 486326 929203 999999999 916066 580249 799957 784567 388382 201595 590111 903894 386614 462606 391387 137057 992150 587063 737660 831442 540723 601418 129658 94286 309185 542664 1015932 368851 75071 364072 359299 289060 640306 1018561 792836 354003 791787 355361 418780 1043410 189453 543050 457694 499172 578643 617608 453905 370555 84751 804141 377365 391171 360548 106317 350630 714426 470781 713874 320378 586293 325186 248023 436666 811485 270484 189511 246026 652585 540340 548077 411741 550848 133544 534772 152753 813753 549245 240187 233556 328127 641368 228017 534929 885517 181708 380487 177925 392452 139239 247945 539673 211525 581854 662408 110939 344798
122936 854825 844929 599524 597909 825941 82031 916066 999999999 648938 819159 799831 532571 749472 577618 25927 1112842 461093 852154 935049 90909 910044 688933 410631 559904 476414 786553 858208 906199 472577 153848 742378 918978 1154943 668977 726328 643393 167262 298962 577263 237646 744087 591158 163268 843212 575905 1033679 463778 348134 820210 768728 710366 930943 220860 622255 1162871 857221 1015988 793492 666939 766244 690279 715092 456887 599384 900890 876095 298923 1069345 1025685 689299 326081 557139 906727 623330 463592 782950 855589 763685 372125 391488 866149 684654 802646 362708 835265 552472 310856 740710 665032 931348 1196076 817412 1096722 518938 829937 669416 467156 816602 656107
771563 221261 467655 254782 691629 199100 709981 580249 648938 999999999 260371 239897 362818 563913 772581 654075 550275 470229 270464 501051 739621 261905 161049 333331 109275 700242 501414 595194 365581 632551 799050 217540 635253 618250 227980 632304 60082 810226 375483 494514 420593 709047 619381 812050 659736 91351 425595 268263 377506 173513 805712 692489 533223 438417 232951 612546 798000 631246 254789 135236 154160 138972 650971 666509 360952 399213 864035 386438 564148 564719 372509 610722 112425 263389 647240 632627 486547 919900 475895 341148 328787 716595 471628 276686 291241 683244 121122 435208 435000 205266 470531 657902 441268 618644 676343 379897 20760 187275 477559 251662
940098 318011 688538 238400 951409 323401 891951 799957 819159 260371 999999999 21440 623073 814948 1029729 830786 653278 726845 424113 695731 905194 271717 133192 422250 362445 952995 741656 831390 525867 887319 972965 434146 863497 734014 474265 888860 218244 986362 520555 754834 581876 967129 879653 979078 905359 346319 498221 520303 614093 190524 1065234 951658 738061 598362 488743 717553 1052159 829278 449826 160063 329181 139929 908864 918881 619701 577865 1120239 522724 710664 737154 621093 850091 365302 305702 907611 886689 726021 1179171 718199 453427 570447 963990 725459 472717 501176 931927 374546 537657 678257 451915 657622 767330 666300 774439 933033 588889 246899 370908 708124 501672
921004 307893 672812 223671 930553 311449 872223 784567 799831 239897 21440 999999999 602413 796317 1008543 811202 647058 705661 411984 682273 886191 267146 112533 405007 341303 931628 724190 814448 514265 866022 953666 417700 847391 727177 455715 869447 196945 966978 501477 734411 562393 947439 858983 960098 887449 325272 493188 498994 592674 180192 1045188 931707 723864 578983 469228 711515 1033179 815891 435032 138936 314057 118564 889204 897508 599794 565191 1100935 504020 701219 725686 602587 828679 344145 299517 887088 865366 708614 1159208 700489 435347 549007 945900 706402 458038 480054 913661 353394 520629 660395 433269 644652 761155 650152 764479 911826 573860 226887 349933 691557 482828
633497 456707 312455 544284 329416 425331 555091 388382 532571 362818 623073 602413 999999999 259190 416670 522698 609576 128870 397472 404613 613215 542182 511314 483842 265289 359118 261339 345715 412664 287401 645632 285525 404199 638131 200500 293390 408945 650577 419390 134448 408642 359946 256580 670483 365107 279253 570839 136383 190267 501128 448613 338348 398375 419611 158260 650968 462326 484831 325227 481808 369187 493508 304448 328152 67143 390004 519341 438494 546723 495951 157937 322617 262876 518637 285112 290038 255060 563200 236038 456676 164297 409872 170526 323449 270037 374566 253812 514192 208998 212649 405474 678091 285343 567591 323219 310418 377653 336750 284772 173008
831844 565899 210777 783441 280925 540335 752288 201595 749472 563913 814948 796317 259190 999999999 390993 734317 558186 288420 466719 300907 818740 656801 724170 741712 490357 400148 106337 116784 420437 343340 835082 393882 175614 551789 340687 99343 620039 836198 677660 172230 662344 180219 217209 864108 105980 499236 589600 393294 435720 654943 287534 184207 262458 671739 331481 575496 239071 306964 402528 696655 503091 702779 130653 386173 218197 367557 311581 696777 454569 378811 193971 462521 488824 622413 211186 351857 119374 389555 114147 715614 420384 155365 95128 386059 529171 120643 480995 772531 145278 363056 328785 584276 207185 444204 338138 292989 572555 587120 165685 313659
606479 867610 592952 908146 110512 836965 538499 590111 577618 772581 1029729 1008543 416670 390993 999999999 553747 941658 302884 793192 688742 609667 955585 908575 785179 667307 104015 490110 498245 778064 147140 592789 690277 547137 941483 609576 302355 811749 587033 675850 305926 627283 256374 184633 625256 423999 683696 948221 510452 443547 917749 218807 229335 653130 626287 572586 964009 339007 692589 720608 878755 783448 894016 272373 132478 446400 735210 326746 691840 843934 769559 502603 261091 664435 929336 180405 150649 499092 282034 486344 745659 473128 409075 408457 712227 576325 394288 655196 756782 497657 625196 712021 974831 581260 835147 96926 652724 789186 694051 547895 579702
119005 857056 835134 614186 576357 827779 62726 903894 25927 654075 830786 811202 522698 734317 553747 999999999 1108746 446307 850975 926369 91896 914362 699759 426527 562434 453067 774262 844163 902420 451259 145084 740133 904962 1149225 665172 708535 650851 156977 312003 562111 248990 724290 571721 159398 826736 578815 1032897 459952 341253 826206 746778 690485 920894 232876 617978 1157842 836978 1004662 790975 677079 767665 700273 696529 434290 589734 895389 854516 313338 1062582 1017293 680081 304332 559600 909924 603458 442173 771119 832436 751865 387118 386437 848385 671667 799434 365411 817898 554567 329949 729962 662096 923793 1190235 807968 1088556 496784 823169 674668 474526 805795 651246
1225768 348785 349217 790389 831496 358937 1150745 386614 1112842 550275 653278 647058 609576 558186 941658 1108746 999999999 728998 281625 258578 1200597 382303 658601 879711 585600 927175 453548 476499 206873 858661 1243205 375299 457676 83096 443876 656563 598679 1250065 895653 653856 922433 732253 758226 1264874 574960 575735 157880 649077 769274 470575 835585 741466 304690 938985 490771 64656 747161 325662 323751 648824 396135 635635 688309 903835 546980 219697 823208 910709 122945 202660 461952 929618 587333 347652 762174 864815 443252 921076 455336 880789 722386 626769 535732 311482 765292 613578 587998 971601 446836 448958 230010 114097 360751 178930 872216 301687 538195 715799 394591 457881
547072 583950 409358 615353 233965 552393 467357 462606 461093 470229 726845 705661 128870 288420 302884 446307 728998 999999999 526245 507136 532055 667971 606423 517090 364431 233680 333593 398117 537225 163431 553347 414342 458909 751111 329152 277195 508896 555985 426489 116346 396359 318480 177598 581041 384636 380893 698313 208308 172070 620554 384018 288822 491231 402416 285597 766444 432072 566450 453846 576581 495000 591414 274311 201432 183041 509628 473733 444962 656727 598212 267738 201205 361554 645786 212500 164669 332873 495025 314022 482399 183168 414017 229080 451349 296886 380970 352317 518686 300090 340387 514810 789936 386023 669884 206261 427410 487251 400374 373270 301877
969683 112381 288036 518173 690530 100720 898246 391387 852154 270464 424113 411984 397472 466719 793192 850975 281625 526245 999999999 274145 941944 196776 395380 598095 306836 751589 369431 443519 102960 679610 990794 115075 461884 347786 199827 560296 322323 999255 617527 487281 648561 643596 612243 1009701 533295 295722 182307 395054 521167 234423 750674 639763 320177 665616 247410 342756 700732 406840 73004 380585 117159 371260 588100 722467 350227 154256 775949 631901 298510 314078 293801 715691 308818 159032 628281 683473 353754 856063 353766 599530 470748 593474 400205 82326 494718 566892 310446 690942 322135 194849 234482 387528 273893 357783 707540 184780 260146 435016 320155 224843
1038081 386001 99405 755334 578235 373875 959694 137057 935049 501051 695731 682273 404613 300907 688742 926369 258578 507136 274145 999999999 1017346 464053 649942 788323 485507 683319 198647 220122 180644 617916 1050026 283580 212031 253330 304686 398533 560290 1054656 769664 415309 779937 473675 507698 1075083 319285 483408 320806 485699 587601 507690 577268 483288 52786 794315 338016 275278 493224 133629 250805 629913 370699 625625 430346 663011 337508 121006 569962 787324 155724 91507 246679 707072 485905 424307 508408 624971 190514 665268 205376 777189 548858 373961 291442 227699 622482 357684 482504 857813 207956 321440 42542 288687 121160 163319 625271 124253 498407 616108 142150 301561
35869 945689 925488 681497 644402 916751 71625 992150 90909 739621 905194 886191 613215 818740 609667 91896 1200597 532055 941944 1017346 999999999 1000855 776023 491192 650778 513399 862497 930135 994220 521210 73408 831529 990913 1241079 756959 787765 733180 89169 384722 646920 325608 797972 647130 73926 908582 666807 1123684 551712 433050 910593 812223 764021 1011036 308358 709826 1249738 908842 1093710 882468 754738 856973 778187 773869 498882 680328 987268 921205 382847 1154257 1108390 770866 374604 648007 997635 677394 511825 859832 891309 840607 454566 478323 927356 759237 891118 453571 897855 643295 385084 819679 753695 1015251 1282074 898559 1179746 562826 914868 760065 557127 895411 743137
1032392 91146 484810 442478 859092 119517 969014 587063 910044 261905 271717 267146 542182 656801 955585 914362 382303 667971 196776 464053 1000855 999999999 301968 578424 354598 900939 563431 640056 283770 829455 1059040 269475 658333 463850 346181 746791 281810 1069795 635588 652871 682407 829861 781321 1072916 728540 337253 226510 494420 617290 105807 935795 822909 512855 700235 384065 446305 893596 593368 254344 302095 173049 282871 772929 869297 510050 343197 967911 645411 449079 487206 472918 838606 357627 39950 801571 831774 547571 1044079 545910 593710 565902 788791 582563 272059 549474 761287 363960 687942 511534 330531 422409 496182 470107 514766 864459 381482 241905 448488 516177 376295
810596 309859 624829 140875 835501 301834 760500 737660 688933 161049 133192 112533 511314 724170 908575 699759 658601 606423 395380 649942 776023 301968 999999999 302131 246081 828106 662315 755818 497445 764217 842772 370089 794734 734095 388930 789869 104405 855897 391502 645309 451303 864907 766458 849948 820690 232318 514462 398209 484473 197021 958870 846712 685969 468119 392725 723020 956761 782360 399293 29844 282242 24367 807206 793858 517320 540206 1021423 395156 693668 705539 533450 719974 248569 323777 796180 763007 647370 1073410 636898 328900 442723 877346 631193 422307 368557 843834 257719 417721 596019 366186 616158 771245 599368 753002 811653 532596 156176 237932 637053 412656
526850 553299 727637 190644 744736 532371 489234 831442 410631 333331 422250 405007 483842 741712 785179 426527 879711 517090 598095 788323 491192 578424 302131 999999999 304397 687266 720949 814441 684874 640058 562016 518905 867540 943361 483828 773025 297611 576465 122714 604099 187367 829769 694678 564302 847616 309655 758921 348424 348134 474936 901109 802632 807678 199504 455842 940479 939305 906413 566501 287927 485227 311127 779056 654686 526644 706625 988171 115287 879641 865619 588012 544818 303618 588830 729563 635282 709779 1011552 693366 42635 336278 893706 649110 584962 220920 858393 306233 115791 655659 467010 766563 983953 697957 927359 693827 664490 348936 172229 720574 490709
681159 294933 431977 294185 590379 266366 615541 540723 559904 109275 362445 341303 265289 490357 667307 562434 585600 364431 306836 485507 650778 354598 246081 304397 999999999 592421 443822 539271 384524 525576 706371 215765 586228 644187 183278 548355 144966 716646 310707 399465 343766 621156 520519 721671 591725 18225 482119 159551 269404 277791 713370 601826 508139 361168 165827 643904 716773 607411 265080 216527 207744 228860 563965 558532 276147 402650 778988 325288 576438 561322 309140 501597 3186 347704 550101 525297 430420 827960 416710 298417 219972 645535 395516 282162 197213 610996 12135 386810 376279 164452 462439 685281 403038 623056 570664 361308 128651 133106 431744 196060
512935 815821 584483 818048 142413 784446 441827 601418 476414 700242 952995 931628 359118 400148 104015 453067 927175 233680 751589 683319 513399 900939 828106 687266 592421 999999999 487451 515132 749542 72034 502468 642825 570029 936173 558825 328142 734856 498194 575483 273855 525219 306871 183492 534699 456577 609611 916585 433100 351941 853965 300376 274426 654168 523650 517351 956006 407501 707098 678603 798466 727890 815108 303342 34288 401476 712991 409967 591021 838815 769434 471537 157083 589410 877754 198690 69168 493461 379437 477954 647028 386788 454846 392804 673271 483636 433262 580303 654614 480689 571746 701050 971999 568104 838257 63630 629319 718021 605959 541254 530223
879295 473531 104796 737194 379609 450148 799691 129658 786553 501414 741656 724190 261339 106337 490110 774262 453548 333593 369431 198647 862497 563431 662315 720949 443822 487451 999999999 95452 315888 424378 886721 310085 146810 451709 273437 205678 560183 889547 673300 227916 668234 285902 309473 914026 166162 449328 484038 379719 451156 571764 392800 290474 166785 679902 278131 473899 331426 232913 310070 636505 419442 639624 236881 469038 201049 261705 407080 692192 354083 282127 135064 526315 442892 527465 309820 431979 15970 491572 27605 700025 424301 226260 104679 291390 521692 197858 436257 767122 67568 296151 223615 486019 101624 350875 428115 189835 506963 556249 59462 251491
944482 552111 156671 832558 390038 531107 864793 94286 858208 595194 831390 814448 345715 116784 498245 844163 476499 398117 443519 220122 930135 640056 755818 814441 539271 515132 95452 999999999 374902 459844 948946 397622 60801 457744 367456 196145 654304 950510 762815 283819 754357 261094 331661 977526 99192 544696 534392 470507 532481 657058 360534 276548 171813 765214 373558 484287 273445 194368 391065 730409 505660 732884 227071 502311 290354 315441 350335 781821 363131 282916 230429 578430 538344 602538 321637 468441 109219 445211 122725 792468 510001 155647 176817 370500 611611 137565 531701 857150 162999 390056 256782 486650 170195 342208 452458 258803 600030 650944 124911 346435
1019775 209685 219302 617263 670728 202845 945309 309185 906199 365581 525867 514265 412664 420437 778064 902420 206873 537225 102960 180644 994220 283770 497445 684874 384524 749542 315888 374902 999999999 678716 1037886 170218 383002 259683 237268 518642 420321 1045083 692362 476890 716836 600634 593685 1059062 470668 376414 170943 442533 563906 335538 707967 601975 230757 733204 284607 260926 643390 309889 119520 481676 216395 473225 548687 723229 354331 61176 720025 707989 198636 211427 278098 735201 385979 243919 604295 683853 301557 807293 306817 682427 516311 529671 371373 104978 559112 506870 385759 771299 284227 242116 138700 300854 214379 255643 699452 128129 357457 516805 259450 252770
525672 744044 518674 761053 125506 712711 450022 542664 472577 632551 887319 866022 287401 343340 147140 451259 858661 163431 679610 617916 521210 829455 764217 640058 525576 72034 424378 459844 678716 999999999 520362 570803 516917 869991 486871 282353 669079 518231 533475 204816 488291 278029 134187 551772 410532 542465 845217 367036 296550 783944 297011 244132 591050 488922 445661 889039 387652 648888 606631 734456 656413 750382 261919 45228 329567 643278 403574 550093 772936 705353 400975 147179 522619 805984 159206 9562 429281 391774 413005 601170 326327 416908 326528 601451 429364 391587 513441 617499 413152 499958 633972 906460 501036 775007 54151 559591 649936 547132 476316 458216
38568 1000542 955822 751846 639525 970970 92667 1015932 153848 799050 972965 953666 645632 835082 592789 145084 1243205 553347 990794 1050026 73408 1059040 842772 562016 706371 502468 886721 948946 1037886 520362 999999999 878604 1009436 1280071 801267 795795 795793 16044 452598 665217 391474 798344 651120 32485 919958 722963 1173034 597028 474008 971279 802823 764475 1040343 374707 753406 1290247 906198 1119335 928897 820680 910547 843989 779291 492605 712614 1027325 912432 451932 1191057 1141461 803480 377918 703496 1054046 679160 510812 885308 874532 866244 524526 522048 934155 782379 936173 509723 906296 698223 457512 848230 799688 1050608 1320715 929892 1213163 556900 952377 819662 619456 923345 785407
858467 179049 256241 471784 591201 150087 785960 368851 742378 217540 434146 417700 285525 393882 690277 740133 375299 414342 115075 283580 831529 269475 370089 518905 215765 642825 310085 397622 170218 570803 878604 999999999 429801 429558 85567 479867 277030 886702 522174 385391 547162 562463 513120 898265 475789 209251 296219 281759 407181 262071 667577 554202 316391 563687 132481 431049 632802 413905 51627 348303 109655 346041 504989 612781 243979 188066 705249 537886 360846 350749 204548 601272 217006 239976 532454 574145 294207 777191 288484 514182 357250 535487 314462 66416 390119 505185 216215 601932 250451 79946 254280 470849 232599 409314 601679 162857 215845 348759 273982 112707
1005166 573064 175945 877721 440907 554608 925487 75071 918978 635253 863497 847391 404199 175614 547137 904962 457676 458909 461884 212031 990913 658333 794734 867540 586228 570029 146810 60801 383002 516917 1009436 429801 999999999 429128 409440 245418 694975 1010891 819476 344447 812644 300862 386712 1038103 128190 590428 532750 526233 592020 684188 393068 320724 159491 823800 420568 457704 291509 150706 416610 770322 535031 771338 274774 558674 346757 321949 366510 838417 338762 257026 280171 638078 585511 619709 373981 525682 157827 466908 174301 846831 568295 171171 236670 394740 667976 165084 579324 913507 212190 431590 252992 454419 197240 308161 506866 278897 638558 701931 157713 391027
1264694 425267 351696 863271 830983 432640 1188163 364072 1154943 618250 734014 727177 638131 551789 941483 1149225 83096 751111 347786 253330 1241079 463850 734095 943361 644187 936173 451709 457744 259683 869991 1280071 429558 429128 999999999 489506 647339 669202 1286063 951642 666163 974332 718329 760999 1303112 553110 635828 240763 692447 808076 549349 817976 731155 289783 990395 534179 32501 720580 285042 379196 722851 464571 710741 679161 915176 572868 254114 795032 967438 97634 174865 483915 952277 645656 428350 761080 876810 443844 896035 458480 941871 763462 600296 543588 363520 815865 591491 645424 1030978 457391 497759 236972 41464 369268 124956 878510 328095 607574 776276 395404 499323
782664 258179 249156 469001 513252 227394 708627 359299 668977 227980 474265 455715 200500 340687 609576 665172 443876 329152 199827 304686 756959 346181 388930 483828 183278 558825 273437 367456 237268 486871 801267 85567 409440 489506 999999999 417890 286859 808766 469096 307040 486273 498607 435781 822057 432985 184100 378933 205264 327692 320932 601095 486945 325022 501930 48440 495132 578417 424241 130356 363084 175528 366383 440368 528363 163985 236763 647865 486126 410858 385007 146873 515921 183282 320037 457445 489943 258619 713042 247985 472658 279306 490747 252555 135047 327402 458131 178997 554829 207146 22774 285448 530944 220615 450477 519368 181545 234067 311708 252444 30388
796919 655648 310043 835823 195509 628763 718549 289060 726328 632304 888860 869447 293390 99343 302355 708535 656563 277195 560296 398533 787765 746791 789869 773025 548355 328142 205678 196145 518642 282353 795795 479867 245418 647339 417890 999999999 685524 795124 695605 170189 671223 83311 148224 826251 128695 559550 688341 429170 443462 737546 190516 85001 357569 678284 400245 671954 169214 390348 493636 761328 587435 769739 31851 320699 272717 466582 231732 714530 550662 473167 275527 417938 546406 713674 129778 291680 218490 297402 211826 742842 439614 139850 165945 478639 553893 110501 537895 789649 238472 439271 427646 678561 306231 536128 264525 390760 643108 630136 265019 388850
766317 258754 527729 197211 735283 241454 709047 640306 643393 60082 218244 196945 408945 620039 811749 650851 598679 508896 322323 560290 733180 281810 104405 297611 144966 734856 560183 654304 420321 669079 795793 277030 694975 669202 286859 685524 999999999 807797 357341 542442 409004 760839 664958 806537 717201 129805 466761 302059 399702 181197 855494 743011 593054 426704 288558 661852 852356 690907 312537 76686 205176 84728 703055 700775 413056 456575 917119 365774 618895 622353 430041 635548 147707 291243 694053 668450 545456 969966 534406 311915 354134 773529 526875 334816 297355 739877 156965 406132 493462 264250 529103 708215 501291 674780 714983 439641 62992 176337 537317 309503
54600 1010472 959975 766091 636267 980754 101346 1018561 167262 810226 986362 966978 650577 836198 587033 156977 1250065 555985 999255 1054656 89169 1069795 855897 576465 716646 498194 889547 950510 1045083 518231 16044 886702 1010891 1286063 808766 795124 807797 999999999 466219 666982 404626 796002 649767 41621 919900 733363 1181543 604983 481206 982711 798373 762190 1044208 388005 760777 1296594 903099 1122318 936810 833582 920199 856844 778068 489369 717438 1033677 908013 465894 1196571 1146132 808279 377216 713747 1064349 677277 508671 888417 868448 869406 538711 529764 933082 785064 943754 520337 905605 708342 472575 852065 807585 1055855 1326611 934292 1217882 553577 958180 830870 631482 926977 792444
419547 594292 697102 303149 644769 568887 374161 792836 298962 375483 520555 501477 419390 677660 675850 312003 895653 426489 617527 769664 384722 635588 391502 122714 310707 575483 673300 762815 692362 533475 452598 522174 819476 951642 469096 695605 357341 466219 999999999 525472 65423 744568 601839 458637 783113 322276 790850 293916 254480 538263 807313 715299 781283 79579 431752 952954 857186 877512 573038 371005 514169 394579 697616 543920 472743 703749 900122 19118 878578 853371 546892 428165 308781 638872 637235 527870 664147 914748 646280 80197 257774 824093 589720 588124 151661 789153 307704 94872 611942 456809 753939 992977 667265 919555 587617 649346 394584 188509 682680 468303
660738 563745 315907 677210 206237 533606 581073 354003 577263 494514 754834 734411 134448 172230 305926 562111 653856 116346 487281 415309 646920 652871 645309 604099 399465 273855 227916 283819 476890 204816 665217 385391 344447 666163 307040 170189 542442 666982 525472 999999999 502438 227997 128874 693712 269017 413035 645464 264841 274251 623310 314166 204579 392160 510170 274757 684640 335242 459562 414683 615891 482423 627126 175091 250014 143126 439149 387675 544417 569480 504264 198959 298700 397105 625162 153278 211133 230181 428753 212565 573162 269572 301737 124861 406508 384220 267747 388086 619626 208812 324460 429654 703189 296905 574916 222659 355489 508325 466889 275161 276746
359708 635036 701665 368114 604229 608082 310606 791787 237646 420593 581876 562393 408642 662344 627283 248990 922433 396359 648561 779937 325608 682407 451303 187367 343766 525219 668234 754357 716836 488291 391474 547162 812644 974332 486273 671223 409004 404626 65423 502438 999999999 714342 567267 399425 766460 357524 825805 295302 228233 588329 770460 683779 787231 17828 445010 977695 828349 881238 598683 429370 550991 452754 670433 494823 467400 722957 866927 73085 897086 866298 547690 373860 341430 682842 602703 481993 660406 875162 641908 145171 244374 803823 578576 611892 158888 769397 338753 129505 610079 476638 767577 1015791 672119 934309 542311 662905 440503 234372 683236 481437
803472 738715 389103 904205 164568 711648 727159 355361 744087 709047 967129 947439 359946 180219 256374 724290 732253 318480 643596 473675 797972 829861 864907 829769 621156 306871 285902 261094 600634 278029 798344 562463 300862 718329 498607 83311 760839 796002 744568 227997 714342 999999999 153390 829797 173237 633293 769755 492779 490128 819013 107481 33959 429766 719678 478504 744198 114915 450810 576891 836003 669539 845394 58343 308249 348122 547563 159691 763161 622792 543481 357943 423416 619037 796893 120842 287567 299472 214826 294010 797302 493630 152721 248066 561949 608998 139820 610288 837131 321687 519607 505016 747724 387256 603171 245458 473030 720665 694824 344694 469167
654172 691862 410494 787656 78305 661941 576841 418780 591158 619381 879653 858983 256580 217209 184633 571721 758226 177598 612243 507698 647130 781321 766458 694678 520519 183492 309473 331661 593685 134187 651120 513120 386712 760999 435781 148224 664958 649767 601839 128874 567267 153390 999999999 682057 276648 535153 764070 374739 348423 751917 206442 120172 475070 571486 403413 782510 267830 524093 540232 736778 611233 749301 128376 172977 271967 550595 299721 620005 663367 591186 319630 273656 517962 753080 35457 143563 317243 317825 303471 659742 360158 283517 223882 530598 474426 257485 508778 692575 313147 453332 529128 795490 397508 658715 120956 468101 634006 573621 365897 405450
40535 1016388 981531 754772 671409 987158 115394 1043410 163268 812050 979078 960098 670483 864108 625256 159398 1264874 581041 1009701 1075083 73926 1072916 849948 564302 721671 534699 914026 977526 1059062 551772 32485 898265 1038103 1303112 822057 826251 806537 41621 458637 693712 399425 829797 682057 999999999 949940 737949 1191767 617215 495710 983470 835070 795904 1066385 382220 774456 1312735 937986 1146396 948866 828631 927062 852071 810114 524511 737575 1049891 944665 456627 1214838 1166433 828418 408593 718853 1069009 710394 542231 912298 907013 893181 528084 542775 964855 809878 956732 524537 936743 713891 456822 874379 819771 1074817 1343893 955296 1238052 588824 975816 832557 630359 949709 806999
919431 639089 251367 885645 321166 616142 840435 189453 843212 659736 905359 887449 365107 105980 423999 826736 574960 384636 533295 319285 908582 728540 820690 847616 591725 456577 166162 99192 470668 410532 919958 475789 128190 553110 432985 128695 717201 919900 783113 269017 766460 173237 276648 949940 999999999 599639 632534 499218 538988 737709 265639 195239 270398 775409 429602 580549 174414 278803 475930 793876 585316 798654 154040 449357 322983 412200 251360 802228 459935 378878 287240 542927 590354 692009 257927 419781 182130 346243 187541 821593 525567 60257 199465 456784 635015 38629 582814 877977 227107 455721 355840 580237 260020 434427 392947 350122 666916 692015 213623 408078
697424 279241 433253 287866 605656 251186 632339 543050 575905 91351 346319 325272 279253 499236 683696 578815 575735 380893 295722 483408 666807 337253 232318 309655 18225 609611 449328 544696 376414 542465 722963 209251 590428 635828 184100 559550 129805 733363 322276 413035 357524 633293 535153 737949 599639 999999999 469088 177054 287629 259616 726566 614569 507772 375045 171340 634734 727547 607079 257354 203031 193468 214261 575853 575777 286914 397051 790616 336297 570039 557408 315260 519720 21411 331117 564327 542305 435593 841117 422446 306045 238173 654138 404719 275373 213416 619798 29791 395898 381768 164035 458994 676774 404665 618014 587154 359167 110538 140456 434918 199439
1151691 208353 383360 650814 841342 226605 1080508 457694 1033679 425595 498221 493188 570839 589600 948221 1032897 157880 698313 182307 320806 1123684 226510 514462 758921 482119 916585 484038 534392 170943 845217 1173034 296219 532750 240763 378933 688341 466761 1181543 790850 645464 825805 769755 764070 1191767 632534 469088 999999999 577292 703231 320736 876822 772125 373542 843128 427213 220757 806682 428537 248601 508063 276894 492583 718703 889264 517232 222448 883616 804139 246909 306739 446562 892344 484405 194363 775155 849926 470283 973845 476673 765431 652963 690032 542243 247510 674443 669846 487124 858756 455136 376144 279939 270713 382514 312978 868103 298806 410413 604442 426070 401321
577664 420658 406427 413666 439695 389268 504364 499172 463778 268263 520303 498994 136383 393294 510452 459952 649077 208308 395054 485699 551712 494420 398209 348424 159551 433100 379719 470507 442533 367036 597028 281759 526233 692447 205264 429170 302059 604983 293916 264841 295302 492779 374739 617215 499218 177054 577292 999999999 126700 430440 575855 469024 491929 309082 158578 699449 597675 586260 331870 368374 328115 383618 438680 399132 180256 438408 652470 312705 609630 573401 253550 346222 156497 479783 406880 366404 370301 689845 352565 323111 75716 545639 301161 339562 142280 510313 147479 387428 318044 202661 475690 733753 376840 642608 413552 371736 286852 202050 389428 193150
456873 546135 499568 466116 396636 514943 381486 578643 348134 377506 614093 592674 190267 435720 443547 341253 769274 172070 521167 587601 433050 617290 484473 348134 269404 351941 451156 532481 563906 296550 474008 407181 592020 808076 327692 443462 399702 481206 254480 274251 228233 490128 348423 495710 538988 287629 703231 126700 999999999 546915 554620 460835 585932 236492 279599 817145 603042 674493 456519 455501 453686 474268 443918 317919 255109 554426 645798 273034 721429 677909 343210 236065 266219 604487 383682 292962 445265 663937 426193 311834 51649 575601 355678 462735 132819 541219 258290 347213 398837 327482 583219 849040 471358 748772 349233 481997 397519 254878 474346 311416
943063 127721 508257 337064 827920 133891 882792 617608 820210 173513 190524 180192 501128 654943 917749 826206 470575 620554 234423 507690 910593 105807 197021 474936 277791 853965 571764 657058 335538 783944 971279 262071 684188 549349 320932 737546 181197 982711 538263 623310 588329 819013 751917 983470 737709 259616 320736 430440 546915 999999999 922006 807869 551757 606115 348553 535223 894014 640892 267580 196290 152429 177285 760896 821066 481143 388611 965576 546947 521036 546703 462683 776497 280966 127433 775809 785154 555835 1033678 550536 492136 496796 797499 571625 289650 464655 767249 288673 585991 512421 300910 468714 584464 488384 584331 823536 406162 152755 354088 532309 350922
812990 844671 495269 989501 171661 817203 740603 453905 768728 805712 1065234 1045188 448613 287534 218807 746778 835585 384018 750674 577268 812223 935795 958870 901109 713370 300376 392800 360534 707967 297011 802823 667577 393068 817976 601095 190516 855494 798373 807313 314166 770460 107481 206442 835070 265639 726566 876822 575855 554620 922006 999999999 114191 531599 773649 578043 844798 127540 543695 683456 929580 773710 940221 162916 313471 445697 654500 109643 825295 723663 643291 463110 442647 711060 903272 171618 305678 406608 114599 401453 866139 566174 227657 353275 668873 680743 228000 702086 897105 428987 621533 609958 845748 494317 700052 250080 580457 818345 776837 451247 571246
769522 731847 394976 881786 132607 704044 693200 370555 710366 692489 951658 931707 338348 184207 229335 690485 741466 288822 639763 483288 764021 822909 846712 802632 601826 274426 290474 276548 601975 244132 764475 554202 320724 731155 486945 85001 743011 762190 715299 204579 683779 33959 120172 795904 195239 614569 772125 469024 460835 807869 114191 999999999 441554 688764 464020 756157 147658 469137 571516 817572 659853 827707 53607 274849 331965 550789 185555 733784 634780 556645 349994 389459 599600 790898 87039 253674 302993 227515 295470 769486 466356 181948 240493 557651 581718 164995 590721 807390 319648 507346 512645 761757 390569 618376 212466 473892 704823 670950 349878 457069
1030248 432526 86401 785860 542786 418485 951209 84751 930943 533223 738061 723864 398375 262458 653130 920894 304690 491231 320177 52786 1011036 512855 685969 807678 508139 654168 166785 171813 230757 591050 1040343 316391 159491 289783 325022 357569 593054 1044208 781283 392160 787231 429766 475070 1066385 270398 507772 373542 491929 585932 551757 531599 441554 999999999 800880 352677 314654 443463 99308 289358 664658 410401 661786 389399 635777 331633 170013 519958 799385 193244 116431 242818 688548 508232 473317 472870 598569 162198 616630 179608 793990 550528 323576 267312 266201 631793 308989 504012 871453 192143 343884 94780 321820 115325 184098 594482 153535 532231 636026 118025 317143
342613 652728 715139 382715 606369 625709 294812 804141 220860 438417 598362 578983 419611 671739 626287 232876 938985 402416 665616 794315 308358 700235 468119 199504 361168 523650 679902 765214 733204 488922 374707 563687 823800 990395 501930 678284 426704 388005 79579 510170 17828 719678 571486 382220 775409 375045 843128 309082 236492 606115 773649 688764 800880 999999999 460195 994003 833975 894430 615242 446437 568506 469859 676715 493826 479343 738676 871204 84246 912630 881044 560667 370732 358808 700632 606871 482365 672352 877328 653750 157881 255633 811826 589064 628237 174589 777566 356024 131764 622461 492642 782485 1031857 685672 949301 542780 677875 458331 252185 695996 496545
735180 298541 271799 459145 479761 267105 660795 377365 622255 232951 488743 469228 158260 331481 572586 617978 490771 285597 247410 338016 709826 384065 392725 455842 165827 517351 278131 373558 284607 445661 753406 132481 420568 534179 48440 400245 288558 760777 431752 274757 445010 478504 403413 774456 429602 171340 427213 158578 279599 348553 578043 464020 352677 460195 999999999 540880 565123 450922 178707 365183 211212 371532 420200 486186 133158 280370 631840 449333 452982 422041 143944 468983 165013 360449 427409 448242 264614 691377 251151 441313 231711 485243 238686 183306 286346 451415 158760 519965 210565 54879 322892 575538 242150 489393 480551 218148 242949 285364 267287 36590
1274016 413271 372192 854294 853505 422858 1198073 391171 1162871 612546 717553 711515 650968 575496 964009 1157842 64656 766444 342756 275278 1249738 446305 723020 940479 643904 956006 473899 484287 260926 889039 1290247 431049 457704 32501 495132 671954 661852 1296594 952954 684640 977695 744198 782510 1312735 580549 634734 220757 699449 817145 535223 844798 756157 314654 994003 540880 999999999 749205 315369 379937 712963 458414 699985 703803 934262 586546 262925 824022 968377 121425 201673 498742 967629 645514 412039 783686 895655 465316 924487 479260 940457 771533 628768 563203 365811 819749 619043 645748 1030541 475909 501993 255068 49957 388031 156297 899111 340584 600954 775099 416615 506767
