NAME : synthetic_000649
TYPE : CTSP-D
DIMENSION : 100
GROUPS : 8
RELAXATION_LEVEL : 1
EDGE_WEIGHT_TYPE : EXPLICIT
EDGE_WEIGHT_FORMAT : FULL_MATRIX
EDGE_WEIGHT_SECTION
999999999 657433 936481 912746 329601 246324 917872 766308 393535 778969 923562 427882 834877 209039 441946 648458 446055 724921 1006134 826574 414415 794176 381841 269487 1165514 249756 664202 805492 773129 212456 116005 75088 814887 326958 860099 1037989 972924 1099632 1141389 813477 945773 657513 702673 433463 710443 947481 779420 824301 1041700 130556 572730 941176 805690 1053420 744386 529188 928600 909010 655414 622856 594687 164685 801286 1104013 971846 78506 154250 440024 341047 481773 348946 798934 249160 636300 387737 635137 902647 1060392 660140 846974 35979 991533 205746 690583 927595 1102182 917001 50796 442659 575358 468654 771246 652226 940896 412946 171417 648116 940886 541063 346072
657433 999999999 339943 576856 379491 554726 267561 593014 265847 128756 269363 601055 213261 448403 341970 216756 376667 392203 681836 887684 345112 234921 436134 493991 595304 532022 126593 224746 438593 461112 624609 656531 841128 406169 631885 455980 337182 593389 584384 202364 518860 334651 234864 386618 666800 325398 378026 193940 650244 529323 551286 673672 402182 492803 87154 265396 271239 533547 66129 722335 273512 518580 239281 615926 480623 585404 630097 371793 441586 221631 322455 156794 571237 360340 552377 279336 658753 470629 257884 255711 677609 516533 479455 416876 447810 493999 312827 615054 227134 209327 626296 456666 547385 385665 364434 658873 106489 344085 118254 335573
936481 339943 999999999 828607 706097 880292 302423 897785 554395 225161 181204 940674 372323 736139 681396 295565 535919 686699 920627 1212644 682784 460299 773836 820589 662665 857384 438689 131652 720854 766664 929219 952712 1163368 735742 915744 548089 378209 731262 671178 387749 734923 647305 245585 550072 989726 406893 647774 352294 859502 819112 885680 937705 663510 600818 277011 603959 223452 775196 303806 1058134 367442 777897 459280 764626 661338 874404 941915 711494 639257 558944 588279 324391 897488 679409 890973 597650 933543 546143 567951 431574 948574 699944 788568 724453 647535 530564 28684 902221 498959 364388 966238 742291 871592 80804 702672 972967 295932 461508 423344 656849
912746 576856 828607 999999999 601181 679557 542651 201376 677799 624528 659194 550863 456365 760569 484912 792525 887012 209311 107777 507370 514276 370851 530923 644011 418294 669149 451682 764055 154353 717432 813942 863313 452999 592738 132824 384406 499016 281978 381572 441369 122215 285797 810700 891178 336089 455775 199166 476425 133610 801135 381219 111953 174815 348395 581876 431161 621932 56944 642983 482332 839002 863083 370872 261344 216912 837973 789736 478060 899503 519186 740007 507525 684226 290511 557100 334848 123141 407586 336236 398064 946998 195151 714577 226245 202047 465848 800981 862328 690329 769708 533189 147424 295690 901105 508894 798335 683066 398396 617047 612728
329601 379491 706097 601181 999999999 175395 616135 487110 181702 508241 646512 271946 522422 160424 116843 464150 384873 402376 701485 657819 87691 470730 110263 114884 836666 152606 350288 577592 453632 119468 260718 302155 626922 33380 572096 711213 660451 770771 812042 499146 621139 331268 514615 381105 476863 630648 452207 515532 724836 205141 326294 647490 479204 724659 463790 199714 642185 590123 402553 453795 448775 262904 477878 776294 642754 251139 257393 125144 343855 167003 204564 497058 192165 314285 213146 305683 613147 734298 330665 526310 360157 663482 124057 375008 598578 778586 681383 279467 236474 395644 310629 455057 382965 734233 92868 283421 412857 618131 282916 53367
246324 554726 880292 679557 175395 999999999 784970 522413 339064 683480 820860 187162 686899 211786 247651 627939 504210 506508 768002 595976 228288 625622 159323 60799 973201 22910 516780 750916 549455 147269 136258 185943 578373 149471 617318 856249 823353 890235 945327 662682 726284 448304 680291 496557 464659 790525 568852 682230 811311 179947 326794 699339 592579 862763 638492 347305 815133 682165 577248 387632 601666 280540 632689 889901 765360 185570 110370 232623 431347 338489 336977 666976 17620 420302 141784 440191 659919 880693 471536 683790 282283 779838 122947 465086 721278 929147 855939 200514 396946 556340 230014 544174 407868 905696 216620 124110 585681 771681 456977 223466
917872 267561 302423 542651 616135 784970 999999999 645918 531239 181554 121923 785319 109083 709522 544623 415072 629327 439010 627255 977665 558592 201234 642982 725050 378255 763395 268467 289730 459385 713689 873500 909826 924931 636661 644879 251018 86017 430319 380064 134105 439440 424914 397813 640900 758009 105111 383650 105246 559975 787998 685150 654193 392182 302054 187922 446821 80994 486912 297082 855066 492251 784824 196880 462929 360648 843336 873391 568474 705079 449140 589741 119565 799869 462381 748057 390873 656098 253808 355048 151173 940132 398931 729093 487124 350884 254227 278109 873214 494693 444949 799537 481873 647740 381788 573596 899433 327625 159182 385299 581120
766308 593014 897785 201376 487110 522413 645918 999999999 609655 676217 748348 368652 542707 645582 382028 792923 830935 211431 258306 336041 409111 447898 393851 499009 607927 516664 470024 808272 187347 591618 658622 708254 281859 469342 96455 548669 625174 478779 571949 521215 306022 258364 823267 831952 136753 580539 262677 556998 328768 669149 199609 179668 258661 523359 626484 369991 717559 237434 655811 280995 821894 746493 451077 461166 390760 696900 629344 363790 819287 460730 662931 576348 523483 235829 387178 314105 138627 574133 336191 494908 801893 380330 582929 176345 360593 633446 869135 717689 638124 752792 344254 164877 114645 961088 396634 632544 691476 529569 593818 514065
393535 265847 554395 677799 181702 339064 531239 609655 999999999 385440 530060 452949 459409 185609 235888 288936 222046 468488 784569 825610 215299 440340 284686 284159 821873 316796 300224 422866 523446 212666 374854 400192 790187 215077 681344 685670 594011 786489 803885 441180 665087 392049 341661 222385 628876 574544 495333 445169 785652 268379 482620 746917 523937 711807 352099 248275 536102 652366 262573 627198 267287 253656 446943 800285 660528 324554 388273 262606 222615 158619 66474 414757 356684 392590 394502 344913 718756 704882 352748 483895 412285 689331 235362 461103 619187 738413 532435 353607 58007 217427 490444 532303 521093 571495 234385 419864 259491 579057 148090 128942
778969 128756 225161 624528 508241 683480 181554 676217 385440 999999999 144682 724380 185107 570571 466598 233816 451963 466363 723170 987731 471753 254605 562440 622741 551414 660777 213536 139773 504358 587441 751368 781850 938753 534846 700512 416448 265313 580581 548262 190444 544558 423035 221029 464125 764894 270262 434119 161517 674737 652641 661236 729913 453040 462393 51976 382893 155881 574461 127034 833942 310701 633596 255543 608896 485779 708879 757936 495571 534367 349107 435897 121945 699978 454530 677552 372636 721636 424611 343549 244341 797256 524267 606508 501436 462276 433275 196664 738270 339389 265403 747454 525013 646557 284878 490541 787021 150009 308587 238423 463901
923562 269363 181204 659194 646512 820860 121923 748348 530060 144682 999999999 846960 206882 715026 594000 349668 584195 537747 746823 1074503 602663 300904 691859 760073 486527 798388 322346 194514 564750 730362 893962 925430 1023004 671489 755458 367562 197726 550105 492705 227221 559543 511403 319367 597111 852412 225774 489511 191351 681505 796901 765370 770014 501529 419993 183013 502807 42332 604262 270663 937829 429822 777974 298308 583422 482396 853118 899202 621231 672796 483108 580304 177120 836953 547027 803864 469019 769458 366839 435203 261749 941938 520760 748818 581634 471283 356231 158168 882581 483869 396526 866222 586949 737881 261322 620221 927668 288116 281049 382715 604365
427882 601055 940674 550863 271946 187162 785319 368652 452949 724380 846960 999999999 678344 380519 259300 727156 652715 418266 625456 410202 260648 598954 172471 199427 899457 193468 525090 819143 447370 314056 312606 359888 391232 238900 465018 799854 804776 795840 867607 652967 621944 383568 774739 647570 286567 765815 488873 680149 684386 364980 170643 548217 506515 794940 674073 344169 832026 566378 641100 201111 718799 462734 605381 788483 679885 372339 277224 229265 596410 383015 473892 676178 180174 347217 59221 399727 506769 825761 435707 658832 463681 685899 294088 366792 638153 880176 913813 385202 505752 662233 43460 435546 257530 980026 239912 272908 660430 734279 530519 324028
834877 213261 372323 456365 522422 686899 109083 542707 459409 185107 206882 678344 999999999 629055 442856 404634 589826 333388 549044 871913 458942 94872 540526 627833 383078 665887 172304 321334 358078 626284 782388 821093 819664 540416 548748 244020 138398 396895 374331 25385 365316 315979 401785 599870 651193 115195 282696 23643 493437 704335 576070 565981 294840 284475 160466 343626 174871 402902 262970 746126 474290 711517 91701 424298 301218 758547 779509 465157 652582 356806 522201 65197 701171 353359 642711 282117 563659 257589 246184 60649 859357 339874 639744 379928 280165 281919 344876 788390 431490 416380 691535 380354 539657 446086 472660 804191 301136 132020 321659 491946
209039 448403 736139 760569 160424 211786 709522 645582 185609 570571 715026 380519 629055 999999999 275677 456820 296426 558896 861613 787590 246321 594419 255781 181144 971682 195460 460283 604522 611326 66684 197868 216628 762702 176424 731973 840381 766534 917261 949766 608424 774835 485506 511193 287621 624476 742741 604027 617505 882515 83131 474530 807832 631799 859761 535385 344989 719594 747451 448171 578727 414792 102592 601436 925477 789008 139082 219693 285531 219707 282545 150323 590931 227344 471827 323712 453176 773221 861765 473114 644767 230739 812501 89191 534332 745368 900855 715239 168002 237724 382823 423601 613862 538616 747229 253274 252586 443519 739576 332336 153219
441946 341970 681396 484912 116843 247651 544623 382028 235888 466598 594000 259300 442856 275677 999999999 478965 457220 285694 586208 593728 29364 378113 98553 192102 730644 228306 276941 560255 336789 235503 361073 406586 556126 115174 462219 610091 577693 657977 704383 418135 505144 215761 523263 456502 393008 543721 337502 440197 608004 320887 248062 535150 363976 619239 417108 100026 582744 473282 382435 402780 483084 378231 385161 662078 530515 364049 349265 31199 437436 124800 282846 429455 260577 197466 210964 196092 502345 634190 225272 436595 473830 549597 236823 258667 486206 681820 654599 391269 276101 420109 286783 338424 286562 721415 31200 369681 403687 524030 275968 132556
648458 216756 295565 792525 464150 627939 415072 792923 288936 233816 349668 727156 404634 456820 478965 999999999 243019 601602 898084 1064355 469609 447422 554713 572192 782724 605583 340856 172960 650676 497650 654232 671977 1021914 496966 840506 645704 499118 799423 777304 401627 735134 537285 54450 256902 849978 502073 593388 381671 866657 538068 718652 886895 618192 688773 244279 434743 376302 750104 151387 881121 80181 486693 450967 824530 692577 591584 672246 509997 343921 357631 306500 339772 645557 557098 670997 480759 869718 655773 465522 457597 657925 729460 521545 619575 661944 666896 281121 617978 230997 74000 760567 667506 732060 292438 490670 704582 110425 535100 206055 410991
446055 376667 535919 887012 384873 504210 629327 830935 222046 451963 584195 652715 589826 296426 457220 243019 999999999 678976 994663 1041394 435057 601346 494505 462258 971784 485342 465877 415972 733540 357234 483865 487427 1008191 416283 900140 832465 707421 960812 959908 578692 860028 603744 290357 14272 849699 700383 695968 569891 986195 362494 701986 962788 724090 867825 442696 465010 605388 856300 332841 838635 168660 282372 606857 979712 840613 406762 511818 482779 109394 373272 180360 530854 520742 608860 593519 552260 936467 847294 552909 630733 447103 873352 382069 677434 802710 869174 523294 427644 196952 187772 693333 744609 743058 520525 453030 544493 302298 720688 282652 338088
724921 392203 686699 209311 402376 506508 439010 211431 468488 466363 537747 418266 333388 558896 285694 601602 678976 999999999 316311 538737 314690 238608 348922 462039 481223 492284 266136 600641 54959 521167 634944 682971 486296 398774 239708 386464 427935 384690 449704 311073 221119 76553 626376 682768 319478 384130 71714 346559 323903 606413 272491 287855 88617 377342 417520 222400 508097 188727 457219 429084 640785 660785 242394 383394 263149 647877 616020 284898 690278 309876 530849 364936 514522 88655 405509 127212 268190 412673 136102 289555 757762 273956 521463 54448 220449 469503 658075 674126 482062 571040 415479 66764 214879 751121 312842 629917 495271 339524 414624 408100
1006134 681836 920627 107777 701485 768002 627255 258306 784569 723170 746823 625456 549044 861613 586208 898084 994663 316311 999999999 508474 615493 468566 625026 736655 439684 759344 557516 862944 261431 815908 903720 953366 457000 690961 164570 438945 574450 295511 403440 536331 188097 392560 914750 998742 377616 533334 305524 570311 100656 898456 455027 87821 279944 394385 682476 537218 707844 149231 747896 526938 945892 964204 467793 264617 276347 932845 877305 577095 1005842 626026 846256 603917 771186 394938 638996 442425 128053 458828 443956 489162 1040936 243645 811574 328600 276764 513498 893559 956152 797913 876731 602443 252577 368173 995130 608712 883430 788252 474930 724648 715830
826574 887684 1212644 507370 657819 595976 977665 336041 825610 987731 1074503 410202 871913 787590 593728 1064355 1041394 538737 508474 999999999 610893 777268 547577 607860 925612 603606 774751 1111165 522541 721912 710869 753789 54804 628133 374583 880791 960743 787068 888854 849133 626622 565942 1103287 1038375 222989 916161 596966 884177 605440 775016 346697 423958 594551 851267 936212 630844 1046306 556654 944401 209294 1075865 872826 781129 762316 717815 778916 672336 564611 998170 707982 861285 898924 586921 533237 464427 615108 391698 905712 644938 827534 861333 701225 703209 492875 692070 964994 1184021 788488 869553 1011036 366779 500243 341341 1269665 591316 658790 974783 865597 858310 703315
414415 345112 682784 514276 87691 228288 558592 409111 215299 471753 602663 260648 458942 246321 29364 469609 435057 314690 615493 610893 999999999 398128 91100 170522 755527 207867 290141 559331 366015 206728 336424 381075 574907 88756 490478 633282 595093 685223 729808 434581 533726 244029 515628 433734 414691 562331 365439 454981 637256 292256 267376 563942 392162 643861 423398 120351 593327 502478 381210 415852 469183 348881 405231 689883 557514 336294 326538 47779 411235 123864 258539 441871 242261 226616 208400 221654 530819 657072 249252 455839 445928 577247 208892 288031 513238 703678 656461 363845 259176 408099 291556 367772 311187 719828 21066 348360 399783 544855 270026 104959
794176 234921 460299 370851 470730 625622 201234 447898 440340 254605 300904 598954 94872 594419 378113 447422 601346 238608 468566 777268 398128 999999999 472736 568647 381545 605774 140517 394378 263917 582238 731065 772800 724904 484167 456378 246519 205855 360159 364129 73856 292006 225874 455001 609677 556959 167557 188993 109949 423323 664271 486962 478193 203252 271772 215531 278321 269735 319951 296917 655265 508323 684466 7148 381381 245805 716290 724095 396623 649778 312767 506162 136848 638690 263830 567651 199234 473249 267375 163266 59942 821271 282168 592685 285914 214683 308206 432209 745754 423887 443958 608932 286066 446626 530917 409028 746484 337813 147401 320229 448105
381841 436134 773836 530923 110263 159323 642982 393851 284686 562440 691859 172471 540526 255781 98553 554713 494505 348922 625026 547577 91100 472736 999999999 113752 814070 143597 375486 649970 394046 198182 286253 334735 516844 82138 484054 698521 674397 731563 786042 515649 569647 289022 602309 491056 369894 639430 409882 538388 660420 275770 219372 563175 434024 703864 513692 196914 681151 528765 471892 344309 548129 354307 479692 732061 606253 307820 267490 76113 453073 214956 314159 528008 169610 261751 117895 282317 526191 723238 314814 531886 416252 621381 189191 310336 562120 772812 747549 331509 335301 490285 206930 390615 283984 810170 71917 283432 489398 617105 358933 157457
269487 493991 820589 644011 114884 60799 725050 499009 284159 622741 760073 199427 627833 181144 192102 572192 462258 462039 736655 607860 170522 568647 113752 999999999 921623 38444 457127 691617 507737 114629 172931 221072 585085 88806 591715 802172 764746 843346 894613 603797 682997 399761 623943 455756 456654 732602 521450 622691 773977 174416 311030 672243 546231 810566 577693 290601 754493 642511 517246 398646 549541 266276 575747 844714 717221 197915 157399 180869 398518 277866 288870 606802 77303 374287 143435 387221 634171 826292 417291 626308 304442 733522 95435 424087 672960 873707 796039 219714 341585 501506 242615 504350 385963 847244 160907 177877 526550 715280 397256 164256
1165514 595304 662665 418294 836666 973201 378255 607927 821873 551414 486527 899457 383078 971682 730644 782724 971784 481223 439684 925612 755527 381545 814070 921623 999999999 956032 521788 667959 456403 953185 1091676 1136582 871288 844247 551118 139327 292710 144235 36836 393092 302133 526541 772172 981395 744492 281156 411310 404414 340324 1037398 746885 510540 392983 112115 539900 637110 445185 371747 645753 882599 855449 1064391 374930 177489 222257 1087041 1078988 741159 1028556 689197 887607 445471 983602 558415 885053 534606 536368 126957 506454 342135 1194530 227598 960658 533072 261806 132780 642840 1115840 803482 799237 895069 472354 673823 743394 761560 1097180 683101 251294 696692 821573
249756 532022 857384 669149 152606 22910 763395 516664 316796 660777 798388 193468 665887 195460 228306 605583 485342 492284 759344 603606 207867 605774 143597 38444 956032 999999999 495382 728025 536416 129669 144793 194234 584089 127246 610823 837884 802624 875154 928551 641778 712697 432296 657823 478017 464704 770185 553425 660917 800244 171533 323506 692328 577620 845289 615931 327510 792922 670075 554344 394579 580115 269926 612860 875560 749696 184041 123895 214894 415129 316303 316257 645206 40264 405339 143314 422219 653407 862174 452991 663681 285481 764976 106280 452257 705521 910121 833030 201949 374615 534161 236841 531912 402485 882892 197144 141535 562799 752151 434068 200563
664202 126593 438689 451682 350288 516780 268467 470024 300224 213536 322346 525090 172304 460283 276941 340856 465877 266136 557516 774751 290141 140517 375486 457127 521788 495382 999999999 338997 312001 454511 610088 648912 726320 369119 505659 385505 310622 495701 504636 149691 401170 212675 361437 473412 552154 283300 252533 165604 531331 533672 448721 547218 277575 412289 161707 181490 307248 410221 192392 621637 390074 547053 146961 513865 374775 587347 607552 302088 509816 184532 365823 152586 531529 242064 483789 159922 532182 405086 133844 185091 689593 408020 467571 293716 337578 441147 410199 617131 283834 321967 543878 330174 433428 495269 305418 632651 231793 280336 183236 319974
805492 224746 131652 764055 577592 750916 289730 808272 422866 139773 194514 819143 321334 604522 560255 172960 415972 600641 862944 1111165 559331 394378 649970 691617 667959 728025 338997 999999999 641028 635276 797641 821078 1063820 607910 837198 538878 375347 711354 669276 329101 683851 551658 130954 429827 889436 390952 572222 298152 813600 687520 776032 868820 591919 588004 183868 489593 229812 714211 178124 946932 250625 647908 395281 741320 622479 742875 810651 590928 515430 436138 456957 260530 768219 580462 767693 498425 859547 543267 472564 381611 818191 661177 657343 632240 600695 541985 111697 770779 367309 236726 846749 661183 770168 161509 579678 841834 165341 436684 294772 527499
773129 438593 720854 154353 453632 549455 459385 187347 523446 504358 564750 447370 358078 611326 336789 650676 733540 54959 261431 522541 366015 263917 394046 507737 456403 536416 312001 641028 999999999 571772 680222 728778 468731 448332 196210 374861 438202 348673 423022 337751 177527 131470 673405 737449 310463 393625 75743 373816 271267 656638 290489 236423 73110 358398 457189 277127 532483 136539 504256 433932 692229 713486 266459 343351 234464 696685 659583 333698 745207 364835 585753 396755 556420 139518 440695 181371 220268 400987 186742 308220 806450 238530 571028 84462 195207 459492 692402 722377 536677 622559 439764 22516 220194 787951 362854 671861 543101 343890 467211 461402
212456 461112 766664 717432 119468 147269 713689 591618 212666 587441 730362 314056 626284 66684 235503 497650 357234 521167 815908 721912 206728 582238 198182 114629 953185 129669 454511 635276 571772 999999999 164101 196276 697931 124947 680493 825584 764657 889925 929334 604179 740445 450653 551415 349376 563194 737616 571675 617006 842686 85679 414250 758223 598652 841078 548057 317639 731118 708311 470177 512850 463238 156789 589362 895715 761818 134172 175627 239372 285735 270662 195759 594163 163565 432789 257649 424583 722295 848078 448429 635780 241633 782872 25114 491818 717696 890401 744250 163521 269660 424247 357225 572299 482145 783798 209008 207419 471062 729228 350336 134662
116005 624609 929219 813942 260718 136258 873500 658622 374854 751368 893962 312606 782388 197868 361073 654232 483865 634944 903720 710869 336424 731065 286253 172931 1091676 144793 610088 797641 680222 164101 999999999 49704 698882 248038 753575 969451 920632 1016005 1065419 759406 855842 572271 708517 473222 596734 891312 694133 774636 944960 121503 462287 835570 719082 980156 711368 456177 893823 814437 634176 506851 612276 212812 738211 1017623 889567 84308 39627 352946 390375 425698 347873 753976 136096 547212 275101 557164 796176 993021 585654 786984 151435 906324 145262 596298 845272 1038481 907256 80965 430618 580273 352946 676240 544043 943562 330287 65659 634166 878435 514437 292475
75088 656531 952712 863313 302155 185943 909826 708254 400192 781850 925430 359888 821093 216628 406586 671977 487427 682971 953366 753789 381075 772800 334735 221072 1136582 194234 648912 821078 728778 196276 49704 999999999 743536 292336 803256 1012940 959482 1063056 1110816 798550 904003 619301 726424 475859 645002 931280 741309 812459 994140 134044 511662 885269 766544 1024850 743617 499992 927046 863304 662052 551664 625093 207375 779948 1065216 936269 81444 82797 399908 388064 464414 366124 790275 185325 594984 324119 602509 845857 1036224 630184 827920 108005 953636 181350 645012 891952 1080737 931638 60953 453980 598040 399435 725108 593658 963283 376114 96517 659380 920190 543719 329316
814887 841128 1163368 452999 626922 578373 924931 281859 790187 938753 1023004 391232 819664 762702 556126 1021914 1008191 486296 457000 54804 574907 724904 516844 585085 871288 584089 726320 1063820 468731 697931 698882 743536 999999999 598424 320179 825996 906886 733168 834551 797115 571971 516126 1059611 1005772 174391 862276 543433 832332 553023 755497 308064 371597 540497 796496 887434 587401 994263 501978 898948 192034 1036158 851246 728637 708823 663040 763176 661189 527890 969536 667116 828730 847934 570704 484342 442239 566433 338339 850910 595417 774526 850169 646617 680460 441517 637277 910190 1134712 774649 832205 970432 348454 446372 293760 1221560 555935 650133 930233 811406 816084 670444
326958 406169 735742 592738 33380 149471 636661 469342 215077 534846 671489 238900 540416 176424 115174 496966 416283 398774 690961 628133 88756 484167 82138 88806 844247 127246 369119 607910 448332 124947 248038 292336 598424 999999999 556740 721414 677811 773151 818563 516623 619197 330556 547150 412108 451761 646564 452489 534723 718751 208560 301129 633800 478737 732541 489307 208140 665693 584776 431962 422947 482150 277242 491300 777087 645666 249327 240065 114864 371176 189060 236252 518210 165466 310136 179977 310363 598318 745021 337887 540993 359210 664695 122730 367492 601361 790895 710713 276229 269776 428782 277999 448121 362318 765295 86062 263802 443613 631348 313148 86628
860099 631885 915744 132824 572096 617318 644879 96455 681344 700512 755458 465018 548748 731973 462219 840506 900140 239708 164570 374583 490478 456378 484054 591715 551118 610823 505659 837198 196210 680493 753575 803256 320179 556740 999999999 511634 611703 413935 514392 530018 252795 304757 866056 902248 214617 567349 267971 566083 244769 759825 296018 83218 253931 478704 653380 435181 721137 183308 696919 363905 876669 833773 458136 391364 345730 789560 724889 447251 896434 526966 738087 591356 618875 292360 483243 360952 42602 535725 375260 494876 895524 327017 673155 224679 324431 594618 887404 811065 704495 806964 439869 176171 210443 983764 480004 728616 734835 512196 648788 594742
1037989 455980 548089 384406 711213 856249 251018 548669 685670 416448 367562 799854 244020 840381 610091 645704 832465 386464 438945 880791 633282 246519 698521 802172 139327 837884 385505 538878 374861 825584 969451 1012940 825996 721414 511634 999999999 169905 185983 131839 253777 262651 417826 637463 842103 681236 147958 314789 265691 351584 908722 658807 491490 303654 53592 402020 513274 325260 329292 506920 808782 717400 930983 239644 221606 167652 959750 959326 623698 890092 558084 751003 307064 867798 452979 779116 416238 507541 26236 384915 203452 1065922 195667 834591 440720 188725 84922 525729 988946 665485 660373 800588 394486 594604 628633 641275 979418 544650 112058 558052 692377
972924 337182 378209 499016 660451 823353 86017 625174 594011 265313 197726 804776 138398 766534 577693 499118 707421 427935 574450 960743 595093 205855 674397 764746 292710 802624 310622 375347 438202 764657 920632 959482 906886 677811 611703 169905 999999999 353829 296025 161312 386985 429077 483415 718523 745980 44673 364264 149193 499060 842414 689377 610861 366603 222663 264815 477814 155470 442161 374632 854615 575336 847153 199530 388066 300115 896776 917299 598504 778503 495152 655294 180782 837290 467180 772643 405080 617762 169728 369069 146116 997060 336697 778133 479950 299117 168450 355871 926631 562292 525436 814600 460521 642165 458729 607980 941603 407716 100625 452002 630343
1099632 593389 731262 281978 770771 890235 430319 478779 786489 580581 550105 795840 396895 917261 657977 799423 960812 384690 295511 787068 685223 360159 731563 843346 144235 875154 495701 711354 348673 889925 1016005 1063056 733168 773151 413935 185983 353829 999999999 108341 397831 176299 443769 798670 968759 615335 325207 321896 420451 196128 975496 634903 368092 297659 132397 556590 573166 507817 241698 652338 758096 865190 1015070 355075 37177 128281 1021432 999050 663168 1003522 639846 852952 462016 898773 469940 788629 465435 395936 195339 444198 341832 1130851 110781 893991 431352 172240 237798 707932 1049064 778075 802681 786478 360560 556192 811386 687685 1014013 692457 274846 678596 764219
1141389 584384 671178 381572 812042 945327 380064 571949 803885 548262 492705 867607 374331 949766 704383 777304 959908 449704 403440 888854 729808 364129 786042 894613 36836 928551 504636 669276 423022 929334 1065419 1110816 834551 818563 514392 131839 296025 108341 999999999 382144 265990 497633 769285 969134 708592 279043 380598 396514 304425 1013966 713451 473782 361187 92499 533368 612329 450781 335422 637217 847373 848454 1043747 357779 142712 188558 1062883 1051845 713864 1013420 667688 869949 438144 955372 528599 854487 508326 499533 126353 481392 329176 1170907 191721 936099 500889 229454 147809 650248 1091469 787749 790490 862350 438431 639430 751980 735133 1069406 675433 242527 682322 798722
813477 202364 387749 441369 499146 662682 134105 521215 441180 190444 227221 652967 25385 608424 418135 401627 578692 311073 536331 849133 434581 73856 515649 603797 393092 641778 149691 329101 337751 604179 759406 798550 797115 516623 530018 253777 161312 397831 382144 999999999 354903 291439 402206 588337 627977 134335 262836 36100 484517 682921 551186 549983 276509 290912 159403 318735 197173 388941 256275 721511 468889 692318 71905 423628 296141 736845 756004 440179 638208 334136 504748 68601 676840 328670 617447 256862 546219 269307 220975 56032 838395 334389 617224 356674 271842 297731 359882 766655 415466 408904 666167 359869 515763 459766 448061 780426 295623 142216 306356 469664
945773 518860 734923 122215 621139 726284 439440 306022 665087 544558 559543 621944 365316 774835 505144 735134 860028 221119 188097 626622 533726 292006 569647 682997 302133 712697 401170 683851 177527 740445 855842 904003 571971 619197 252795 262651 386985 176299 265990 354903 999999999 289934 746101 866011 442730 345422 171572 387443 131650 825973 459137 229331 143303 226308 507491 431215 520177 70065 583747 583162 790258 875625 290033 166573 95000 868493 836199 505833 887208 509592 730405 423368 733591 309561 617785 324201 245245 285515 312350 304799 978388 74885 741712 261889 88678 343652 708239 894979 667314 722844 611145 186626 379896 810576 533145 849061 624732 287067 580039 622220
657513 334651 647305 285797 331268 448304 424914 258364 392049 423035 511403 383568 315979 485506 215761 537285 603744 76553 392560 565942 244029 225874 289022 399761 526541 432296 212675 551658 131470 450653 572271 619301 516126 330556 304757 417826 429077 443769 497633 291439 289934 999999999 565661 607249 342975 387689 122094 324446 399019 536252 261091 360172 148218 417738 372093 146006 486342 263976 397644 430156 571914 586887 231393 446606 317489 579760 556087 219399 613737 233471 454297 334548 457924 38105 361343 56528 337093 443463 79504 283813 689574 334482 452583 82542 273263 496953 618639 606780 406797 502207 388365 140903 226616 706971 244623 572404 433868 351876 344172 333639
702673 234864 245585 810700 514615 680291 397813 823267 341661 221029 319367 774739 401785 511193 523263 54450 290357 626376 914750 1103287 515628 455001 602309 623943 772172 657823 361437 130954 673405 551415 708517 726424 1059611 547150 866056 637463 483415 798670 769285 402206 746101 565661 999999999 304497 886606 491111 612357 378264 877718 592507 758980 908499 635885 682983 242817 472460 350150 765853 169208 923852 122140 540579 457783 825558 697289 646032 726242 554434 394197 400069 360870 336657 697899 588053 719288 509398 893487 645488 491054 458059 711810 734988 575176 648203 669300 651865 233463 672401 283654 128411 807138 691287 767887 238285 536681 758514 131809 528992 247633 461711
433463 386618 550072 891178 381105 496557 640900 831952 222385 464125 597111 647570 599870 287621 456502 256902 14272 682768 998742 1038375 433734 609677 491056 455756 981395 478017 473412 429827 737449 349376 473222 475859 1005772 412108 902248 842103 718523 968759 969134 588337 866011 607249 304497 999999999 848412 710907 701125 580155 991634 352015 700178 965715 729341 876953 453940 467366 617908 861212 344118 834867 182876 270182 615273 987264 847972 395427 501728 481506 95573 375783 177118 541393 512941 611497 588424 556333 938913 857197 557865 640005 434004 880409 374076 680113 809730 879712 537342 415869 200856 200589 688487 748152 742752 534795 451346 534323 314285 730442 290221 335348
710443 666800 989726 336089 476863 464659 758009 136753 628876 764894 852412 286567 651193 624476 393008 849978 849699 319478 377616 222989 414691 556959 369894 456654 744492 464704 552154 889436 310463 563194 596734 645002 174391 451761 214617 681236 745980 615335 708592 627977 442730 342975 886606 848412 999999999 701730 382038 662682 458556 631055 150667 291333 383567 658183 713453 415254 825019 374167 724958 149383 867261 719788 561138 597021 526293 648713 562777 366936 820393 497764 672600 676403 461337 310365 322883 392350 249779 706998 421952 609027 746417 516913 549288 271305 494453 766156 961094 665152 667347 800544 251535 289083 119419 1047319 397271 559475 756709 653811 644648 515323
947481 325398 406893 455775 630648 790525 105111 580539 574544 270262 225774 765815 115195 742741 543721 502073 700383 384130 533334 916161 562331 167557 639430 732602 281156 770185 283300 390952 393625 737616 891312 931280 862276 646564 567349 147958 44673 325207 279043 134335 345422 387689 491111 710907 701730 999999999 319863 131722 460610 816938 647253 567699 321947 197621 261053 443696 183765 399019 369350 811548 575958 826355 160868 357921 260989 870636 886537 563354 766422 467110 637393 169529 804054 425748 735190 366237 573898 154377 330487 107754 972616 298444 750094 436489 257070 168805 383002 900409 546406 522263 774520 415925 598635 486611 574350 910049 404989 58424 436382 602980
779420 378026 647774 199166 452207 568852 383650 262677 495333 434119 489511 488873 282696 604027 337502 593388 695968 71714 305524 596966 365439 188993 409882 521450 411310 553425 252533 572222 75743 571675 694133 741309 543433 452489 267971 314789 364264 321896 380598 262836 171572 122094 612357 701125 382038 319863 999999999 298935 290912 657345 344054 297484 28613 306146 388542 259773 456886 160845 444148 498257 640390 704438 191236 324599 196619 701547 677309 341405 717861 338685 560136 323385 577851 148911 473906 152657 287517 341007 143478 232492 811296 212390 574253 125940 152780 398007 619444 728712 500916 571301 486966 98223 283446 716230 366640 692821 484070 272162 420735 451130
824301 193940 352294 476425 515532 682230 105246 556998 445169 161517 191351 680149 23643 617505 440197 381671 569891 346559 570311 884177 454981 109949 538388 622691 404414 660917 165604 298152 373816 617006 774636 812459 832332 534723 566083 265691 149193 420451 396514 36100 387443 324446 378264 580155 662682 131722 298935 999999999 516071 693865 583002 585436 312496 307162 137399 341909 162385 423520 241340 754031 451940 698081 107947 447932 324582 748493 772904 463601 634702 349017 507078 41918 696840 361261 642848 287289 582079 278357 251834 83471 848117 363193 631196 391455 302871 300084 324569 778371 415179 394824 694751 395913 549715 425054 469487 798204 278989 153992 304995 483144
1041700 650244 859502 133610 724836 811311 559975 328768 785652 674737 681505 684386 493437 882515 608004 866657 986195 323903 100656 605440 637256 423323 660420 773977 340324 800244 531331 813600 271267 842686 944960 994140 553023 718751 244769 351584 499060 196128 304425 484517 131650 399019 877718 991634 458556 460610 290912 516071 999999999 927272 514509 181487 262482 303613 638646 544540 640955 135178 715274 607252 921039 984570 421142 164211 199687 966051 921626 603907 1008266 628035 849919 553113 816450 410776 690473 441078 216376 369286 434381 432792 1075533 162369 841264 351450 213284 421407 833417 991087 791712 853277 666112 270723 428567 936448 633680 930924 756240 402631 708186 732001
130556 529323 819112 801135 205141 179947 787998 669149 268379 652641 796901 364980 704335 83131 320887 538068 362494 606413 898456 775016 292256 664271 275770 174416 1037398 171533 533672 687520 656638 85679 121503 134044 755497 208560 759825 908722 842414 975496 1013966 682921 825973 536252 592507 352015 631055 816938 657345 693865 927272 999999999 485024 838702 684294 925285 616444 402893 800541 793145 530924 566085 492728 102277 671367 981389 847355 56245 150465 323423 271435 351619 232080 668882 191348 517925 313749 510099 801943 930879 533501 716667 157223 868538 86937 576052 803259 972094 798316 85735 320852 464104 408315 656675 557630 829244 293797 182685 526644 810755 414232 216351
572730 551286 885680 381219 326294 326794 685150 199609 482620 661236 765370 170643 576070 474530 248062 718652 701986 272491 455027 346697 267376 486962 219372 311030 746885 323506 448721 776032 290489 414250 462287 511662 308064 301129 296018 658807 689377 634903 713451 551186 459137 261091 758980 700178 150667 647253 344054 583002 514509 485024 999999999 379181 356705 647230 609266 288130 743364 400019 604181 172942 729206 571034 492475 624855 524905 506787 431503 220051 669993 361545 523693 588569 326349 223160 188386 296605 338227 685033 331365 544709 608606 526638 401507 218117 485419 741994 857452 525448 524147 664382 152699 275445 86908 936715 248963 433430 632311 607712 512664 365816
941176 673672 937705 111953 647490 699339 654193 179668 746917 729913 770014 548217 565981 807832 535150 886895 962788 287855 87821 423958 563942 478193 563175 672243 510540 692328 547218 868820 236423 758223 835570 885269 371597 633800 83218 491490 610861 368092 473782 549983 229331 360172 908499 965715 291333 567699 297484 585436 181487 838702 379181 999999999 276909 452043 685519 498837 733173 168704 739603 440377 928397 910070 478737 340605 324069 869846 807335 522346 965078 590034 805855 615026 701242 354442 566131 414426 42103 513659 422966 508457 976463 297642 751845 285848 313064 570888 909864 891861 766066 858682 522730 221094 293351 1009109 554820 811469 778850 510236 702468 667114
805690 402182 663510 174815 479204 592579 392182 258661 523937 453040 501529 506515 294840 631799 363976 618192 724090 88617 279944 594551 392162 203252 434024 546231 392983 577620 277575 591919 73110 598652 719082 766544 540497 478737 253931 303654 366603 297659 361187 276509 143303 148218 635885 729341 383567 321947 28613 312496 262482 684294 356705 276909 999999999 290638 408759 287913 467472 133562 468295 505593 666524 732409 204614 298720 174625 727973 701508 366821 746456 367284 588749 339488 601153 172306 494067 181110 270054 329865 171916 241440 837792 187360 600799 140236 131844 387919 635367 754943 529253 597625 502573 94740 291066 733384 392755 716360 508497 271205 448083 479035
1053420 492803 600818 348395 724659 862763 302054 523359 711807 462393 419993 794940 284475 859761 619239 688773 867825 377342 394385 851267 643861 271772 703864 810566 112115 845289 412289 588004 358398 841078 980156 1024850 796496 732541 478704 53592 222663 132397 92499 290912 226308 417738 682983 876953 658183 197621 306146 307162 303613 925285 647230 452043 290638 999999999 444504 525176 377662 295398 546757 790692 758699 952884 265374 168165 133463 974952 967964 630402 920922 577343 777789 349025 873471 450814 778015 423363 471109 65994 394665 237231 1082415 154425 848627 430556 164387 119282 578128 1003773 695270 699742 792773 376358 578357 681246 650229 986607 585450 154028 589855 709487
744386 87154 277011 581876 463790 638492 187922 626484 352099 51976 183013 674073 160466 535385 417108 244279 442696 417520 682476 936212 423398 215531 513692 577693 539900 615931 161707 183868 457189 548057 711368 743617 887434 489307 653380 402020 264815 556590 533368 159403 507491 372093 242817 453940 713453 261053 388542 137399 638646 616444 609266 685519 408759 444504 999999999 331717 184214 533323 109856 781987 315549 603866 217506 582933 454774 672540 716221 445679 517210 301852 406833 95493 654739 403114 628030 321114 675737 413149 292591 215319 764235 492686 566147 451164 428043 428833 248562 702178 310621 261432 696535 477433 594959 334983 441783 744656 143953 290956 204033 421355
529188 265396 603959 431161 199714 347305 446821 369991 248275 382893 502807 344169 343626 344989 100026 434743 465010 222400 537218 630844 120351 278321 196914 290601 637110 327510 181490 489593 277127 317639 456177 499992 587401 208140 435181 513274 477814 573166 612329 318735 431215 146006 472460 467366 415254 443696 259773 341909 544540 402893 288130 498837 287913 525176 331717 999999999 488734 409706 316136 457535 454829 444789 285393 580573 444904 450688 446889 121695 468641 91788 309043 333700 360494 144398 302359 108189 471547 536912 130961 336614 559224 467581 323771 212994 400992 583327 576275 479162 269486 386833 364948 284656 297815 650879 130753 468475 344431 424691 229551 191794
