NAME : synthetic_000361
TYPE : CTSP-D
DIMENSION : 100
GROUPS : 8
RELAXATION_LEVEL : 1
EDGE_WEIGHT_TYPE : EXPLICIT
EDGE_WEIGHT_FORMAT : FULL_MATRIX
EDGE_WEIGHT_SECTION
999999999 806149 712454 547129 997501 578859 278462 435825 27722 627925 704413 595931 633824 492481 372864 719361 208153 849232 1167955 844533 694707 1031825 535542 120583 826018 754432 730512 838545 577627 532269 1031959 854833 398688 523547 230724 121951 611663 733472 870791 216716 818913 573043 428821 212490 1149868 222574 761558 270710 568349 640392 585824 797750 304216 592798 414229 1083113 263928 21409 89249 206216 282476 536575 399641 650648 802801 891421 66487 183060 422693 53127 224989 750618 496742 846417 971094 751268 320446 796300 562727 670151 734313 747960 94224 338255 831095 77665 531676 842472 405505 892261 808272 677978 630970 737584 385007 457685 285430 756512 618680 776818
806149 999999999 883410 263913 340235 241594 640821 595479 796638 328257 672503 487186 443192 690243 604021 353130 739299 196256 447051 457202 552166 363256 557061 735486 526311 445792 153657 169037 457510 323582 289310 165747 496944 598000 757188 684268 307884 129721 428904 780327 355816 378131 618202 657778 440838 605213 232166 560563 268976 314806 401617 233779 501945 859038 407520 338524 639587 788987 718020 657353 712989 658391 421309 175683 329888 452300 798760 946010 550939 857428 581427 657793 411586 250349 213237 696738 555524 332836 618193 193081 536588 98681 892353 564807 387380 729914 523447 560714 632487 443111 445521 128220 559390 117382 471713 487530 706425 95955 589774 762207
712454 883410 999999999 704083 801884 693277 477111 990485 733859 975439 227794 397070 440708 254636 409727 546370 871999 761240 961215 531784 1174813 827655 341387 600790 1249849 1154808 730776 1026210 1024087 858714 908452 1031687 492835 1067658 902336 685992 580000 753821 1218426 496734 600980 513807 351323 541024 935378 590856 671956 578685 843092 976928 991507 690818 678771 124937 772197 939727 494211 719039 675558 804550 436908 249799 616066 727908 1114368 579479 647177 879935 413775 744057 663736 269307 513106 1087556 895910 230053 510761 1112066 274502 693711 1194315 906769 781168 479553 1168890 677425 375665 435844 986958 588437 513135 803597 324625 766056 542974 931997 923744 788096 293637 184003
547129 263913 704083 999999999 483551 40170 382221 432645 539850 282527 528755 324257 305709 474814 359713 291545 508954 320178 640088 440757 510774 516281 362739 471777 556381 460706 193626 346743 368522 183209 493471 357641 248874 471700 531760 426082 166118 190657 514478 518982 364566 205136 388063 394434 625568 341407 255502 296682 147300 280571 320586 288325 245272 651992 184530 545591 379312 531062 458167 420019 456960 457903 157649 105817 410349 466204 535986 697604 316679 599320 322372 535488 191414 392968 427635 566180 296563 407985 429769 140042 518060 231063 636111 310105 464940 469977 328665 506916 457780 461511 411548 137881 404597 192826 214607 329641 494095 210214 425705 627064
997501 340235 801884 483551 999999999 444031 760200 899418 996462 659672 574655 474853 419712 699185 686857 301784 990732 166823 176823 271044 890688 34364 563080 898170 864550 785928 292654 493993 785025 624046 122963 483940 610919 918012 1014505 883760 386395 303488 759331 899376 211859 435104 668505 804386 155152 775549 236808 727120 568782 647713 728847 200771 715434 827263 666929 139762 766710 985164 909590 900345 813526 648170 602613 383041 666256 228593 969358 1164606 624038 1050583 783249 534330 507507 576622 161572 575369 688534 669930 598407 343721 876589 436538 1091069 681791 721706 920572 540859 377494 930579 218454 289191 408242 508633 307286 613974 790906 977484 301954 542267 634287
578859 241594 693277 40170 444031 999999999 399323 471996 572728 308010 509309 305452 281212 472175 367666 256131 547545 281528 602096 404333 540882 476923 352537 498686 578769 483499 155746 342574 401591 216792 457159 351665 258151 509114 570746 458668 135619 155155 528865 538794 325776 184561 389927 417451 587141 368327 215334 322068 175101 304378 351793 248207 279758 647924 224672 509122 397997 563425 489656 458061 472115 450633 182846 71918 423131 428155 564613 732861 319579 631417 355005 512390 185914 396024 393011 544763 313947 421452 418934 100318 545745 223534 668992 324030 479494 501371 317995 474505 497637 423196 376098 122571 385662 158743 230216 368149 533921 177920 409054 606960
278462 640821 477111 382221 760200 399323 999999999 523108 290898 581217 429587 322715 365942 230520 94402 465362 398779 630028 935914 576740 737029 794334 257315 158836 837610 748427 527678 724120 590942 462302 815227 736612 152069 605658 429517 214528 379936 538307 840076 142472 564956 325097 152372 69435 915267 115032 533335 117539 471762 588185 572334 568363 226709 373989 347627 863568 17286 276067 213494 327519 77199 265482 229332 466805 748504 626161 228162 461508 147959 325759 190153 473647 254808 758322 764898 476967 85677 743887 286174 467749 764912 612282 368416 79739 792870 219073 255723 565878 514610 628221 540732 519146 352656 545949 169113 482523 446808 568225 340396 508390
435825 595479 990485 432645 899418 471996 523108 999999999 410387 290123 882457 696018 700836 735976 580763 718904 245937 732621 1036456 868852 261665 929699 689431 465949 400736 345343 608719 540851 179334 276499 879960 559585 511109 88645 241671 359227 588515 595999 471608 579929 797079 600763 640282 472554 1026729 409010 684868 412586 332444 305898 218213 715205 313112 895720 258121 931003 507440 414763 391375 233249 585461 751302 403221 519986 434414 897709 479289 471115 585261 463172 333352 907516 544436 511729 805307 927667 479821 426778 748221 566686 304104 503212 474281 511129 442432 398630 664342 921253 44034 893436 837361 493532 767233 592245 462791 108966 171307 599590 775028 977540
27722 796638 733859 539850 996462 572728 290898 410387 999999999 609235 719227 604149 640255 509799 385035 722297 180549 845961 1165653 850287 670045 1030728 546752 136414 802489 732192 725736 823952 555216 516418 1027693 840494 403513 497793 203004 114114 611603 727747 849645 239808 821450 575791 442607 223074 1148021 224694 759996 271869 554306 622014 565105 796180 295234 615167 400194 1079106 275581 15117 87575 182881 301022 552301 395865 644256 783566 896358 91598 174006 432344 62174 217727 764376 499334 829561 965600 766324 326296 776960 576639 665756 710092 735844 96280 346134 810603 77550 541251 851764 379290 896875 814038 668674 642195 731415 386483 435685 258113 749831 631176 793635
627925 328257 975439 282527 659672 308010 581217 290123 609235 999999999 810459 606164 587816 733062 594945 557663 492537 498617 775172 700007 239155 686015 637017 603598 275334 179739 390921 250748 130016 120232 617482 269489 490796 273920 500806 515512 443582 370679 258987 691394 609671 487658 638615 561834 769060 493278 481283 467045 135434 15775 75664 503111 363939 909944 235930 666115 571344 607165 553254 433636 657636 725938 368291 318854 175642 714694 646801 720607 568650 670597 433855 818005 465241 228054 541348 848550 505339 169566 703859 371319 238571 229980 695096 530211 212636 564222 604133 779641 332428 707884 675570 260717 686321 362644 443444 195376 436776 361421 705988 908947
704413 672503 227794 528755 574655 509309 429587 882457 719227 810459 999999999 204504 233278 220895 337751 325075 818585 536980 736633 305752 1029156 601062 193644 583901 1085066 989356 518850 824691 880144 701487 680681 828110 373113 949189 849313 640639 381826 543174 1037555 512137 373441 324835 277219 498884 710999 524987 451734 495625 675063 809187 839633 467649 573857 267272 637809 712097 445879 704217 642943 736810 427183 169201 481648 530411 931239 355192 647017 886011 306610 747681 585636 56136 350198 892166 669508 47602 423181 929948 144207 489680 1041903 707680 789382 393814 988343 648658 218434 218847 888481 363640 285587 607231 124170 555712 419987 805521 853511 576547 107988 98605
595931 487186 397070 324257 474853 305452 322715 696018 604149 606164 204504 999999999 55474 226522 232957 175973 667871 386503 650634 255943 827332 507045 88232 479570 880602 784903 335859 629840 679434 498616 557456 634890 208382 756950 697641 506624 183311 358048 834241 447025 264504 120955 198907 383910 627304 385495 289008 345063 470736 604736 637194 315136 399411 377574 443555 598669 334744 590109 519161 579562 356733 180833 293134 332086 728255 307145 550306 777873 174779 645709 430142 215368 152354 693571 527458 242863 279518 726741 134603 296644 838724 510913 688422 258021 784909 527564 70028 248827 706928 310432 220573 408482 80387 370082 245122 611707 689929 392548 104912 302836
633824 443192 440708 305709 419712 281212 365942 700836 640255 587816 233278 55474 999999999 281899 279891 120569 691740 332712 595732 211211 815269 452077 143566 519996 859944 764585 290140 591831 669901 486064 502152 595696 237910 756686 720854 538465 149328 313478 806468 495270 210090 102792 251314 423598 572567 417922 236496 374549 452933 585021 624715 261175 415992 429448 444281 543206 376646 626629 553939 601694 405691 235123 302868 297249 699833 260228 591471 814260 218949 684665 455440 231296 159950 658892 473260 264929 313959 698832 187570 256781 823715 474445 727237 296044 757499 562985 122136 224495 715046 262476 175041 374056 116225 325824 266851 610978 708050 347591 147479 328603
492481 690243 254636 474814 699185 472175 230520 735976 509799 733062 220895 226522 281899 999999999 155280 402466 629298 611136 873679 458692 923593 730637 140053 373386 1004970 910903 546394 814275 773145 614128 783973 822475 243284 813061 660036 444648 383912 565648 983211 292220 487506 313214 97319 298456 849734 340637 512184 324888 604570 736031 743237 540241 424151 177685 520782 825007 247792 494682 440234 556241 210644 57213 367258 520344 881994 511999 431988 671455 164522 532706 411528 273673 286269 867046 752487 265055 256172 878933 105019 497458 944934 694538 573588 224929 933932 444206 169999 407891 733200 517566 427262 591292 198622 576681 292594 678184 675556 599992 169477 284494
372864 604021 409727 359713 686857 367666 94402 580763 385035 594945 337751 232957 279891 155280 999999999 387019 483195 567696 863555 488700 773992 720564 163181 253080 862240 769677 476648 706430 624322 474768 751108 717028 110882 658436 514017 302979 318895 490816 850439 215497 485052 255779 62786 162329 841876 190098 468527 169918 473050 599592 597963 502056 269593 321412 372689 797593 109479 370266 305842 405524 126949 178756 226966 428400 753009 539298 321559 555908 62830 419920 257835 380232 196247 749965 706405 385312 101140 749212 193644 419488 797471 589589 462525 70239 801826 312129 164131 472620 578032 542029 453062 490232 258381 499945 152532 525373 524348 523063 246140 420331
719361 353130 546370 291545 301784 256131 465362 718904 722297 557663 325075 175973 120569 402466 387019 999999999 749104 216102 478503 149980 794468 334894 263691 611780 819090 725930 201799 514044 657546 472923 381621 514853 321967 762802 776444 614088 130743 227240 749914 601446 99988 146512 366725 515810 456057 497631 126673 450656 429306 551776 606911 144871 466817 546393 462084 422762 473651 709640 634761 657309 513966 355113 348220 241746 643401 182717 683689 895061 324277 771684 521048 305367 222975 588125 354920 345099 400926 643636 306766 191023 796174 403654 813576 389388 702500 644857 239567 222964 739779 180552 120037 313391 225964 239789 336354 619391 753563 258232 259662 410563
208153 739299 871999 508954 990732 547545 398779 245937 180549 492537 818585 667871 691740 629298 483195 749104 999999999 829020 1148928 891172 507230 1023989 630475 280738 646426 586158 702572 730767 411599 425663 1000245 748724 459789 328881 30826 186008 623973 698195 709818 398639 842733 607606 545763 331739 1134517 293716 756750 325440 474759 507210 434437 791756 282379 760535 333370 1052494 381507 189484 200548 91874 436576 661513 400964 613620 658342 931056 265555 230010 513503 223813 237782 856432 534753 720367 931207 866139 396613 651108 674721 647485 550033 662362 229652 425014 675947 201873 615757 914677 208688 929510 855897 617150 722394 698766 424968 300546 79520 713116 719223 903513
849232 196256 761240 320178 166823 281528 630028 732621 845961 498617 536980 386503 332712 611136 567696 216102 829020 999999999 321144 276145 733533 197867 471084 756822 720030 636116 127039 363574 621634 457499 185369 357832 478003 752451 851934 732168 250351 136666 625158 772092 176830 312414 561541 666349 305644 629991 100031 581623 402447 487510 565673 71586 558322 761675 501951 234940 634105 835499 760321 739562 691161 567332 450096 217368 525364 261954 826601 1010657 506346 902316 629759 510272 375666 445898 141420 551463 552026 527980 520273 182296 722792 284100 941649 550312 583300 771670 442518 386385 763790 252120 273009 242700 442038 140726 472259 624165 812824 137478 475658 615991
1167955 447051 961215 640088 176823 602096 935914 1036456 1165653 775172 736633 650634 595732 873679 863555 478503 1148928 321144 999999999 431084 992364 143703 738782 1071438 943027 875453 446505 569284 904561 760268 157749 554901 785834 1044432 1171172 1052177 559438 451209 825068 1075633 386431 610948 845176 978518 26108 947025 406851 898536 704277 761483 848650 370755 879443 995520 819048 110356 942017 1154840 1079422 1060049 990142 821630 770071 535405 745436 381806 1142216 1331484 800749 1221081 950281 691914 682276 646366 233833 731726 862840 750535 771707 503410 971497 545210 1260963 857149 795002 1090617 717244 527259 1070893 373071 454961 544102 680480 451671 786559 927545 1129451 440055 713661 786526
844533 457202 531784 440757 271044 404333 576740 868852 850287 700007 305752 255943 211211 458692 488700 149980 891172 276145 431084 999999999 938408 295905 336839 731198 954137 862905 321369 625518 804500 620760 383867 622949 446873 912369 919272 746343 280445 346103 875603 702936 101529 283572 452865 634781 405571 626742 229487 581892 575182 692988 752786 223494 610079 565704 611805 410231 587738 836857 763505 799785 612552 403192 492116 381207 770625 53311 802681 1024212 429134 895621 658559 263408 357394 704655 386908 304345 524218 771724 353793 328799 937647 525611 938139 507164 829905 772841 325706 112384 889400 59602 36262 446540 260152 357592 470288 769256 899607 370550 291062 363595
694707 552166 1174813 510774 890688 540882 737029 261665 670045 239155 1029156 827332 815269 923593 773992 794468 507230 733533 992364 938408 999999999 915091 845992 711151 145632 132588 629643 429920 150757 329309 836417 446884 681991 180661 500778 607276 675940 608833 249500 818511 848788 713059 826416 699039 989099 630486 720377 619771 365840 247937 190561 741660 510743 1095382 402860 882057 723586 673423 642210 489165 807854 926062 558993 557588 265666 953815 733620 728916 761126 724259 557825 1042122 679080 366871 760782 1069918 675332 258595 911148 610063 46342 454378 735944 704517 241219 650739 815239 1015164 299272 947033 913212 499299 906121 600308 631905 255715 430682 597452 922224 1127626
1031825 363256 827655 516281 34364 476923 794334 929699 1030728 686015 601062 507045 452077 730637 720564 334894 1023989 197867 143703 295905 915091 999999999 595227 932525 884760 807952 324504 512101 812324 653848 118363 501128 645189 946633 1047588 917971 420757 334288 776906 933342 243145 469246 701510 838709 121315 809897 270942 761466 598351 673718 756090 234850 749243 856094 699236 121938 800918 1019453 943883 933748 847300 679090 636708 414944 686008 250543 1003720 1198735 657737 1084910 817348 559195 541802 594179 171591 599910 722851 689962 629235 376675 899776 460722 1125373 715997 740563 954875 573542 399313 961382 240825 316398 437376 538750 337487 648337 821017 1009962 330917 572205 657637
535542 557061 341387 362739 563080 352537 257315 689431 546752 637017 193644 88232 143566 140053 163181 263691 630475 471084 738782 336839 845992 595227 999999999 416142 912228 816744 409840 689782 695729 522681 644653 696550 179472 757735 660991 458019 249186 430207 877178 369819 352506 179132 116955 323698 715372 338818 372219 305379 503303 637677 658629 400205 380215 301980 448654 686442 271623 532151 465183 546339 279165 101330 291075 392128 772983 389322 484698 718591 117364 583041 394846 226207 172273 748034 612434 239997 233895 770703 67099 364058 861886 569807 625670 206529 827638 472326 34608 310156 694893 393495 302712 466145 95459 441657 226664 615213 661795 464759 88949 288190
120583 735486 600790 471777 898170 498686 158836 465949 136414 603598 583901 479570 519996 373386 253080 611780 280738 756822 1071438 731198 711151 932525 416142 999999999 830954 750524 643714 789451 578312 494976 941591 804352 289895 554211 309392 107017 512085 649790 857867 118668 711755 466843 308285 96504 1052176 130449 664817 177053 521136 614016 574819 700792 246760 484541 372431 991752 145194 121297 80689 237147 165285 416329 315841 570262 778730 779363 71921 303195 305171 166934 170280 630047 391715 808548 884878 630815 210992 772937 442155 582755 746231 688698 209614 224220 814375 79025 413830 724415 445035 780777 695000 608067 511447 655373 285019 459229 346177 675883 498449 657286
826018 526311 1249849 556381 864550 578769 837610 400736 802489 275334 1085066 880602 859944 1004970 862240 819090 646426 720030 943027 954137 145632 884760 912228 830954 999999999 95730 634151 374895 252653 391304 792651 388361 761782 324527 642056 730608 713149 610463 130450 932360 858006 761223 909324 807594 943474 738111 726946 720411 410260 275885 265442 742021 611977 1180810 491445 833476 825743 804615 766917 619834 911742 1000124 638007 577362 198955 961605 860086 871143 840480 858868 669376 1090948 740564 296779 719824 1122425 767974 194804 978997 628408 99468 436595 873220 795031 148560 776274 879435 1042029 440701 953657 933262 507772 960897 599962 713127 372216 571688 591570 981095 1183432
754432 445792 1154808 460706 785928 483499 748427 345343 732192 179739 989356 784903 764585 910903 769677 725930 586158 636116 875453 862905 132588 807952 816744 750524 95730 999999999 544487 307139 177034 296805 721758 322916 667926 282447 585583 653171 618188 521411 127415 848172 768009 665617 815649 721540 873980 652051 637175 631802 314534 180170 177211 653919 524340 1087177 401024 765193 737141 733058 690188 549516 823422 905165 544429 484244 135423 872199 784085 814791 746381 790553 585588 995483 644973 237907 647251 1026808 676746 128870 883565 535754 98766 352072 808175 703175 109568 700095 783871 948881 388204 864524 841130 416425 865187 511379 619650 296773 515631 504518 885368 1087737
730512 153657 730776 193626 292654 155746 527678 608719 725736 390921 518850 335859 290140 546394 476648 201799 702572 127039 446505 321369 629643 324504 409840 643714 634151 544487 999999999 312324 507764 335893 302173 313090 376894 633079 725203 611642 162986 25544 554609 670027 223861 233427 481830 556781 431982 514688 92796 466897 282251 381714 452736 112278 434778 710980 374924 353909 529582 715876 641295 613544 594397 510795 331062 90441 449311 327718 711948 887879 418835 783398 508393 504916 280402 387564 241271 543519 445606 450360 468626 60965 624072 204987 821838 448491 508604 652850 377204 417303 638720 320060 303879 130352 406356 38006 362828 500894 685788 57704 437228 608943
838545 169037 1026210 346743 493993 342574 724120 540851 823952 250748 824691 629840 591831 814275 706430 514044 730767 363574 569284 625518 429920 512101 689782 789451 374895 307139 312324 999999999 373886 309037 417768 18753 595614 519056 742529 718669 446530 286830 265385 855065 524338 512688 732253 725930 568922 664148 398240 625780 270427 234974 324519 402410 543311 988980 424347 459298 719181 819140 755385 661248 800343 789911 494856 298362 176336 621333 844461 953552 661493 886121 622561 815017 528134 83009 345148 852581 639245 181275 754495 335065 404641 120013 915816 655421 228690 767117 655248 727295 582946 612122 612481 223689 706457 274318 559809 442864 681870 257248 734542 917670
577627 457510 1024087 368522 785025 401591 590942 179334 555216 130016 880144 679434 669901 773145 624322 657546 411599 621634 904561 804500 150757 812324 695729 578312 252653 177034 507764 373886 999999999 185316 746820 392552 531284 145356 413216 478553 534636 489636 298295 680376 719483 567234 676044 557019 898003 487740 594842 473407 229733 144627 56249 619723 364239 945565 252368 795759 578163 556238 515170 372492 663426 775306 408237 428005 255121 824098 608745 641257 610441 613523 417558 894648 529948 335883 670738 921518 526433 247470 760666 479821 174036 359616 631480 555180 265177 524787 665273 875367 223369 818060 777332 379844 757616 482833 481229 120397 344296 484194 772879 978475
532269 323582 858714 183209 624046 216792 462302 276499 516418 120232 701487 498616 486064 614128 474768 472923 425663 457499 760268 620760 329309 653848 522681 494976 391304 296805 335893 309037 185316 999999999 604220 326267 371319 297702 440222 414555 349320 321316 378036 576589 538525 383758 519126 446284 750286 378786 417781 349583 55993 125991 138780 445521 250257 790609 122565 655572 452971 512359 451963 352568 539047 608935 248303 250197 287532 642443 543689 645157 449610 578561 324792 713024 352551 315097 530129 741434 385377 282493 589054 300351 340437 238410 607248 410015 330578 463437 490614 690064 310793 636868 592877 217061 577904 316798 323524 167543 385098 323271 595360 800080
1031959 289310 908452 493471 122963 457159 815227 879960 1027693 617482 680681 557456 502152 783973 751108 381621 1000245 185369 157749 383867 836417 118363 644653 941591 792651 721758 302173 417768 746820 604220 999999999 404598 663252 886773 1021454 913639 435343 302833 678634 957152 308027 495334 741533 851587 152681 814075 282735 765835 548286 603854 690901 249168 736776 924016 668203 52250 819438 1017656 942828 912726 875473 736495 632322 387716 594015 346342 1011023 1189923 689198 1084946 810513 644321 560640 497329 76156 685808 737386 598722 687710 361943 816818 387554 1123707 735537 645705 954305 618514 493841 915010 335872 396615 389235 602448 301553 657365 771155 977351 287539 636486 746797
854833 165747 1031687 357641 483940 351665 736612 559585 840494 269489 828110 634890 595696 822475 717028 514853 748724 357832 554901 622949 446884 501128 696550 804352 388361 322916 313090 18753 392552 326267 404598 999999999 606332 537689 760679 734693 451700 287744 275782 868497 521549 518739 741590 739692 555113 678484 397020 639557 286506 253715 343268 399508 558542 996537 440606 445165 731989 835528 771291 678681 812597 797017 507537 304513 190625 617189 859974 971095 671095 902652 638008 817190 536645 93142 332874 855143 651515 195938 760814 339033 420811 128150 932636 667092 241113 783048 662086 726008 601655 607824 610939 231209 710818 275153 571449 461430 700232 256997 739379 920370
398688 496944 492835 248874 610919 258151 152069 511109 403513 490796 373113 208382 237910 243284 110882 321967 459789 478003 785834 446873 681991 645189 179472 289895 761782 667926 376894 595614 531284 371319 663252 606332 999999999 581870 489728 300574 228112 388720 743738 294395 421913 177150 147827 194322 765685 180081 381715 137134 365201 494416 500082 416983 200744 419291 279421 711783 156489 390233 316632 372359 217828 244932 123994 321386 644773 492923 361776 577370 79219 450533 222010 403433 103568 639363 612984 419373 78959 641218 237207 317645 702182 479081 492732 72331 694795 326017 158476 456586 515564 493618 410644 380540 265254 396975 50234 441807 485210 419678 267291 466789
523547 598000 1067658 471700 918012 509114 605658 88645 497793 273920 949189 756950 756686 813061 658436 762802 328881 752451 1044432 912369 180661 946633 757735 554211 324527 282447 633079 519056 145356 297702 886773 537689 581870 999999999 320786 447633 634345 617399 409781 667529 834260 654728 716459 557699 1036801 492671 715373 492610 350878 289027 198330 743194 388925 976317 313430 936489 590434 502593 479989 321849 670176 825078 467548 547875 389660 937236 567847 548348 658211 549314 417146 970937 604596 477597 810956 993374 557305 381898 818736 597631 225543 501295 558433 588312 387183 487274 730796 972691 120204 932134 882575 509863 831004 611969 532386 145709 251079 616059 841262 1045664
230724 757188 902336 531760 1014505 570746 429517 241671 203004 500806 849313 697641 720854 660036 514017 776444 30826 851934 1171172 919272 500778 1047588 660991 309392 642056 585583 725203 742529 413216 440222 1021454 760679 489728 320786 999999999 216411 650529 720074 710569 426759 869412 635715 576588 362334 1157162 324495 781371 355824 490809 515795 439700 816149 309652 790433 353447 1073700 412249 213159 229658 119511 466577 692339 428226 635777 663338 958646 290599 229483 544089 241033 267747 887004 563357 728857 951687 896861 427169 655982 705479 670920 544533 678047 241952 455683 678335 230379 646023 944090 201590 956945 884119 636516 752724 720255 454238 306594 70386 734021 749774 934331
121951 684268 685992 426082 883760 458668 214528 359227 114114 515512 640639 506624 538465 444648 302979 614088 186008 732168 1052177 746343 607276 917971 458019 107017 730608 653171 611642 718669 478553 414555 913639 734693 300574 447633 216411 999999999 500067 613653 764720 223925 712488 467786 364630 146279 1034775 121129 647077 164459 448248 527162 479770 683232 182325 575161 294539 965091 197393 105001 37742 130623 251167 479435 282141 530253 691121 790861 131652 281773 340902 173370 103737 681648 391477 729570 851498 688223 227334 684916 496446 551717 643582 626380 210336 251893 722960 48924 447853 755443 338046 790837 710221 556124 552428 617380 277796 358426 243592 635911 545458 722256
611663 307884 580000 166118 386395 135619 379936 588515 611603 443582 381826 183311 149328 383912 318895 130743 623973 250351 559438 280445 675940 420757 249186 512085 713149 618188 162986 446530 534636 349320 435343 451700 228112 634345 650529 500067 999999999 181738 657196 521814 218913 70702 319557 419197 540097 389360 153690 341012 310473 439681 486223 189232 341915 551155 331384 483677 384544 599899 524330 532115 441067 350512 223989 149096 550527 312417 583083 781786 258896 664675 402276 380064 125322 511027 387649 414250 303751 549570 310854 115004 681349 327702 705503 300301 608281 535116 215715 340837 609050 309414 248951 225799 260769 192865 227580 490111 624885 216127 288076 477850
733472 129721 753821 190657 303488 155155 538307 595999 727747 370679 543174 358048 313478 565648 490816 227240 698195 136666 451209 346103 608833 334288 430207 649790 610463 521411 25544 286830 489636 321316 302833 287744 388720 617399 720074 613653 181738 999999999 529606 680319 247869 252440 498602 564638 437935 520056 116897 472741 266698 360961 434207 133104 434816 731850 367935 354982 539457 718297 644227 610108 606541 531393 335179 84884 424530 351144 717144 887802 434192 786160 510053 529918 294916 362044 237877 568357 455152 425691 490021 71345 602217 179784 823989 459647 483805 655887 397147 442721 627153 343260 329120 110164 429684 12616 371679 487628 678625 34596 460188 633746
870791 428904 1218426 514478 759331 528865 840076 471608 849645 258987 1037555 834241 806468 983211 850439 749914 709818 625158 825068 875603 249500 776906 877178 857867 130450 127415 554609 265385 298295 378036 678634 275782 743738 409781 710569 764720 657196 529606 999999999 949349 776269 713290 890897 820271 827212 751405 646129 726012 378811 252045 285257 656281 622125 1160841 494607 716695 830316 849543 802225 668014 916586 971052 623526 512237 106868 877166 896325 939251 819913 909162 689537 1037093 705354 182763 608219 1071381 763265 107643 944232 559900 206477 350002 928753 787284 49540 812631 843143 970737 514812 868500 858322 437215 914316 518017 698061 414689 640976 505825 937878 1134584
216716 780327 496734 518982 899376 538794 142472 579929 239808 691394 512137 447025 495270 292220 215497 601446 398639 772092 1075633 702936 818511 933342 369819 118668 932360 848172 670027 855065 680376 576589 957152 868497 294395 667529 426759 223925 521814 680319 949349 999999999 700084 464858 253163 130559 1054528 198130 674886 229974 594258 700267 671059 709645 327457 376186 455669 1005181 141085 225505 199314 354548 90683 343331 362462 607478 863947 754068 150726 385146 277602 247744 262989 562999 396514 883292 907339 557092 225524 858703 378845 609958 851465 746602 286240 222113 903956 196841 377253 678466 561222 757055 667583 656739 460854 687750 309493 563758 464841 709852 441247 574455
818913 355816 600980 364566 211859 325776 564956 797079 821450 609671 373441 264504 210090 487506 485052 99988 842733 176830 386431 101529 848788 243145 352506 711755 858006 768009 223861 524338 719483 538525 308027 521549 421913 834260 869412 712488 218913 247869 776269 700084 999999999 245870 461076 615798 362878 596893 131079 549630 489832 601683 666274 122042 560477 617718 543985 342843 573462 808928 733881 750862 611923 436313 442127 291919 671917 105028 783660 993845 422540 871335 617910 340341 322221 603890 298012 381929 500870 673275 386569 239742 845671 426387 913136 489310 731119 744092 332161 209687 820936 98583 96507 352050 297418 258887 435103 693921 843225 270524 331249 445057
573043 378131 513807 205136 435104 184561 325097 600763 575791 487658 324835 120955 102792 313214 255779 146512 607606 312414 610948 283572 713059 469246 179132 466843 761223 665617 233427 512688 567234 383758 495334 518739 177150 654728 635715 467786 70702 252440 713290 464858 245870 999999999 250990 371471 590178 351138 212870 304160 352345 485580 522504 246291 326764 481051 343240 541938 331819 563162 488250 516220 380800 280423 209503 214341 607307 324602 538652 748579 193996 625480 376197 330415 76464 574169 452237 361203 255874 605786 242151 185054 722331 393039 667267 246921 663966 498363 145323 320734 616651 323888 248445 289790 201101 263544 189990 509057 617458 286821 225168 422718
428821 618202 351323 388063 668505 389927 152372 640282 442607 638615 277219 198907 251314 97319 62786 366725 545763 561541 845176 452865 826416 701510 116955 308285 909324 815649 481830 732253 676044 519126 741533 741590 147827 716459 576588 364630 319557 498602 890897 253163 461076 250990 999999999 221679 822519 252868 461515 231595 512115 642137 646796 493002 327736 271528 423679 785949 168699 427666 365758 468296 162653 115972 271318 444352 791017 504945 374132 611392 71561 473994 320217 321854 206938 780991 702299 324622 160874 787665 134034 428147 848106 613460 516273 129473 841819 371445 129318 425531 638839 508699 418229 511511 208191 508743 196256 580954 587074 532133 191265 357912
212490 657778 541024 394434 804386 417451 69435 472554 223074 561834 498884 383910 423598 298456 162329 515810 331739 666349 978518 634781 699039 838709 323698 96504 807594 721540 556781 725930 557019 446284 851587 739692 194322 557699 362334 146279 419197 564638 820271 130559 615798 371471 221679 999999999 958823 69515 572605 100151 463806 570397 544343 608368 198194 433201 325917 901173 53034 208453 144089 264961 113131 334837 236809 487907 733755 682864 168304 395288 210214 261799 141671 542444 297049 752897 797124 546301 115884 728585 355264 495929 729813 619203 304513 127719 774469 149906 319188 629987 460113 684275 598570 532238 419151 571063 194425 443325 383497 592376 408343 577720
1149868 440838 935378 625568 155152 587141 915267 1026729 1148021 769060 710999 627304 572567 849734 841876 456057 1134517 305644 26108 405571 989099 121315 715372 1052176 943474 873980 431982 568922 898003 750286 152681 555113 765685 1036801 1157162 1034775 540097 437935 827212 1054528 362878 590178 822519 958823 999999999 928491 388329 880010 694308 755639 841937 352146 863303 970349 805831 110569 921650 1137034 1061540 1045196 968600 797402 752834 521545 745255 356044 1123151 1314667 779049 1202989 933285 666071 662187 647258 228520 705823 843036 750147 747458 487827 969335 539389 1243102 836741 795896 1072661 694292 501251 1060527 347383 429847 533532 655962 439038 767526 917766 1116559 428507 689041 760496
222574 605213 590856 341407 775549 368327 115032 409010 224694 493278 524987 385495 417922 340637 190098 497631 293716 629991 947025 626742 630486 809897 338818 130449 738111 652051 514688 664148 487740 378786 814075 678484 180081 492671 324495 121129 389360 520056 751405 198130 596893 351138 252868 69515 928491 999999999 540230 48489 398920 502148 474849 576384 129343 489021 257549 864674 98751 212036 137238 215838 178182 368837 185494 439984 665953 672135 197259 397992 221454 275451 75663 563880 274699 687944 755959 572564 106352 660659 381028 453797 660759 560548 316688 132308 705864 147226 327259 634314 399642 672474 590544 478008 432514 525398 162434 374820 335031 545719 427007 610071
761558 232166 671956 255502 236808 215334 533335 684868 759996 481283 451734 289008 236496 512184 468527 126673 756750 100031 406851 229487 720377 270942 372219 664817 726946 637175 92796 398240 594842 417781 282735 397020 381715 715373 781371 647077 153690 116897 646129 674886 131079 212870 461515 572605 388329 540230 999999999 491742 366430 472675 540603 36195 479270 665894 439896 330295 538187 748862 673329 665751 592744 469645 365809 167672 541325 235051 735435 927802 406865 814676 546442 431035 278528 476070 241159 471193 457347 542549 423433 118261 715927 296130 854880 453803 600579 684407 343044 329077 712083 227561 214287 221882 349134 128167 379826 578836 747816 141535 382148 536569
270710 560563 578685 296682 727120 322068 117539 412586 271869 467045 495625 345063 374549 324888 169918 450656 325440 581623 898536 581892 619771 761466 305379 177053 720411 631802 466897 625780 473407 349583 765835 639557 137134 492610 355824 164459 341012 472741 726012 229974 549630 304160 231595 100151 880010 48489 491742 999999999 364502 474796 455319 527898 109189 483724 231839 816361 105368 259579 184296 241247 191626 346434 139458 393448 636991 626491 245244 444423 189119 323679 90068 531558 227706 653405 708141 542968 72601 632048 353016 405963 647387 519447 364702 103160 679429 194689 290432 593600 408355 626568 545781 434067 396966 478337 114620 365842 358186 498929 394279 584080
568349 268976 843092 147300 568782 175101 471762 332444 554306 135434 675063 470736 452933 604570 473050 429306 474759 402447 704277 575182 365840 598351 503303 521136 410260 314534 282251 270427 229733 55993 548286 286506 365201 350878 490809 448248 310473 266698 378811 594258 489832 352345 512115 463806 694308 398920 366430 364502 999999999 134585 177685 392939 274385 782136 154164 599686 464225 549120 484968 397789 548962 594260 247155 198916 279965 594381 574433 690128 441102 616427 352812 682747 331125 289134 474312 713129 390583 276184 570315 250323 371163 187635 647136 412262 329705 496694 470044 649349 366730 588395 548673 161238 550914 261729 320531 223478 437891 267581 570835 773534
640392 314806 976928 280571 647713 304378 588185 305898 622014 15775 809187 604736 585021 736031 599592 551776 507210 487510 761483 692988 247937 673718 637677 614016 275885 180170 381714 234974 144627 125991 603854 253715 494416 289027 515795 527162 439681 360961 252045 700267 601683 485580 642137 570397 755639 502148 472675 474796 134585 999999999 90990 493728 372896 913201 244599 652250 578658 619716 564898 447283 664832 727698 372672 311816 164714 706662 658248 734964 571811 683512 444006 815660 465595 213182 527701 846730 511282 158986 704639 364190 244702 216305 708453 535602 204725 575952 604530 774167 348184 699697 669115 251366 685017 352600 447636 210744 452041 350602 705308 907571
585824 401617 991507 320586 728847 351793 572334 218213 565105 75664 839633 637194 624715 743237 597963 606911 434437 565673 848650 752786 190561 756090 658629 574819 265442 177211 452736 324519 56249 138780 690901 343268 500082 198330 439700 479770 486223 434207 285257 671059 666274 522504 646796 544343 841937 474849 540603 455319 177685 90990 999999999 564858 347381 917838 226122 740005 560687 564630 517185 384599 646844 741891 376113 374422 223911 771089 611289 664240 579220 625176 408698 851762 489986 293923 614853 879938 502752 216672 724465 426537 203283 303983 646431 530156 245552 527502 627194 826283 261456 764848 726352 324240 716273 427198 450663 133946 373110 428207 733106 938188
797750 233779 690818 288325 200771 248207 568363 715205 796180 503111 467649 315136 261175 540241 502056 144871 791756 71586 370755 223494 741660 234850 400205 700792 742021 653919 112278 402410 619723 445521 249168 399508 416983 743194 816149 683232 189232 133104 656281 709645 122042 246291 493002 608368 352146 576384 36195 527898 392939 493728 564858 999999999 514944 690091 472854 295768 573471 785054 709523 700918 626858 495936 401860 195715 552861 220907 771479 963887 440050 850867 582499 443126 313607 482338 212357 483980 492982 554562 448745 149134 735319 307240 891074 488943 611871 720602 372194 329080 743333 212386 213870 242418 370662 142594 415838 608435 781695 150932 404216 548945
304216 501945 678771 245272 715434 279758 226709 313112 295234 363939 573857 399411 415992 424151 269593 466817 282379 558322 879443 610079 510743 749243 380215 246760 611977 524340 434778 543311 364239 250257 736776 558542 200744 388925 309652 182325 341915 434816 622125 327457 560477 326764 327736 198194 863303 129343 479270 109189 274385 372896 347381 514944 999999999 589083 128352 788640 214058 287138 216507 190529 299800 438198 118605 350515 536921 649003 301837 453147 272489 355577 80232 603204 256445 562106 672506 620067 168532 531548 436497 376216 538204 446082 391352 199413 576521 228416 358006 640451 315137 647299 575167 373801 463837 437759 155524 257637 292061 455485 467779 667137
592798 859038 124937 651992 827263 647924 373989 895720 615167 909944 267272 377574 429448 177685 321412 546393 760535 761675 995520 565704 1095382 856094 301980 484541 1180810 1087177 710980 988980 945565 790609 924016 996537 419291 976317 790433 575161 551155 731850 1160841 376186 617718 481051 271528 433201 970349 489021 665894 483724 782136 913201 917838 690091 589083 999999999 693551 960550 390452 600549 561595 698161 324021 200650 542821 692812 1059672 617308 526910 757144 341390 622309 563909 320852 462215 1043560 901310 290291 421120 1056617 243061 666035 1118402 869015 658601 391187 1111582 562500 335794 486000 888508 624961 540566 765435 321677 743418 467684 846149 816472 766434 287639 267723
414229 407520 772197 184530 666929 224672 347627 258121 400194 235930 637809 443555 444281 520782 372689 462084 333370 501951 819048 611805 402860 699236 448654 372431 491445 401024 374924 424347 252368 122565 668203 440606 279421 313430 353447 294539 331384 367935 494607 455669 543985 343240 423679 325917 805831 257549 439896 231839 154164 244599 226122 472854 128352 693551 999999999 720433 336833 394957 331544 249833 423228 524096 157902 284630 408578 642512 422219 539839 358424 462295 202314 657873 291208 436777 598245 681246 276638 403196 512029 324285 424861 337540 493397 304286 448566 343187 420032 663346 277737 638765 579813 283859 518223 367478 229233 168219 310890 380683 529834 735142
1083113 338524 939727 545591 139762 509122 863568 931003 1079106 666115 712097 598669 543206 825007 797593 422762 1052494 234940 110356 410231 882057 121938 686442 991752 833476 765193 353909 459298 795759 655572 52250 445165 711783 936489 1073700 965091 483677 354982 716695 1005181 342843 541938 785949 901173 110569 864674 330295 816361 599686 652250 740005 295768 788640 960550 720433 999999999 868164 1068966 994034 964943 922619 776214 683529 439865 635558 368341 1061443 1241771 735367 1136135 862081 673115 608781 537036 125788 714315 786587 640573 726978 413385 861153 436164 1175054 783971 685696 1005476 661396 517256 966353 358215 426594 441086 639762 353789 707178 822284 1029482 339759 673713 773743
