NAME : synthetic_000282
TYPE : CTSP-D
DIMENSION : 100
GROUPS : 8
RELAXATION_LEVEL : 1
EDGE_WEIGHT_TYPE : EXPLICIT
EDGE_WEIGHT_FORMAT : FULL_MATRIX
EDGE_WEIGHT_SECTION
999999999 542193 540724 433092 561803 458793 490559 456509 614808 363388 605383 710873 261624 254883 224105 144182 114821 212740 548867 58355 486537 523231 640475 312223 341898 221878 532582 669809 571154 620022 439595 647125 767996 70812 209914 454066 436140 507869 527230 662228 470754 567247 383804 583032 743986 598327 226546 441344 424794 521117 108446 593902 175132 526472 463145 771768 602333 224888 617162 442186 634884 424020 399119 536949 659100 639541 525609 365036 597353 475467 499401 341126 322126 685946 279194 263973 531412 579869 561037 211968 615438 581548 549291 249681 419735 121948 304495 747868 867957 349746 541540 571055 613103 351866 661464 159738 299854 709811 449606 643777
542193 999999999 149452 868139 418961 494540 680345 122471 314989 615935 272054 381289 585451 312269 518309 451575 654082 333644 795029 486770 121997 69624 427396 664272 530137 370387 146227 427594 898298 308971 830018 493524 499289 612218 548329 952352 460758 491824 165636 189423 83216 692405 189628 200234 506962 506438 323059 663081 539415 451607 522688 181083 565436 254400 938289 485897 532301 334849 428958 798818 234453 555046 789284 281394 361980 118018 93760 816768 938410 706786 601187 608541 840975 256998 726630 411583 189369 127690 137800 410778 158429 483057 921733 293032 847733 600265 639980 366026 494257 852346 897642 918372 380509 747586 256174 660279 490413 416356 327183 238660
540724 149452 999999999 919430 555102 371350 566128 97962 167057 522504 125947 243161 647394 361964 577145 420450 642613 330560 683397 492878 253999 82141 277947 588508 615965 331809 8495 574632 797970 457084 749254 635082 648519 611099 489265 982061 340989 358919 22141 331898 119534 565559 276815 59116 655225 641254 315430 557043 641900 314139 551130 55854 608345 109034 977586 344342 388404 316016 279948 711467 108562 443055 711288 134751 216258 248529 238345 861161 839383 598615 477686 519716 805545 152094 670315 344088 42395 51172 286588 363244 306240 617379 831127 314294 900504 568704 563250 244022 376224 807954 804164 821748 525110 674466 135801 681608 406432 565559 448767 387654
433092 868139 919430 999999999 652539 891364 896982 823414 1026057 771974 1008734 1123075 284372 561362 349845 575714 406067 601295 926556 454675 768654 876490 1066659 692835 372109 642698 910936 770710 900998 789750 754079 695539 848461 386770 628577 157724 869229 940914 911604 913825 820154 981288 678930 971409 810240 627503 617778 845576 421723 953521 375254 975264 311329 933119 101042 1194160 1035414 627517 1044893 781735 1024472 850458 726306 948451 1074211 929747 812274 69310 912311 870929 923713 749577 503503 1071409 601812 695725 922067 946839 823417 641760 872472 626372 850035 605581 21825 507856 695801 1150493 1277571 555319 857055 886746 735530 690553 1052086 275153 730641 829127 615233 860354
561803 418961 555102 652539 999999999 801668 941552 476724 720318 835293 680907 796827 404701 349796 377015 578576 663485 467519 1037291 510656 301509 474975 821150 832677 290150 550558 549151 120428 1099568 161607 985801 92848 211716 606461 703808 787711 765804 821958 564186 336359 439347 986330 308190 612341 183083 87667 473254 905700 231156 797472 470324 597180 452361 640721 747872 899380 890134 498272 815391 975868 652125 827603 943224 667539 770923 398600 325605 630119 1132446 949274 895284 818419 875001 675652 835110 628291 586715 545449 293864 589296 314846 64987 1093863 411061 630887 676060 815304 784981 912704 908628 1080049 1107486 85867 895181 674838 577860 715444 176796 130047 258278
458793 494540 371350 891364 801668 999999999 197741 375328 298484 198985 323862 363677 688806 473949 627673 320499 504839 359505 315286 448019 547007 429011 243343 297242 721507 281031 368995 863502 439509 760894 425744 893525 953439 507716 275718 892543 36092 54324 349309 683269 419723 198008 496809 362382 948499 874522 347394 200198 784042 94234 537969 389103 613161 271373 912646 374188 146848 324130 214861 377843 387953 86981 396894 254803 312581 609525 556237 822784 481582 236166 106921 209350 578115 433211 412601 206406 331365 420985 610225 262121 647466 851386 485450 403165 878442 400280 275045 426129 504632 559003 455042 467519 805312 375339 401612 616442 162635 873495 672793 719716
490559 680345 566128 896982 941552 197741 999999999 558403 492774 127365 520667 547964 748614 595095 699085 386075 490954 475486 117645 503488 716823 617959 419533 209720 808105 391557 563141 1017790 245456 924267 267023 1034398 1112035 515551 280807 863212 225303 229510 543990 866275 601296 89682 650548 559929 1102244 1005729 468552 51494 881766 280656 591397 586475 664015 468772 896170 536494 278323 443484 392181 213557 585381 125310 252429 452542 500362 797434 732389 827924 287369 48528 102829 149838 486827 629738 324140 313270 527227 616477 785744 355363 827525 983924 300502 530553 888266 390639 202124 613507 675197 452992 268198 276072 958154 252706 598233 628742 226782 1035234 811613 894713
456509 122471 97962 823414 476724 375328 558403 999999999 247545 494025 212690 333849 549814 264372 479655 347910 563100 243855 672728 405560 184125 71098 344440 545678 518565 261764 89654 511169 776085 398781 710730 561453 593150 527312 434006 890354 340804 377093 96406 308519 44783 573310 183467 155163 594592 560745 230058 540621 546909 340831 458111 153351 512830 163998 883735 430331 427314 235412 339541 678133 206355 433097 670549 190866 299582 240408 183678 766129 816327 584363 481385 487182 738129 249413 614370 293327 115204 125229 237357 299130 272166 536708 800688 220112 804255 497967 521052 340868 472928 745433 776145 796511 457375 629984 233713 591088 369333 510864 362453 346169
614808 314989 167057 1026057 720318 298484 492774 247545 999999999 487346 44460 97034 769113 490260 699046 476240 700643 424862 608576 577420 420234 249163 118161 574129 754963 392936 172079 741578 737154 623685 719068 801604 814111 681107 505302 1068387 280627 264091 156144 488944 281225 467806 430469 116152 821797 805753 408358 498662 790543 212786 650881 140411 716969 94192 1072693 183260 256911 399131 129199 673568 106847 383987 686676 78062 52372 401613 405330 963155 779227 533940 392576 491877 830218 140137 676317 369346 133774 193024 452739 409234 468356 781781 783787 429328 1008741 610169 549384 138603 253286 822097 753513 765793 692141 658409 110044 769013 398562 731226 609629 550842
363388 615935 522504 771974 835293 198985 127365 494025 487346 999999999 505649 560243 622325 485777 574451 265821 366576 368059 202213 378350 633755 560145 442300 103033 685390 286748 517849 918854 282994 832573 232078 927834 1015142 388787 154006 745048 207755 249917 500834 794556 533508 209334 556859 529542 1002283 894969 363754 78217 761015 293123 465229 553650 537286 440058 775035 572622 329539 339200 413822 189663 564685 115131 199613 430562 507854 733896 655053 702770 322595 116776 166031 22553 390636 613916 223006 215407 488467 573651 706726 246261 752756 873899 308752 425996 762708 264464 85839 620503 703548 365739 282683 302486 858884 176430 582501 502126 127935 941182 706301 813497
605383 272054 125947 1008734 680907 323862 520667 212690 44460 505649 999999999 121499 746543 464444 676200 470521 696152 408046 637516 564828 379941 207511 162377 587889 726733 384535 131758 699288 763332 580997 737710 760991 770765 673217 510502 1057179 302221 294625 117858 444550 243143 501321 396139 72209 779016 766865 391681 522922 758922 243907 634432 95957 698215 79293 1058917 218983 296528 384956 171800 693902 66925 407191 703763 76878 90386 357160 363303 947103 805398 560015 422464 508352 835290 109416 685520 370025 97488 148798 409852 405160 424378 742954 806909 406830 990894 609576 562809 142795 269314 829898 777321 790919 650584 673174 77786 756649 408599 687937 572695 506969
710873 381289 243161 1123075 796827 363677 547964 333849 97034 560243 121499 999999999 865096 584654 794908 571224 794620 521846 659679 674208 495324 321864 130697 652479 847897 489033 249933 807885 793290 688459 789363 874379 874025 776602 593261 1164713 352851 320105 238120 538574 362346 509005 517150 184757 885295 883477 505346 561286 880386 270668 747911 200339 813836 190497 1169531 105721 284222 496143 156442 741396 147731 450655 759595 174940 54158 449916 474647 1060184 835066 592422 445282 567366 917015 146344 759456 461529 218777 253676 517587 503722 524993 859692 845810 525157 1105729 702068 628359 67789 157253 906195 814406 823941 761793 734834 130981 865686 482887 791861 691897 607766
261624 585451 647394 284372 404701 688806 748614 549814 769113 622325 746543 865096 999999999 285451 70424 372301 316931 351093 810486 246574 484284 598057 825834 573411 117603 413051 638961 524956 827751 521645 690178 469397 614315 264873 468344 393338 660188 731518 641949 632290 542016 821213 395856 702134 581020 406967 367171 700537 198409 732772 157229 703082 86990 674939 364586 945449 822628 383122 807401 698855 754732 670195 651976 693560 819617 645481 527902 241150 851172 736086 746519 600412 510412 799224 525831 482531 654936 670544 539961 426694 589916 397694 798769 339948 263394 379046 566120 885431 1015502 553340 794607 824649 480078 606322 782341 190119 542259 578591 340801 583383
254883 312269 361964 561362 349796 473949 595095 264372 490260 485777 464444 584654 285451 999999999 215293 230857 369441 119712 687929 196561 235398 315143 559709 485481 266730 203851 353539 440552 751216 372929 643276 442149 538840 319128 355913 640086 439699 504486 356956 408853 258800 646256 132769 417108 521580 410641 128392 557286 315231 491949 212173 417632 253925 396450 627165 670663 586084 153162 544988 629392 469519 486345 600391 417495 541890 394489 276782 506788 785106 600443 557937 468670 575377 513776 501891 283468 370831 385995 307736 240440 362189 388960 749531 71386 541711 348297 467033 601323 732229 598758 733871 760593 381000 552819 497096 350301 368314 471669 221993 389183
224105 518309 577145 349845 377015 627673 699085 479655 699046 574451 676200 794908 70424 215293 999999999 316366 301617 283229 767842 196192 420827 528810 757368 534477 118355 349004 568704 495092 795251 477636 662618 451338 588726 245386 421538 446892 597934 668681 571568 575134 472647 768188 329117 631754 558478 394128 299068 652474 202750 667773 115794 632866 75368 604858 424177 875931 758657 316119 739423 666291 684381 614183 622684 623726 749688 582984 464521 301003 821282 689961 690377 553095 507326 729041 500143 421352 584512 600843 480108 366048 531487 381142 772168 269759 329436 345777 524675 815008 945112 546012 765309 794936 445467 575702 711996 200852 486168 545000 294870 531412
144182 451575 420450 575714 578576 320499 386075 347910 476240 265821 470521 571224 372301 230857 316366 999999999 225749 128001 466451 127749 425516 418429 496643 254661 422303 88715 412833 671344 521017 598456 413588 670057 769517 205846 125279 596390 295248 367295 404254 600575 372054 452065 330766 456137 752388 633001 133001 342104 495882 377807 218199 470392 293491 391229 607211 628619 461182 117051 473097 398536 506192 298166 370683 399104 518641 560902 457839 508250 554400 382585 374468 246255 390550 558260 281966 120072 404743 464533 502388 68252 554682 612711 518960 185876 561545 150061 236732 611754 728476 400831 503015 529786 611700 323591 531773 303824 170107 700925 452426 599562
114821 654082 642613 406067 663485 504839 490954 563100 700643 366576 696152 794620 316931 369441 301617 225749 999999999 321486 525223 173123 601293 631474 711669 288027 418156 313377 634723 775164 519846 731261 377462 745314 872576 57186 230636 387749 488874 557649 627540 777048 580463 575856 498606 680915 846516 692245 333837 439527 503336 579897 193705 694069 234049 616872 411074 845949 651651 328032 686337 392948 731483 452311 341852 624057 741420 753465 640157 337112 539655 465358 522775 344329 212069 783384 213440 334297 629350 684343 675858 291494 730258 677304 484419 362903 397834 105503 289837 836993 951687 245865 482846 513123 719817 299205 757270 146591 342468 817723 557243 757914
212740 333644 330560 601295 467519 359505 475486 243855 424862 368059 408046 521846 351093 119712 283229 128001 321486 999999999 569846 162408 297928 310647 474820 376446 364574 84148 322255 552277 638757 473346 538951 560216 649515 283552 247388 652671 326468 394178 318704 473646 258987 527033 202935 376591 635027 530261 16512 438304 424559 387667 226429 384947 292485 331837 651478 596501 480381 35399 456342 520300 429364 367123 496147 347491 473585 438094 331425 539090 674091 481768 439497 351828 509083 479059 409821 163928 325577 367787 374810 121831 427496 508444 642404 59510 583883 269604 356153 550444 676394 524001 624609 650280 492313 449710 456594 351727 248736 578230 338266 471599
548867 795029 683397 926556 1037291 315286 117645 672728 608576 202213 637516 659679 810486 687929 767842 466451 525223 569846 999999999 572194 826038 733715 529821 239287 881568 487671 680280 1119194 138278 1029899 213239 1129895 1214843 560158 347554 873032 342817 344545 661255 979569 714988 159774 754615 677561 1203000 1097138 564962 134593 959226 395868 655159 704120 723913 586415 912944 640003 382132 540193 503265 163872 702556 240984 218283 570043 613692 912530 843728 858844 178271 89914 216118 220399 471171 746357 327577 413139 644715 733862 896627 448022 939877 1076104 206541 627301 920405 435693 244390 726088 780333 428565 173523 172645 1059285 240911 714925 670080 324482 1139690 908097 1004993
58355 486770 492878 454675 510656 448019 503488 405560 577420 378350 564828 674208 246574 196561 196192 127749 173123 162408 572194 999999999 428447 470734 612084 341606 309632 188217 484597 616231 606353 563226 480798 597744 714696 125802 225374 492489 421932 493962 480594 603973 417261 574722 325627 537795 691869 551665 177471 456441 389248 501658 90639 547024 165865 486760 495343 740638 587306 180127 590219 478287 590265 424094 439148 499361 623651 582313 467790 388928 634969 493770 500383 356925 379673 640547 325078 244602 486439 529992 502774 189147 557189 533872 590270 193747 439267 165695 330132 707623 830590 405679 580110 609014 558851 391193 617257 191840 296469 654744 395199 585564
486537 121997 253999 768654 301509 547007 716823 184125 420234 633755 379941 495324 484284 235398 420827 425516 601293 297928 826038 428447 999999999 173466 525273 664121 417395 358679 248351 327064 915506 215745 829692 381385 410054 553141 538838 864574 511264 555451 264312 176710 142149 742986 103006 310861 410509 388250 292790 691546 420153 522462 445673 295923 476719 345411 844891 598022 610723 311946 522281 805362 351206 593337 787393 372746 470192 162544 43695 721827 953620 736190 650153 622365 801595 377815 707473 419088 287416 245005 76885 401880 130087 364540 928877 243671 747652 565440 641592 485407 614944 819961 908021 931498 273937 742417 374648 583303 505852 328385 205218 179765
523231 69624 82141 876490 474975 429011 617959 71098 249163 560145 207511 321864 598057 315143 528810 418429 631474 310647 733715 470734 173466 999999999 359336 615115 555375 332726 77836 492492 840978 375072 779623 553683 566977 594009 504831 950283 395983 423978 96541 257823 56347 626394 210887 137469 573201 561635 297683 603238 574253 382815 517760 123151 568087 184846 940863 424742 462750 304764 360013 745889 178972 492926 739802 211917 297896 180519 156205 821479 881621 646382 535899 554326 808846 211215 685355 363326 120352 76047 204971 370227 228046 537874 867928 280610 856770 568477 590334 314719 445908 816481 842746 862395 443121 699805 203701 652942 437103 484012 372846 308064
640475 427396 277947 1066659 821150 243343 419533 344440 118161 442300 162377 130697 825834 559709 757368 496643 711669 474820 529821 612084 525273 359336 999999999 539081 826360 423960 281537 850520 664366 734108 667402 905487 926301 701387 495936 1092532 239503 195067 263120 605642 383435 378316 521265 232581 932112 904799 458673 435963 870382 149190 693739 257965 764601 180481 1103587 135324 154001 443881 28483 617979 223523 329280 639864 153626 92875 518868 514821 1000941 705984 464959 316705 451875 813735 248215 651308 378899 239377 309519 564292 428547 583256 880756 718878 492616 1050855 612951 515994 198213 261308 798402 687081 695576 799057 618557 221559 799412 381140 843335 704598 665226
312223 664272 588508 692835 832677 297242 209720 545678 574129 103033 587889 652479 573411 485481 534477 254661 288027 376446 239287 341606 664121 615115 539081 999999999 650521 305570 582881 925829 267442 849767 166224 923700 1023861 320914 129684 653595 300525 349868 567722 833254 581066 298578 577018 603388 1007044 884276 376664 158949 730850 390286 419961 625570 486524 517145 687552 671326 432075 354539 510723 144063 643007 216814 125012 511334 599150 780735 690807 624310 299818 178455 267901 88197 287733 693860 120190 252716 558448 638955 739802 262322 789217 864697 266068 435935 685429 196502 25334 710197 799520 263137 248548 275124 866103 86119 662985 431460 182519 954217 707062 842623
341898 530137 615965 372109 290150 721507 808105 518565 754963 685390 726733 847897 117603 266730 118355 422303 418156 364574 881568 309632 417395 555375 826360 650521 999999999 440503 607852 410567 912769 418008 780890 351918 497994 362608 534165 499067 689672 758440 614472 546506 501634 873414 344792 673727 464026 289410 378640 762911 85220 751743 233928 670094 185317 661749 462776 936495 844847 399689 811231 783908 724513 716548 740829 683554 806963 572206 459575 342244 939248 801707 792082 664556 620204 764402 618497 517559 630837 630809 461716 464243 507448 280173 890470 334574 350293 463766 639708 859421 991409 660756 883380 912940 368749 693725 751590 303979 589512 465873 244104 489192
221878 370387 331809 642698 550558 281031 391557 261764 392936 286748 384535 489033 413051 203851 349004 88715 313377 84148 487671 188217 358679 332726 423960 305570 440503 999999999 324235 632108 562188 547916 471014 643356 728521 288751 180926 675713 249752 319865 315539 529638 288961 443216 272925 367703 715575 614305 77367 355224 504692 319838 271071 381699 343955 305354 682199 552589 409765 52522 402444 447730 418106 283372 428751 315116 437469 483094 386669 577145 598804 399018 356450 271735 476667 470037 356407 80012 316228 376313 434661 43252 484887 592400 570979 139707 626968 237463 283436 526611 646084 483859 551223 575760 572136 384114 443934 377705 164959 655270 420895 537065
532582 146227 8495 910936 549151 368995 563141 89654 172079 517849 131758 249933 638961 353539 568704 412833 634723 322255 680280 484597 248351 77836 281537 582881 607852 324235 999999999 570086 794036 452879 744036 629629 644764 602991 482720 973651 338196 357774 20526 330427 112453 563869 269190 66609 650996 635135 307164 553350 634183 313640 542669 64343 599851 109832 969116 350520 389298 307935 282740 706610 116746 439711 705890 136147 221868 247981 233841 852670 835377 595137 475529 514759 798388 160577 663845 337627 43465 56107 282756 356028 303760 611235 826551 305803 892011 561271 557646 251932 384123 801107 799759 817565 520134 668781 144061 673228 400989 561798 441977 384788
669809 427594 574632 770710 120428 863502 1017790 511169 741578 918854 699288 807885 524956 440552 495092 671344 775164 552277 1119194 616231 327064 492492 850520 925829 410567 632108 570086 999999999 1190594 119787 1083480 99707 98679 718539 796165 907642 827414 877339 587693 294489 468912 1054890 368313 627750 85004 158784 555303 985621 349024 847222 583502 608349 570246 671648 866924 913026 936878 579689 848698 1069827 660257 899063 1040635 699059 789441 373969 336289 749951 1225158 1029923 962458 903543 987200 674961 937764 706314 611310 554481 290333 673201 289801 150304 1190062 493350 749160 780006 906887 786093 907673 1018860 1174321 1200847 59985 992905 679768 695801 794842 60797 221527 212948
571154 898298 797970 900998 1099568 439509 245456 776085 737154 282994 763332 793290 827751 751216 795251 521017 519846 638757 138278 606353 915506 840978 664366 267442 912769 562188 794036 1190594 999999999 1110081 146923 1190852 1288159 565096 395762 825689 462734 474803 775947 1077540 816160 298048 834975 797965 1272570 1151709 637071 241740 994648 525797 679569 823671 741035 706782 872689 777375 519041 613573 637267 129045 826887 357554 178109 692776 745809 1016312 937764 836379 42081 203354 348009 293155 411121 872709 306641 496418 761331 849033 989128 519611 1035612 1132134 78155 698101 898036 449883 284296 858955 917367 361725 51148 35789 1130701 221684 841101 665962 410552 1216708 973162 1095251
620022 308971 457084 789750 161607 760894 924267 398781 623685 832573 580997 688459 521645 372929 477636 598456 731261 473346 1029899 563226 215745 375072 734108 849767 418008 547916 452879 119787 1110081 999999999 1011812 201708 194408 676540 720679 914287 724958 770938 470991 181547 355333 955412 275714 509196 198142 239235 473521 895437 377135 738189 547306 489264 549583 556467 880546 793731 826027 496609 733379 993509 540770 802703 968936 583895 670944 256031 219315 759018 1146382 940065 862589 818934 941983 555184 874606 617500 494734 435300 171262 590499 171117 221043 1115750 413903 767926 720930 829169 666312 788229 968834 1097692 1122967 85750 922027 560070 672593 706022 112754 182773 100057
439595 830018 749254 754079 985801 425744 267023 710730 719068 232078 737710 789363 690178 643276 662618 413588 377462 538951 213239 480798 829692 779623 667402 166224 780890 471014 744036 1083480 146923 1011812 999999999 1075322 1181950 425626 291858 680885 438712 472392 728009 999415 746802 348064 740966 759898 1163263 1031875 540339 234834 864309 519468 546975 783323 604209 671236 726699 793105 538985 518969 639027 53733 796320 338823 42909 662453 737786 946725 856876 689568 162279 218832 361072 230640 268066 845840 164535 418476 717154 800126 905594 427833 955270 1013469 109709 598159 751195 317763 190087 850990 928152 221010 105496 135796 1024138 90658 814468 522474 343455 1114403 862965 1007719
647125 493524 635082 695539 92848 893525 1034398 561453 801604 927834 760991 874379 469397 442149 451338 670057 745314 560216 1129895 597744 381385 553683 905487 923700 351918 643356 629629 99707 1190852 201708 1075322 999999999 153319 688131 795172 838698 857599 912855 645684 383028 522219 1078945 398443 691003 114783 68305 566068 998456 278946 887251 551610 674055 526322 725070 794041 978220 979384 591094 900949 1066541 727970 920336 1032886 752166 851339 456388 399856 681167 1223317 1041983 987764 910818 955641 747666 922776 721138 668708 621152 360977 681950 371141 71792 1183775 503894 674393 763432 906698 858197 983367 991110 1170549 1198210 117108 984795 749388 650730 808260 157763 222869 301141
767996 499289 648519 848461 211716 953439 1112035 593150 814111 1015142 770765 874025 614315 538840 588726 769517 872576 649515 1214843 714696 410054 566977 926301 1023861 497994 728521 644764 98679 1288159 194408 1181950 153319 999999999 815799 894179 990231 917413 964779 663370 341550 549564 1146641 461525 698609 41699 221623 652050 1080928 429687 932513 680288 677200 664076 749838 946587 979718 1020425 676234 926468 1167897 726549 992123 1139092 777241 859998 428059 412459 832506 1322986 1125356 1053956 1000193 1084513 735739 1036440 801720 687175 623153 362010 769986 349091 222352 1288365 590361 827236 878632 1004708 846460 962778 1116736 1272394 1298782 157839 1091399 743888 789566 890363 82966 320195 266538
70812 612218 611099 386770 606461 507716 515551 527312 681107 388787 673217 776602 264873 319128 245386 205846 57186 283552 560158 125802 553141 594009 701387 320914 362608 288751 602991 718539 565096 676540 425626 688131 815799 999999999 241932 391154 488142 558855 597330 727876 541397 597278 450156 652686 789516 635137 297319 464707 447665 576342 136522 664018 180009 594084 405697 834090 653481 295104 677195 436790 704289 463709 388125 603539 724266 708004 593008 317541 587117 494325 537034 366239 268714 755572 261133 322624 601034 650570 626697 274004 681157 620134 533957 319323 375866 125544 318713 815361 933839 303044 530421 560567 663484 343427 730702 113417 345601 761637 501270 705904
209914 548329 489265 628577 703808 275718 280807 434006 505302 154006 510502 593261 468344 355913 421538 125279 230636 247388 347554 225374 538838 504831 495936 129684 534165 180926 482720 796165 395762 720679 291858 795172 894179 241932 999999999 618084 263082 329324 469964 710558 465712 357904 449107 513179 877492 757199 248481 232204 611735 356085 311311 532379 383308 434047 641174 631260 422467 227316 469063 273737 558087 222537 249189 434120 539113 662751 567563 559298 429199 268477 295136 132082 325045 610314 181265 145273 464547 537910 615145 138438 665721 737202 395153 306780 617793 125249 111526 643901 747588 320575 378229 404707 736427 203603 580900 354889 115796 824660 577656 716182
454066 952352 982061 157724 787711 892543 863212 890354 1068387 745048 1057179 1164713 393338 640086 446892 596390 387749 652671 873032 492489 864574 950283 1092532 653595 499067 675713 973651 907642 825689 914287 680885 838698 990231 391154 618084 999999999 875836 945175 971152 1022023 894468 951441 767695 1029261 953375 771477 668469 812103 560563 965818 432589 1037065 388193 978825 64131 1225001 1039319 672607 1068325 716901 1082001 838427 660210 990397 1113126 1027115 908087 157786 830483 830343 906699 723685 414951 1131671 546373 713762 978179 1015570 926564 664642 978299 768042 765773 670519 174666 492845 662160 1199957 1321655 465620 778060 806365 867763 632135 1109167 301019 730053 964258 734115 976239
436140 460758 340989 869229 765804 36092 225303 340804 280627 207755 302221 352851 660188 439699 597934 295248 488874 326468 342817 421932 511264 395983 239503 300525 689672 249752 338196 827414 462734 724958 438712 857599 917413 488142 263082 875836 999999999 72056 318864 649094 385024 232718 460745 335681 912412 838961 313902 221289 750956 93504 511189 361845 586144 244405 893787 373540 166205 291070 211419 392952 364514 105298 407360 230121 300177 576380 521008 801029 504690 260242 140585 214566 574910 411528 411813 178010 301924 391209 574977 233993 612793 815779 504689 368696 855745 385643 276975 412753 499096 558900 475170 489341 769220 382032 379900 594965 147453 837534 637042 684491
507869 491824 358919 940914 821958 54324 229510 377093 264091 249917 294625 320105 731518 504486 668681 367295 557649 394178 344545 493962 555451 423978 195067 349868 758440 319865 357774 877339 474803 770938 472392 912855 964779 558855 329324 945175 72056 999999999 337439 681240 421875 208442 514474 341635 962132 897549 380866 241396 817784 51323 583120 369137 658014 253057 964280 322838 94649 358889 166770 422933 360743 135280 445500 232478 271230 603616 560489 872606 516786 272662 128486 261717 632072 402621 466182 249831 317251 406418 614336 305789 648017 874082 525717 433132 927557 453475 328176 384695 455844 612275 494404 504623 820169 426245 371392 666424 215182 883682 694546 723261
527230 165636 22141 911604 564186 349309 543990 96406 156144 500834 117858 238120 641949 356956 571568 404254 627540 318704 661255 480594 264312 96541 263120 567722 614472 315539 20526 587693 775947 470991 728009 645684 663370 597330 469964 971152 318864 337439 999999999 350729 125424 543776 279133 60185 669020 649740 303213 534962 643250 293147 541389 66689 600296 89498 967965 336752 368896 302343 263478 689922 113000 420923 690226 116040 206976 268493 251724 852480 817381 576495 455709 498266 787634 160652 650813 324697 23815 73092 301410 345694 323570 625786 809390 306022 892931 551730 542439 245133 376957 789235 782333 799813 537085 653738 140646 670347 385471 580413 454846 404295
662228 189423 331898 913825 336359 683269 866275 308519 488944 794556 444550 538574 632290 408853 575134 600575 777048 473646 979569 603973 176710 257823 605642 833254 546506 529638 330427 294489 1077540 181547 999415 383028 341550 727876 710558 1022023 649094 681240 350729 999999999 265020 881255 278543 373142 359801 418885 467577 846347 525708 640633 615029 348674 638045 440224 996824 644082 719542 485400 610484 972266 393039 741058 957571 466517 530565 88659 143082 873319 1116783 890536 789663 785183 978282 396666 882225 583428 373817 296148 101207 572417 46798 399221 1095824 420286 892256 741968 809954 506562 621239 996543 1073459 1095666 267206 913584 407603 751045 667147 262832 304296 82001
470754 83216 119534 820154 439347 419723 601296 44783 281225 533508 243143 362346 542016 258800 472647 372054 580463 258987 714988 417261 142149 56347 383435 581066 501634 288961 112453 468912 816160 355333 746802 522219 549564 541397 465712 894468 385024 421875 125424 265020 999999999 617649 158684 178615 551871 524539 246936 582277 523745 385390 462068 170155 511792 203317 884647 462116 471245 256310 380133 715750 225811 476053 706077 230623 332366 200593 139051 765160 856083 626255 525568 525745 762411 262920 644647 328370 147471 129481 192629 328633 227771 500561 838751 225645 800450 521619 556764 362171 494213 772209 814854 835824 416074 664466 252035 597739 407543 467094 329673 301386
567247 692405 565559 981288 986330 198008 89682 573310 467806 209334 501321 509005 821213 646256 768188 452065 575856 527033 159774 574722 742986 626394 378316 298578 873414 443216 563869 1054890 298048 955412 348064 1078945 1146641 597278 357904 951441 232718 208442 543776 881255 617649 999999999 686668 550077 1139832 1054894 517944 139629 943796 257808 664287 577565 738227 461146 983275 482197 226474 493096 353205 294374 567939 159920 337978 440920 466203 806881 753658 912069 337678 132288 92855 231711 576262 607737 413807 363208 524422 613941 807609 411829 845414 1032401 364219 578356 971902 473608 289385 576360 622980 541660 331100 332294 995972 341505 576973 710694 284089 1067670 856419 917128
383804 189628 276815 678930 308190 496809 650548 183467 430469 556859 396139 517150 395856 132769 329117 330766 498606 202935 754615 325627 103006 210887 521265 577018 344792 272925 269190 368313 834975 275714 740966 398443 461525 450156 449107 767695 460745 514474 279133 278543 158684 686668 999999999 335799 453203 387276 200626 620303 365196 489284 344201 328782 379559 343101 750963 613557 582072 222524 512764 720111 384279 530864 698273 368648 482687 262076 144017 628742 871728 664871 594357 543318 700332 421253 612001 341856 298664 286691 177455 315855 231745 363374 843010 145405 658408 466091 555648 520519 652661 720102 823911 848650 309306 652205 410671 482196 430445 385119 184408 268925
583032 200234 59116 971409 612341 362382 559929 155163 116152 529542 72209 184757 702134 417108 631754 456137 680915 376591 677561 537795 310861 137469 232581 603388 673727 367703 66609 627750 797965 509196 759898 691003 698609 652686 513179 1029261 335681 341635 60185 373142 178615 550077 335799 999999999 707124 698837 360833 556230 700771 293227 600458 27759 660082 91277 1026959 287285 357416 358480 239013 719196 53085 440497 723624 109157 161748 286315 292208 911973 839809 595908 466118 529261 834561 102915 692623 368512 51659 77003 337972 394906 352236 675025 836157 365872 952815 601511 578059 185711 317820 833656 807880 823629 579703 689471 80677 728294 421060 615802 507534 434785
743986 506962 655225 810240 183083 948499 1102244 594592 821797 1002283 779016 885295 581020 521580 558478 752388 846516 635027 1203000 691869 410509 573201 932112 1007044 464026 715575 650996 85004 1272570 198142 1163263 114783 41699 789516 877492 953375 912412 962132 669020 359801 551871 1139832 453203 707124 999999999 182753 638552 1069642 393253 931652 653407 686790 633822 753990 908818 990785 1020947 663090 931010 1150893 737569 983840 1120495 781420 868856 444016 417297 795786 1306680 1113868 1047425 986679 1058080 749532 1015270 790372 692738 632750 369167 756326 362253 185543 1270444 576410 789123 856723 988537 860597 979482 1091513 1255344 1282165 144115 1072616 756047 759038 878807 97155 300329 281276
598327 506438 641254 627503 87667 874522 1005729 560745 805753 894969 766865 883477 406967 410641 394128 633001 692245 530261 1097138 551665 388250 561635 904799 884276 289410 614305 635135 158784 1151709 239235 1031875 68305 221623 635137 757199 771477 838961 897549 649740 418885 524539 1054894 387276 698837 182753 999999999 537813 967592 213078 875348 499011 684136 468264 724618 726226 985594 968713 562856 898147 1025821 739243 895295 989820 751203 856668 484639 413190 614126 1182887 1010430 964997 877013 900900 763227 876286 693496 672011 632668 381241 650878 400237 24043 1140996 476647 606410 716974 868486 872419 1000319 938013 1129197 1157408 154713 941727 762151 591359 778952 219323 203458 338751
226546 323059 315430 617778 473254 347394 468552 230058 408358 363754 391681 505346 367171 128392 299068 133001 333837 16512 564962 177471 292790 297683 458673 376664 378640 77367 307164 555303 637071 473521 540339 566068 652050 297319 248481 668469 313902 380866 303213 467577 246936 517944 200626 360833 638552 537813 999999999 432588 437139 373181 242854 369578 308988 315369 667668 580066 466215 25073 440377 520127 413532 358059 497652 330979 457074 429392 324855 555499 672968 476379 429566 348241 518359 463411 414787 155692 309711 353408 369617 117937 421721 515720 642729 62349 600384 278107 355708 534132 659947 531926 624211 649457 495319 451679 440710 367473 242192 579657 343541 468290
441344 663081 557043 845576 905700 200198 51494 540621 498662 78217 522922 561286 700537 557286 652474 342104 439527 438304 134593 456441 691546 603238 435963 158949 762911 355224 553350 985621 241740 895437 234834 998456 1080928 464707 232204 812103 221289 241396 534962 846347 582277 139629 620303 556230 1069642 967592 432588 999999999 837883 290753 543446 581940 615439 465065 844761 559049 304155 407656 407864 183253 585769 115993 214171 451408 511460 780896 709690 776541 283586 44679 126476 100242 439612 632332 275140 279308 519891 607994 762431 316847 806179 946162 285332 494912 836943 339592 150658 625117 695414 407819 254851 268086 925768 208147 600697 577784 190853 1005418 776114 870628
424794 539415 641900 421723 231156 784042 881766 546909 790543 761015 758922 880386 198409 315231 202750 495882 503336 424559 959226 389248 420153 574253 870382 730850 85220 504692 634183 349024 994648 377135 864309 278946 429687 447665 611735 560563 750956 817784 643250 525708 523745 943796 365196 700771 393253 213078 437139 837883 999999999 807016 317562 693900 270460 699290 518113 973594 901027 459951 857383 866013 749467 785356 823909 722791 842902 563985 459333 402822 1021874 877704 860023 740683 705103 785431 702522 583622 661650 650295 451460 532291 491286 207717 973972 386243 400149 546738 719049 885713 1017857 745909 966239 995648 315335 776568 775778 387523 659815 407469 223706 459702
521117 451607 314139 953521 797472 94234 280656 340831 212786 293123 243907 270668 732772 491949 667773 377807 579897 387667 395868 501658 522462 382815 149190 390286 751743 319838 313640 847222 525797 738189 519468 887251 932513 576342 356085 965818 93504 51323 293147 640633 385390 257808 489284 293227 931652 875348 373181 290753 807016 999999999 588885 320889 662893 206458 981876 281310 94345 353089 120722 470915 310297 180720 491074 184326 220821 561026 524441 885952 567808 323279 179802 302823 667875 351529 503863 257854 271987 360271 577921 312586 609111 851637 575720 420780 939267 477620 367503 334445 410431 650758 544637 555353 791037 469369 320377 680741 240296 850728 671895 686052
108446 522688 551130 375254 470324 537969 591397 458111 650881 465229 634432 747911 157229 212173 115794 218199 193705 226429 655159 90639 445673 517760 693739 419961 233928 271071 542669 583502 679569 547306 546975 551610 680288 136522 311311 432589 511189 583120 541389 615029 462068 664287 344201 600458 653407 499011 242854 543446 317562 588885 999999999 606567 75293 558183 426578 819582 675947 252317 672999 550579 653496 514612 506924 573215 698960 606274 487948 312672 705488 579411 590875 443392 404694 702006 384980 333324 550141 583251 514950 277446 568970 483735 656578 238056 358319 229984 411165 776697 902793 439531 649525 679143 529359 459909 680956 138128 387083 628128 368653 584758
593902 181083 55854 975264 597180 389103 586475 153351 140411 553650 95957 200339 703082 417632 632866 470392 694069 384947 704120 547024 295923 123151 257965 625570 670094 381699 64343 608349 823671 489264 783323 674055 677200 664018 532379 1037065 361845 369137 66689 348674 170155 577565 328782 27759 686790 684136 369578 581940 693900 320889 606567 999999999 664150 117732 1033095 304824 384970 369013 265486 743299 55980 466387 746593 136693 183019 261203 274312 916888 865455 621962 493236 552775 852077 96250 712560 387258 67845 54069 318065 410874 329525 660454 860911 370030 956351 617261 600236 192284 324142 852464 832892 849004 561566 711688 81889 736410 443066 594566 495869 412312
175132 565436 608345 311329 452361 613161 664015 512830 716969 537286 698215 813836 86990 253925 75368 293491 234049 292485 723913 165865 476719 568087 764601 486524 185317 343955 599851 570246 741035 549583 604209 526322 664076 180009 383308 388193 586144 658014 600296 638045 511792 738227 379559 660082 633822 468264 308988 615439 270460 662893 75293 664150 999999999 623458 373240 888613 750588 321147 744538 612087 713147 589551 565640 639855 766021 639201 520131 253497 764842 650323 665768 515215 435111 760231 440110 408183 610782 636940 540598 352237 593289 455845 713094 294283 292916 292072 479523 839578 967371 475449 708356 738338 520085 519743 740758 125562 462187 619647 366994 598875
526472 254400 109034 933119 640721 271373 468772 163998 94192 440058 79293 190497 674939 396450 604858 391229 616872 331837 586415 486760 345411 184846 180481 517145 661749 305354 109832 671648 706782 556467 671236 725070 749838 594084 434047 978825 244405 253057 89498 440224 203317 461146 343101 91277 753990 724618 315369 465065 699290 206458 558183 117732 623458 999999999 981484 274875 279487 307342 177054 629565 125876 349270 635746 27431 145443 357537 337395 870742 748651 504636 375788 440715 758244 177220 610952 292046 66666 153814 388503 325986 412682 700577 745695 335136 915603 530829 491883 221396 344642 754235 717173 732630 619345 603002 147075 678592 335809 666972 525258 492893
463145 938289 977586 101042 747872 912646 896170 883735 1072693 775035 1058917 1169531 364586 627165 424177 607211 411074 651478 912944 495343 844891 940863 1103587 687552 462776 682199 969116 866924 872689 880546 726699 794041 946587 405697 641174 64131 893787 964280 967965 996824 884647 983275 750963 1026959 908818 726226 667668 844761 518113 981876 426578 1033095 373240 981484 999999999 1234352 1058844 674149 1080292 760088 1079969 863320 703569 994646 1118948 1007149 888576 123529 879561 865609 933703 753185 464173 1128583 585369 726467 976474 1008546 903627 675113 954179 724267 815433 663740 120767 516469 694145 1201591 1325756 515627 826098 854924 829724 672729 1107389 304535 750096 924665 702917 947111
771768 485897 344342 1194160 899380 374188 536494 430331 183260 572622 218983 105721 945449 670663 875931 628619 845949 596501 640003 740638 598022 424742 135324 671326 936495 552589 350520 913026 777375 793731 793105 978220 979718 834090 631260 1225001 373540 322838 336752 644082 462116 482197 613557 287285 990785 985594 580066 559049 973594 281310 819582 304824 888613 274875 1234352 999999999 258555 567643 162532 742261 253265 458109 767797 253190 130920 555437 578900 1129378 818146 583790 435016 583536 948366 249654 785085 512290 315573 358561 622694 560370 630704 961715 836917 607268 1177749 747927 648749 149583 140995 932040 804427 810174 866322 749025 236512 929844 516397 897514 791568 713485
