NAME : synthetic_000318
TYPE : CTSP-D
DIMENSION : 100
GROUPS : 8
RELAXATION_LEVEL : 1
EDGE_WEIGHT_TYPE : EXPLICIT
EDGE_WEIGHT_FORMAT : FULL_MATRIX
EDGE_WEIGHT_SECTION
999999999 320458 172783 715199 1089562 317979 646294 633449 966610 667234 900702 579245 998715 978507 800853 231327 558507 147931 535727 311290 741915 690509 363308 803487 424731 793675 86306 708901 806565 576213 597048 271617 639772 506137 535767 537989 625873 883021 521435 838082 283928 243877 825321 780687 905367 614000 975396 515979 147377 817226 278266 75232 391620 956699 832653 954495 306988 804544 855800 89440 400060 768284 323272 882526 52949 345278 508617 663271 816230 1004688 455749 458897 661051 504862 814485 733903 894207 754744 830799 813517 759302 809308 318544 340518 817223 815054 578766 694640 579959 380714 922901 471918 674432 252395 593586 628165 523050 897476 438809 777829
320458 999999999 486318 471472 793282 519842 585810 315615 649627 460613 689523 610764 686380 719056 534246 376794 308370 405744 241446 223248 635502 399322 480669 611835 139960 736166 404801 478863 488199 293639 338844 209897 387746 349668 529361 220846 315916 780567 241334 517953 107508 531721 570050 662038 721674 293909 683992 262053 276823 504588 157716 277912 332251 673157 539769 696406 235412 487362 543386 331072 489721 494908 184663 600681 333128 429011 345734 390919 741606 728935 144202 544340 341189 366918 596317 413794 584160 438396 511377 519139 482420 488942 278242 24051 655630 640735 421448 374732 300815 297199 606596 244813 439073 537125 335366 618697 203197 848024 513141 501961
172783 486318 999999999 834009 1228515 248086 683882 801600 1123224 833184 996659 574869 1150491 1097264 927659 251303 730406 124499 708015 476492 794502 863224 347042 893837 596924 817724 87536 877540 974445 748982 769168 437775 765714 603786 558456 706365 796675 925066 664719 1000195 456698 99129 945729 836752 987414 779965 1112500 688341 301490 970617 449637 241054 467951 1089353 972810 1073035 470234 962240 1008676 221472 392501 899405 448130 1015504 153829 357391 608570 835819 847727 1132045 625475 441003 827365 664194 917114 899703 1044855 911919 991377 954872 892434 972388 474564 504534 892327 896469 738641 856715 720168 470210 1078965 643317 791363 109730 765724 640855 686010 911077 432042 909955
715199 471472 834009 999999999 419489 718595 397103 428410 431256 789091 226822 547371 413993 263931 104722 605847 632822 714388 519706 689372 342924 590020 605859 183660 517870 481390 778601 769458 482294 565702 635668 680755 83962 243588 461388 427037 483363 443077 234576 409208 577925 828183 111741 337186 283021 391245 304912 604331 732367 300683 627924 707405 387717 269788 202408 239774 702801 338695 318341 764055 576400 101891 392322 202697 697137 553279 236042 635548 458279 301296 458964 591477 402863 782559 135392 414969 324302 311273 385825 197920 109570 407075 745911 448556 262261 231580 810211 350902 182459 372200 393853 628828 43320 827893 633799 490773 361986 572264 565427 114102
1089562 793282 1228515 419489 999999999 1135507 788607 573018 247578 919129 417085 953869 175481 228002 315082 1015921 805861 1114918 712325 973570 699449 683237 1024984 489423 771672 826820 1163114 873015 481984 730217 787570 979661 469237 661503 873482 638127 623899 735981 568129 376887 884155 1234751 319752 673722 503284 559994 116863 800382 1070080 310080 928493 1064592 804085 150524 256910 241395 988455 351012 276101 1120215 995885 333405 780607 218331 1081952 971643 653387 748673 790650 148260 710941 1009576 532286 991810 417882 481787 230991 384378 362331 276234 337907 404452 1028371 769483 566082 532732 988728 466970 509971 784764 260533 846153 461566 1235522 787589 887538 607649 886256 984261 321819
317979 519842 248086 718595 1135507 999999999 474254 816976 1079087 950462 837872 338932 1091208 969600 821369 144184 817157 171539 761287 608367 593565 918977 126015 731794 656381 591877 280752 982145 980419 812717 851770 568972 667929 475010 343929 728878 829490 710078 611752 979382 541930 168140 826977 637457 811027 785835 1019064 771020 463377 922608 557759 389083 331439 987538 891545 945843 607744 927630 957572 404010 170318 802888 393435 917180 265943 167466 482701 908963 626475 1018539 661963 204323 832115 805041 771198 898463 986157 878005 965271 877137 800318 956440 627468 528559 711321 722852 876546 842350 655038 352429 1034606 738682 675567 160588 848223 413117 686306 676824 204639 814869
646294 585810 683882 397103 788607 474254 999999999 732618 827927 1027650 407701 175350 810057 578760 493205 435791 864891 563458 763202 791003 122101 886647 349481 308584 703774 153096 668938 1030058 841170 819655 883899 763697 403377 255307 130345 684481 774776 241250 469256 788712 678040 632336 472556 165926 356864 692149 683773 823103 739401 689854 721923 680915 269769 640807 599348 558325 799380 720100 712154 727486 304047 498958 406551 587080 603469 326801 263226 911288 170100 647274 667010 279987 723398 952729 372865 762075 721150 682547 766967 594821 506119 779489 837594 574034 257679 279921 1005230 693941 466820 297103 789439 821929 367487 627173 880965 99507 615524 264122 270820 511061
633449 315615 801600 428410 573018 816976 732618 999999999 371634 371970 645033 820682 426026 587637 425137 673071 235399 719227 140903 424114 730108 162274 753343 611320 225264 860095 718897 343950 173119 159552 223857 440724 364678 480784 728451 95464 57416 855286 263735 224192 364757 846040 475234 738998 710605 40565 487010 227408 560717 263555 396770 582322 551579 497050 363276 571061 438823 223304 297037 630015 749438 381954 430420 440781 648696 696245 471944 208803 849142 562922 179026 794167 40765 418903 560310 107255 342267 190070 226452 343137 365017 192325 474041 299113 684995 657108 420942 107412 272777 515244 334829 274853 423441 851021 223031 799470 132838 965057 762030 380829
966610 649627 1123224 431256 247578 1079087 827927 371634 999999999 685841 544254 970563 72110 389402 344512 944278 589937 1022230 511459 794143 769001 451626 985342 575896 592037 906702 1047792 635478 244336 516915 565928 807861 436525 633615 880511 455089 413026 846312 468870 149587 722834 1148347 381931 756117 632061 371933 226856 593119 917907 156499 760753 927462 759808 267693 231307 387758 808975 162282 122519 979742 965950 329956 692228 271551 970249 927920 624080 518261 878908 322129 537269 993733 332583 778939 501483 267049 107037 211869 145284 233351 321862 181330 845210 627791 661504 626596 765930 279310 424372 731537 44668 644004 461237 1151156 566534 919757 447410 988232 964279 318298
667234 460613 833184 789091 919129 950462 1027650 371970 685841 999999999 1011850 1070289 753262 958775 796281 815950 163509 802111 273233 356788 1053759 235900 933542 967551 326719 1171171 746632 64519 441510 223465 153476 395957 715924 775133 986382 364140 314574 1190673 582205 542922 409284 911067 845900 1071001 1071761 403105 847507 204668 532666 621333 394534 593712 789976 863099 733081 942691 363080 573218 648480 614421 947178 752732 643120 810975 707213 885279 768394 170939 1168879 929529 361141 1003355 407875 182237 923855 440621 691727 553008 556807 713529 735860 514684 364794 464757 1034023 1009602 118089 474691 615080 753719 661403 216879 776473 919423 155469 1072572 433290 1281535 972583 752202
900702 689523 996659 226822 417085 837872 407701 645033 544254 1011850 999999999 582702 498914 189638 228385 751420 857845 872682 744901 910711 298842 803757 714069 106125 744295 414788 953586 988741 668048 789085 858835 899395 308540 395751 519216 652239 701551 319026 459084 576716 796933 972777 178136 265632 88967 610183 337897 830523 938031 461097 847152 904328 529139 290525 331470 176128 923701 509755 462022 960059 674960 267413 581426 273181 874381 671641 392504 853783 376239 268858 685722 669989 615195 1009354 93461 613477 446362 498287 552769 341759 284060 584234 966793 667537 156572 128411 1036605 556005 409136 527472 519857 855646 251747 970427 857132 505819 588380 469171 651825 271872
579245 610764 574869 547371 953869 338932 175350 820682 970563 1070289 582702 999999999 960348 750106 649040 349159 912771 466045 822905 787068 293741 962826 228170 482075 744236 256409 580151 1082969 950927 880025 937916 753910 534975 348857 93195 756475 854529 382799 561483 912977 684572 506199 634718 336045 531419 781579 845324 867806 697903 824057 721022 629959 280953 804308 748231 728928 792524 847575 850682 667209 184012 648101 427170 745731 529594 233976 358507 976490 294646 815868 720449 135011 819271 967961 542919 868493 865446 805077 892966 740779 652639 899295 825577 605533 432822 455193 1028919 801767 575742 317837 929668 855514 511771 499177 934666 83325 692803 338045 143949 660587
998715 686380 1150491 413993 175481 1091208 810057 426026 72110 753262 498914 960348 999999999 332381 317982 960281 651115 1045156 566893 843698 742047 518007 991876 541610 640550 878110 1077868 704299 312324 576857 629046 854957 433090 633127 872433 503576 471435 808969 488129 211652 766015 1169905 348248 725496 587713 421216 167508 651268 959097 181883 806280 963878 765928 212354 212119 333838 858609 205537 143119 1017452 969447 312449 711381 232361 998835 935305 623875 584381 847800 260077 583252 993215 385807 839608 466316 325448 106054 250318 201986 220663 307830 242010 896195 663687 626222 591217 829912 326648 437888 740102 92930 700595 448601 1172103 629446 904695 487542 954104 964796 300045
978507 719056 1097264 263931 228002 969600 578760 587637 389402 958775 189638 750106 332381 999999999 184913 864902 818993 976768 710798 927154 480155 732328 851113 271433 738504 602677 1042531 924917 562513 744676 811258 923922 339732 499178 676804 622267 644738 508133 477814 459516 822020 1088064 153210 451036 275282 560610 164878 800808 988549 351019 870839 968027 643105 121718 226551 24230 941368 402833 337641 1024747 816731 226001 656053 148811 961059 802319 492881 790897 565143 80598 676351 821530 550903 990354 207427 527415 308067 409461 437265 245429 240391 475710 983934 695260 342121 310128 1004299 484319 418295 631646 375382 836337 306053 1087244 810279 678254 570650 658582 799378 221049
800853 534246 927659 104722 315082 821369 493205 425137 344512 796281 228385 649040 317982 184913 999999999 705347 648688 810101 537686 742809 425244 580159 709924 233798 556796 562469 868328 768603 439961 576481 645095 739094 162080 346695 564532 446714 482440 504992 293145 351567 637123 926517 50941 411617 307171 393315 200191 626591 804863 236339 686001 786678 490006 166171 114178 162722 756945 283055 243470 843357 680958 44022 481224 98026 786653 656814 338752 633350 534411 204542 495047 696130 392418 813334 162084 385694 238555 269913 327523 118453 60604 356978 799618 510419 319474 284997 832130 330410 233438 472428 311735 658712 146485 926656 643741 589239 390539 644362 670146 44552
231327 376794 251303 605847 1015921 144184 435791 673071 944278 815950 751420 349159 960281 864902 705347 999999999 677667 128152 618132 484517 543803 775472 134027 647141 514538 575645 234979 844601 837457 670232 711363 446449 546733 365834 314842 584701 685317 676875 475456 839622 406737 223295 716818 585768 737842 642349 899060 631288 361201 787900 428082 288929 223422 870742 766262 840767 485969 790060 823816 320340 168746 682590 253394 798496 180640 115946 372022 767002 602652 907088 518171 227914 688845 679301 675821 755909 854534 740023 826323 750551 678264 815856 511080 384781 641803 647110 748687 701048 522430 233702 899645 601641 562539 222349 707826 403528 542836 674927 207559 694104
558507 308370 730406 632822 805861 817157 864891 235399 589937 163509 857845 912771 651115 818993 648688 677667 999999999 680906 113132 268872 890319 160519 788132 808638 169422 1007808 642892 170798 354102 75938 39672 301538 557126 611840 827199 205786 182018 1027670 419904 440676 279470 798196 697023 907899 914287 258471 722358 46525 441934 497986 280852 490148 631856 732069 597038 801260 280402 454851 529944 522705 798089 604713 486400 673905 591240 737242 605024 110397 1005370 797708 197940 852509 275373 189048 768141 325977 574910 425176 449180 576472 588102 409468 300806 309045 873075 849496 185827 342775 455467 595162 558273 88151 617652 805576 36514 911921 272812 1118082 821163 605502
147931 405744 124499 714388 1114918 171539 563458 719227 1022230 802111 872682 466045 1045156 976768 810101 128152 680906 999999999 641165 450716 671938 799320 239106 769580 531277 701188 115510 839344 889960 687753 717865 410812 648741 480979 440584 625702 721595 804661 557117 906061 401437 127378 826101 713829 862916 693560 998385 636128 294980 867525 407818 221410 343704 973375 860808 952543 448236 863235 904921 232541 282040 783598 335412 899930 98010 239282 486094 780249 729395 1013976 549537 336042 741065 646812 793965 811827 939136 812742 895377 843614 777503 879748 463722 420349 767933 771969 719892 763636 610064 347219 977660 597499 671441 131838 714329 526598 596175 798058 322104 794505
535727 241446 708015 519706 712325 761287 763202 140903 511459 273233 744901 822905 566893 710798 537686 618132 113132 641165 999999999 290898 782503 158449 717586 695737 111119 903045 622012 267185 294409 57172 121947 312579 444146 508389 734614 92691 102438 918024 309163 362754 253366 764533 585463 798555 801192 153902 622409 90299 442712 402271 274860 475759 542872 628691 491856 692382 305166 363904 436889 517872 722325 493665 402492 567638 559724 663684 501031 154271 898734 693525 103792 773695 181402 282134 655040 244764 482130 328060 366661 470893 477207 330764 337600 234365 760983 736972 294452 245355 342651 505684 475463 134099 504693 770799 119326 815863 160236 1012450 741770 494978
311290 223248 476492 689372 973570 608367 791003 424114 794143 356788 910711 787068 843698 927154 742809 484517 268872 450716 290898 999999999 851757 421879 612920 834917 203250 943653 389844 401951 585303 310443 308504 39921 605424 568332 716227 340127 393254 997805 455303 648189 117002 555097 782513 880598 944794 422806 871881 235059 177439 668192 69266 237132 524640 868042 730506 905465 14931 638163 705740 259469 635731 701161 385067 798637 353828 573109 565272 379150 953120 928109 262709 695393 461902 196749 817299 531206 749979 595138 648991 709171 687100 616393 56821 243882 878453 863941 269222 517100 511846 494280 755238 181699 659283 563682 305385 809779 366689 1055101 667469 706608
741915 635502 794502 342924 699449 593565 122101 730108 769001 1053759 298842 293741 742047 480155 425244 543803 890319 671938 782503 851757 999999999 890084 467959 210098 738754 138477 772727 1048722 816388 836954 904450 828447 373967 286226 250849 696781 778008 146389 475334 750765 735641 748394 394903 44024 238625 689760 601953 851769 821466 643602 782623 768730 352172 556549 537696 461768 861642 680442 660363 818608 423295 440628 469437 511752 702751 440277 291013 922850 119285 553730 694049 401902 714363 998541 282521 742319 662259 649176 727711 537166 451089 746307 902018 620041 143082 171088 1044667 674841 457368 371006 734012 858329 324563 743741 901812 212345 626247 235424 391586 451667
690509 399322 863224 590020 683237 918977 886647 162274 451626 235900 803757 962826 518007 732328 580159 775472 160519 799320 158449 421879 890084 999999999 871400 773245 268217 1018235 776570 193333 207840 114794 125663 450654 526895 632221 872197 206355 112286 1017006 418164 307148 406646 922141 630883 900192 871483 201511 613657 186896 587801 388244 420911 627558 686271 631566 505777 717796 434588 338924 413713 666102 873664 538013 551881 583591 716614 816425 623857 66698 1008803 698047 257691 923002 188572 341457 720797 207031 456436 323111 320932 487283 521093 278787 458751 390809 847267 819290 316928 250319 433526 649124 425817 241329 585714 928563 127549 948239 272032 1124446 890880 535606
363308 480669 347042 605859 1024984 126015 349481 753343 985342 933542 714069 228170 991876 851113 709924 134027 788132 239106 717586 612920 467959 871400 999999999 607945 620625 473228 354200 957663 908511 772261 819474 575786 561996 363872 219488 671700 773556 587362 525473 896206 527000 284318 711876 511784 685378 718869 909347 741625 495205 829707 553325 422909 225990 875642 787161 827613 615367 839852 862929 452706 46291 694772 323038 807006 311334 58160 372335 870206 505730 903205 614580 97122 763225 805453 650019 825200 888314 791494 880204 774170 693692 875688 642376 483881 585525 597594 873045 764811 561951 254165 941358 717145 563449 278547 815988 294991 620564 564154 85056 707035
803487 611835 893837 183660 489423 731794 308584 611320 575896 967551 106125 482075 541610 271433 233798 647141 808638 769580 695737 834917 210098 773245 607945 999999999 681201 339702 853309 950564 661609 744196 814137 820432 251664 297365 414984 603657 665633 271215 394662 581106 719145 867797 194193 185922 109918 573541 394213 777222 848984 467480 769202 811227 425891 348055 347735 252199 847242 511122 477096 866267 568928 260678 488523 309275 775006 565704 295244 817420 306855 343715 625805 564894 586460 948059 75342 597292 471304 489581 557177 351848 274840 582846 890062 591104 85752 51231 981381 534137 353187 426467 544948 796766 191100 865279 812087 407854 535883 412803 546188 269353
424731 139960 596924 517870 771672 656381 703774 225264 592037 326719 744295 744236 640550 738504 556796 514538 169422 531277 111119 203250 738754 268217 620625 681201 999999999 850055 511030 340220 393818 157023 198896 216087 435901 454818 659709 137126 204645 880122 286857 447716 143725 653942 600292 760148 790095 220153 672230 123720 337202 465131 171600 365895 463553 671131 532918 717928 218177 435035 502557 409801 629294 513657 317346 603869 448742 568842 448910 252586 850767 732987 62369 683298 261101 266884 651495 332317 546898 391919 447223 511514 498487 416220 256922 139626 737232 717236 306158 314068 335454 427135 552544 119576 494409 660346 195425 745994 168740 961308 651879 517623
793675 736166 817724 481390 826820 591877 153096 860095 906702 1171171 414788 256409 878110 602677 562469 575645 1007808 701188 903045 943653 138477 1018235 473228 339702 850055 999999999 810546 1170199 952763 958680 1024655 916658 509704 396085 260820 820492 905950 134038 600586 888862 830161 756897 530060 153783 339186 819565 733915 967283 891272 782061 874506 831421 422762 687697 675464 586281 952180 818610 798768 876648 426983 578918 558823 646728 748938 461914 402784 1047563 44456 679344 810039 388012 846510 1102852 414421 877487 800118 786646 865892 675344 589519 883901 990568 723397 260845 294142 1153626 809679 588390 450104 872134 969015 462189 750573 1021854 178800 750385 111861 388903 589862
86306 404801 87536 778601 1163114 280752 668938 718897 1047792 746632 953586 580151 1077868 1042531 868328 234979 642892 115510 622012 389844 772727 776570 354200 853309 511030 810546 999999999 790373 891975 662168 681683 350870 706368 557918 549783 623474 712043 909295 595966 921419 369927 170317 889806 813443 951474 698682 1047980 600926 216551 896923 362106 153659 431049 1027206 906436 1018372 384026 886066 935310 139316 396366 837728 387202 953067 81676 350114 561586 748477 836939 1072802 541617 451261 745883 579393 870353 818582 972784 836004 913522 887820 829675 893006 390307 424120 859589 860525 653765 777875 653213 426854 1003825 555781 736775 180016 678243 638143 606489 909669 436380 847769
708901 478863 877540 769458 873015 982145 1030058 343950 635478 64519 988741 1082969 704299 924917 768603 844601 170798 839344 267185 401951 1048722 193333 957663 950564 340220 1170199 790373 999999999 392011 211794 146281 439946 699981 775483 996729 352475 287191 1182434 573845 496134 440552 951984 818926 1063478 1052434 378786 806606 216846 579289 581513 432163 636778 802016 824900 698413 909933 409800 531906 606324 661326 968466 725676 657026 776318 746310 907381 768182 135258 1165463 891380 364536 1023159 376490 240848 902921 400339 648458 516152 511654 679593 708728 469352 416148 479842 1020322 994393 181391 441271 601119 765190 613500 243472 760196 959979 149314 1080320 422985 1279451 991865 724157
806565 488199 974445 482294 481984 980419 841170 173119 244336 441510 668048 950927 312324 562513 439961 837457 354102 889960 294409 585303 816388 207840 908511 661609 393818 952763 891975 392011 999999999 285680 326310 605914 443102 602595 857733 268583 192089 925313 391698 106979 535872 1017092 489912 816659 746347 196518 425093 364823 730947 212346 564950 754964 695963 450655 342706 551973 599572 160850 226546 801893 900095 404038 588662 416238 821317 850609 593059 274537 934866 515881 351732 940290 149179 542343 597378 83614 264004 172066 126554 328600 388490 86810 631293 470919 743714 711668 523947 149163 376704 661342 221730 418767 492674 1021794 327308 918845 295271 1050460 908536 397651
576213 293639 748982 565702 730217 812717 819655 159552 516915 223465 789085 880025 576857 744676 576481 670232 75938 687753 57172 310443 836954 114794 772261 744196 157023 958680 662168 211794 285680 999999999 69990 337447 492632 564635 791785 141596 106329 971227 362330 367367 292286 809481 625397 852059 848302 184181 646443 79474 473474 422077 306261 512799 599887 656453 521859 727298 323723 379249 454213 551429 777925 532623 458894 598962 603366 718855 557152 98070 953678 722197 160270 829788 199439 262788 700595 251419 499235 349241 374880 501419 515885 335848 350980 288415 811509 786605 261413 266883 392177 562713 484170 134302 553157 816121 68105 872946 211762 1067746 797922 532902
597048 338844 769168 635668 787570 851770 883899 223857 565928 153476 858835 937916 629046 811258 645095 711363 39672 717865 121947 308504 904450 125663 819474 814137 198896 1024655 681683 146281 326310 69990 999999999 341191 562542 629520 851090 211065 167471 1039728 430753 417607 316647 836006 694294 920349 918290 251942 708079 81743 481526 482318 319823 529175 657040 720187 587120 794344 319956 437103 512626 562208 828017 601337 513113 664635 629021 767709 622315 71054 1020632 786274 218404 881584 262161 216806 770518 305876 557166 410965 427789 566991 584539 387049 339682 337544 881126 856405 201258 329865 461914 620081 536124 127746 623079 843272 3551 934200 280781 1134234 850021 601304
271617 209897 437775 680755 979661 568972 763697 440724 807861 395957 899395 753910 854957 923922 739094 446449 301538 410812 312579 39921 828447 450654 575786 820432 216087 916658 350870 439946 605914 337447 341191 999999999 596869 547291 685051 352774 414056 974758 448350 663777 102831 515476 777079 858545 930083 435939 875597 264905 140914 677242 53110 197756 495682 869603 732960 901784 39583 649737 715279 222575 599644 698297 359637 799023 313909 537174 544803 411190 927515 928343 271719 659535 477146 236408 806210 547958 758952 605162 663221 711753 684803 632235 73924 232300 860747 847581 309097 529218 506424 466595 767943 213496 648912 524007 337959 779059 372085 1027772 632055 704377
639772 387746 765714 83962 469237 667929 403377 364678 436525 715924 308540 534975 433090 339732 162080 546733 557126 648741 444146 605424 373967 526895 561996 251664 435901 509704 706368 699981 443102 492632 562542 596869 999999999 200186 444208 351995 417100 491677 150939 385339 494038 766468 186814 377581 357512 325580 352394 526527 650805 289447 544010 628352 337445 324818 225222 315993 618842 316884 315807 685070 537344 135857 319199 251910 624697 506686 191054 567815 492961 366620 377985 560140 344156 701600 215594 368363 333125 279598 363636 213060 132389 376850 661953 364735 320885 294414 731607 301024 102093 315984 394964 548577 60565 766942 560470 489027 284551 608960 531739 147452
506137 349668 603786 243588 661503 475010 255307 480784 633615 775133 395751 348857 633127 499178 346695 365834 611840 480979 508389 568332 286226 632221 363872 297365 454818 396085 557918 775483 602595 564635 629520 547291 200186 999999999 255750 429234 520739 430903 217279 565265 451569 589100 352732 312556 400843 440637 545593 571204 557575 481855 499602 515543 144489 512783 424991 475077 578871 501313 511571 569959 337468 331014 195559 443318 478644 310148 9728 655981 396004 544077 413991 360476 474995 712471 313418 520653 532087 457353 545869 413242 330484 550726 620143 333839 318907 311844 759869 453466 226887 133768 590941 574183 200581 588131 626647 319081 360566 506847 331698 343332
535767 529361 558456 461388 873482 343929 130345 728451 880511 986382 519216 93195 872433 676804 564532 314842 827199 440584 734614 716227 250849 872197 219488 414984 659709 260820 549783 996729 857733 791785 851090 685051 444208 255750 999999999 665960 763233 368388 468515 820310 609401 503161 553731 294873 478425 689171 762801 782808 642181 732677 648674 578339 197112 723206 660507 654740 722792 755276 760004 620714 173812 560959 344712 662031 489594 201470 265416 887616 289278 738936 632962 152691 726463 891427 469614 775322 776020 712387 800467 652195 564631 806347 757990 522333 377964 395230 950006 708573 482632 232763 839169 773225 424149 497730 847898 94758 601408 361778 140752 573502
537989 220846 706365 427037 638127 728878 684481 95464 455089 364140 652239 756475 503576 622267 446714 584701 205786 625702 92691 340127 696781 206355 671700 603657 137126 820492 623474 352475 268583 141596 211065 352774 351995 429234 665960 999999999 101858 829978 221518 312037 271416 752175 493912 711011 708726 83170 542404 179940 467683 329639 306287 487237 480364 545164 407202 603232 355035 298039 366543 535533 671187 402712 349420 481421 553669 615571 421260 227152 814122 608935 84458 718924 126348 368100 562358 199135 411219 255839 310547 385946 386438 280928 392906 205385 670061 645462 385936 176984 250940 443292 415423 214549 412559 757365 208847 742993 70560 928741 686749 404559
625873 315916 796675 483363 623899 829490 774776 57416 413026 314574 701551 854529 471435 644738 482440 685317 182018 721595 102438 393254 778008 112286 773556 665633 204645 905950 712043 287191 192089 106329 167471 414056 417100 520739 763233 101858 999999999 905849 305979 263542 348214 847185 532454 788613 766042 92128 541222 180140 541339 316156 374265 569797 580448 552728 419910 628313 407565 272921 347932 614433 772872 439176 451217 497572 645596 717415 512265 152379 896644 618802 172201 820184 94690 368755 616100 146234 392924 243910 269653 399946 422249 231700 439913 302942 737943 710718 366419 162404 322011 543526 379002 231375 476569 852787 166849 837694 161835 1012236 788001 438169
883021 780567 925066 443077 735981 710078 241250 855286 846312 1190673 319026 382799 808969 508133 504992 676875 1027670 804661 918024 997805 146389 1017006 587362 271215 880122 134038 909295 1182434 925313 971227 1039728 974758 491677 430903 368388 829978 905849 999999999 608986 849773 881513 871460 464414 120023 233490 815540 653918 990524 966716 737357 928722 912629 496070 606614 618945 495140 1007799 779402 748134 961562 541279 530207 615826 577148 842014 567812 435103 1053835 90429 587823 833159 509041 835833 1141957 344867 856145 742308 754286 826000 622856 543486 849548 1048287 764544 185523 220087 1186280 790289 583888 516498 816048 999602 435639 865884 1037231 300925 759529 150807 505445 539512
521435 241334 664719 234576 568129 611752 469256 263735 468870 582205 459084 561483 488129 477814 293145 475456 419904 557117 309163 455303 475334 418164 525473 394662 286857 600586 595966 573845 391698 362330 430753 448350 150939 217279 468515 221518 305979 608986 999999999 370734 345721 681811 328947 489729 503291 223457 454348 385196 512608 312622 395290 498949 306028 438176 311223 455092 468919 315999 349066 555244 512503 254756 223709 364451 515328 467338 208324 447673 592975 490778 231314 549803 258222 553552 365826 308410 382082 266737 354977 292137 243226 350748 511977 217649 454167 432221 587467 243488 60306 272932 424223 402200 207940 684109 428275 536302 150959 707954 518325 262576
838082 517953 1000195 409208 376887 979382 788712 224192 149587 542922 576716 912977 211652 459516 351567 839622 440676 906061 362754 648189 750765 307148 896206 581106 447716 888862 921419 496134 106979 367367 417607 663777 385339 565265 820310 312037 263542 849773 370734 999999999 582842 1033292 399615 746389 658442 229433 318371 443578 778973 115637 618237 793813 675283 345275 246122 450347 662929 70524 121900 844323 882482 320439 586414 315759 846395 838069 555540 373225 867273 409946 395870 917214 186634 629591 512746 117990 157239 107931 24044 234986 306471 31991 698200 497570 665409 632060 618313 143553 340190 643237 118911 494722 426968 1036991 418077 872811 315037 981472 886269 312177
283928 107508 456698 577925 884155 541930 678040 364757 722834 409284 796933 684572 766015 822020 637123 406737 279470 401437 253366 117002 735641 406646 527000 719145 143725 830161 369927 440552 535872 292286 316647 102831 494038 451569 609401 271416 348214 881513 345721 582842 999999999 519647 674584 763985 828939 353417 778033 234920 196269 586042 50222 222416 414747 770345 634612 799734 128428 562244 624540 266321 544310 596697 271494 699058 312737 481674 448392 380685 838372 828141 187085 602477 397765 283552 703679 470432 667296 515714 579898 613557 583476 552038 170983 129535 761609 747426 347386 443613 404105 382692 681503 197210 546215 526776 313122 701762 278972 941852 572955 603058
243877 531721 99129 828183 1234751 168140 632336 846040 1148347 911067 972777 506199 1169905 1088064 926517 223295 798196 127378 764533 555097 748394 922141 284318 867797 653942 756897 170317 951984 1017092 809481 836006 515476 766468 589100 503161 752175 847185 871460 681811 1033292 519647 999999999 939446 791756 954986 820759 1117964 754378 385628 993217 520146 318185 446478 1091198 982319 1063912 550450 989883 1030370 309633 330572 902085 458732 1018339 206984 308721 595202 900200 789998 1129174 674991 371220 868278 747540 898668 939151 1063851 939398 1022440 965661 896860 1007072 559346 546978 857100 864911 821715 890966 733404 456519 1103733 712892 784926 10607 832497 578207 723519 844244 368010 913318
825321 570050 945729 111741 319752 826977 472556 475234 381931 845900 178136 634718 348248 153210 50941 716818 697023 826101 585463 782513 394903 630883 711876 194193 600292 530060 889806 818926 489912 625397 694294 777079 186814 352732 553731 493912 532454 464414 328947 399615 674584 939446 999999999 377251 258975 442802 211281 673846 836952 284024 723981 815150 497218 169641 156908 129296 796436 331946 288022 871866 680346 93280 503045 116849 808267 660674 345691 683668 499592 191570 539033 691153 442959 859247 119555 436570 278250 320480 375601 164850 110218 406266 839324 546495 279639 244695 879750 381278 270795 483118 352170 704561 154703 939024 692875 570524 435731 606962 666656 95390
780687 662038 836752 337186 673722 637457 165926 738998 756117 1071001 265632 336045 725496 451036 411617 585768 907899 713829 798555 880598 44024 900192 511784 185922 760148 153783 813443 1063478 816659 852059 920349 858545 377581 312556 294873 711011 788613 120023 489729 746389 763985 791756 377251 999999999 199247 698975 580135 870576 856503 636700 811690 805438 389694 533922 525384 433857 890901 675872 651087 856083 467216 431021 501011 493653 742493 483401 316308 935629 122795 526666 713168 445843 721038 1022343 260749 744898 650039 647298 722970 526565 442733 743799 931802 645581 109258 141141 1066305 678143 466672 406404 722761 879610 324163 787194 917821 253864 640493 235107 435607 441425
905367 721674 987414 283021 503284 811027 356864 710605 632061 1071761 88967 531419 587713 275282 307171 737842 914287 862916 801192 944794 238625 871483 685378 109918 790095 339186 951474 1052434 746347 848302 918290 930083 357512 400843 478425 708726 766042 233490 503291 658442 828939 954986 258975 199247 999999999 673982 426790 884033 956114 542922 878966 916309 520954 379436 415183 263644 957085 590222 546299 970801 643518 342523 594593 360584 874586 648253 399714 918343 298153 355465 734019 631089 683341 1056843 151006 687623 532787 575022 634410 423825 358475 664080 999880 701002 100495 91033 1088894 627321 459577 525572 606556 904964 297275 951711 916360 450838 642000 384271 616408 348706
614000 293909 779965 391245 559994 785835 692149 40565 371933 403105 610183 781579 421216 560610 393315 642349 258471 693560 153902 422806 689760 201511 718869 573541 220153 819565 698682 378786 196518 184181 251942 435939 325580 440637 689171 83170 92128 815540 223457 229433 353417 820759 442802 698975 673982 999999999 468528 243856 549590 250132 389313 566332 514172 475162 338996 543125 437691 215799 286045 615863 713691 349671 396542 415545 626428 661466 431748 244362 808752 540302 166451 757427 47544 435974 524181 119910 331081 175819 227406 318261 332822 198679 474982 275526 646261 618791 444093 94715 232518 478107 332462 286627 384768 825383 250694 759472 99529 924637 725338 349409
975396 683992 1112500 304912 116863 1019064 683773 487010 226856 847507 337897 845324 167508 164878 200191 899060 722358 998385 622409 871881 601953 613657 909347 394213 672230 733915 1047980 806606 425093 646443 708079 875597 352394 545593 762801 542404 541222 653918 454348 318371 778033 1117964 211281 580135 426790 468528 999999999 712095 960649 226284 823686 952452 687704 47400 144294 167346 886666 274737 200610 1008404 880976 216589 664434 102395 966663 855631 537350 676713 700369 95675 610487 896211 447031 904302 319775 407010 161133 297320 298862 164865 221105 340413 927501 660034 475722 441173 907574 379600 395437 668034 218710 754696 346343 1118702 707692 781803 505232 801971 870330 204962
515979 262053 688341 604331 800382 771020 823103 227408 593119 204668 830523 867806 651268 800808 626591 631288 46525 636128 90299 235059 851769 186896 741625 777222 123720 967283 600926 216846 364823 79474 81743 264905 526527 571204 782808 179940 180140 990524 385196 443578 234920 754378 673846 870576 884033 243856 712095 999999999 403880 490632 239739 448942 587005 718892 582148 782221 247694 450502 524445 483709 751739 582578 441046 657920 547398 690819 564664 147857 965915 783794 157734 806315 268169 192207 739693 326357 569675 416686 449693 561191 566245 411790 272786 263263 839328 816764 206259 333802 424456 550454 559013 55177 586805 761606 78212 868270 242381 1077948 775021 584233
147377 276823 301490 732367 1070080 463377 739401 560717 917907 532666 938031 697903 959097 988549 804863 361201 441934 294980 442712 177439 821466 587801 495205 848984 337202 891272 216551 579289 730947 473474 481526 140914 650805 557575 642181 467683 541339 966716 512608 778973 196269 385628 836952 856503 956114 549590 960649 403880 999999999 778037 167967 74356 471470 948817 816377 965301 169737 756625 816749 82040 527019 767334 362113 875808 197697 467572 557541 551072 908569 1003172 383343 587232 594030 362913 847080 666656 858595 709211 775645 795834 755755 748249 173807 300694 876431 868671 437324 639028 572893 450468 876090 353787 695502 394870 478249 736746 471651 999365 563643 775152
817226 504588 970617 300683 310080 922608 689854 263555 156499 621333 461097 824057 181883 351019 236339 787900 497986 867525 402271 668192 643602 388244 829707 467480 465131 782061 896923 581513 212346 422077 482318 677242 289447 481855 732677 329639 316156 737357 312622 115637 586042 993217 284024 636700 542922 250132 226284 490632 778037 999999999 627576 782003 604566 243771 131181 339799 683122 51820 38799 835652 811264 207150 536199 203935 818357 772129 472209 450650 758524 310152 405930 840720 222980 682426 397998 181231 81791 74336 91671 119350 194229 125791 721978 481833 552352 518606 682489 156934 268125 575683 112006 536074 323286 995835 482028 777980 307090 871690 810826 198127
278266 157716 449637 627924 928493 557759 721923 396770 760753 394534 847152 721022 806280 870839 686001 428082 280852 407818 274860 69266 782623 420911 553325 769202 171600 874506 362106 432163 564950 306261 319823 53110 544010 499602 648674 306287 374265 928722 395290 618237 50222 520146 723981 811690 878966 389313 823686 239739 167967 627576 999999999 209355 456114 817149 680766 848685 79279 601499 665816 245192 573844 645251 315838 746357 314147 511085 496702 387596 883859 875624 223520 632986 431902 252136 753893 503654 709160 556112 616687 659603 631804 586961 121229 179705 811028 797172 320607 481577 453315 425369 720227 193726 596389 527995 316410 741905 321369 985997 604367 651380
75232 277912 241054 707405 1064592 389083 680915 582322 927462 593712 904328 629959 963878 968027 786678 288929 490148 221410 475759 237132 768730 627558 422909 811227 365895 831421 153659 636778 754964 512799 529175 197756 628352 515543 578339 487237 569797 912629 498949 793813 222416 318185 815150 805438 916309 566332 952452 448942 74356 782003 209355 999999999 416666 937096 808475 944338 232266 765223 820788 56721 456106 751452 323045 863262 123690 397793 516627 596754 850835 988408 403316 516072 612527 429782 815283 685635 860947 716307 788282 788573 741120 764066 243362 300241 832608 827311 503780 651326 558890 399513 884500 402682 668463 326941 525764 672399 480403 938035 493440 760171
391620 332251 467951 387717 804085 331439 269769 551579 759808 789976 529139 280953 765928 643105 490006 223422 631856 343704 542872 524640 352172 686271 225990 425891 463553 422762 431049 802016 695963 599887 657040 495682 337445 144489 197112 480364 580448 496070 306028 675283 414747 446478 497218 389694 520954 514172 687704 587005 471470 604566 456114 416666 999999999 656175 562178 619066 532236 616662 637326 466514 207388 471749 147601 585755 355983 169550 151692 696859 437586 688520 439945 244337 555540 695347 452409 612361 662332 569170 658257 548716 469689 656445 569410 325475 428571 429927 753097 548982 337645 37230 715975 576231 344538 445063 653779 287451 420242 533028 212586 483819
956699 673157 1089353 269788 150524 987538 640807 497050 267693 863099 290525 804308 212354 121718 166171 870742 732069 973375 628691 868042 556549 631566 875642 348055 671131 687697 1027206 824900 450655 656453 720187 869603 324818 512783 723206 545164 552728 606614 438176 345275 770345 1091198 169641 533922 379436 475162 47400 718892 948817 243771 817149 937096 656175 999999999 138292 121487 882695 294622 224109 993419 845931 189951 641450 74185 945637 822837 504896 693007 653753 66490 608905 859094 458043 910762 274073 424603 189970 310133 324186 159685 197557 364459 924197 649110 428943 394504 917841 390325 378225 638259 254574 759164 312323 1091562 719575 739289 502720 754826 833890 179510
832653 539769 972810 202408 256910 891545 599348 363276 231307 733081 331470 748231 212119 226551 114178 766262 597038 860808 491856 730506 537696 505777 787161 347735 532918 675464 906436 698413 342706 521859 587120 732960 225222 424991 660507 407202 419910 618945 311223 246122 634612 982319 156908 525384 415183 338996 144294 582148 816377 131181 680766 808475 562178 138292 999999999 212573 745208 181937 131174 864335 762408 100557 525630 77950 825393 731623 416012 564588 648163 201827 470733 783637 325525 773653 274950 301367 124696 183078 222384 21404 95948 256641 786509 515796 433468 398871 782841 258391 253224 539116 197575 621462 236506 983559 586307 693129 364648 758492 755844 88314
954495 696406 1073035 239774 241395 945843 558325 571061 387758 942691 176128 728928 333838 24230 162722 840767 801260 952543 692382 905465 461768 717796 827613 252199 717928 586281 1018372 909933 551973 727298 794344 901784 315993 475077 654740 603232 628313 495140 455092 450347 799734 1063912 129296 433857 263644 543125 167346 782221 965301 339799 848685 944338 619066 121487 212573 999999999 919625 391572 328816 1001057 793472 204613 631959 135991 936910 778609 468745 775538 549518 93231 655881 798841 534911 971189 186008 513940 301791 395600 427665 230524 219458 465202 962266 672656 325443 292724 986282 468820 395779 607474 371089 816959 281843 1063112 793291 657832 550464 645125 776451 200317
