NAME : synthetic_000137
TYPE : CTSP-D
DIMENSION : 100
GROUPS : 8
RELAXATION_LEVEL : 1
EDGE_WEIGHT_TYPE : EXPLICIT
EDGE_WEIGHT_FORMAT : FULL_MATRIX
EDGE_WEIGHT_SECTION
999999999 914153 205420 453264 837557 46500 647238 582172 394282 782695 326184 745907 187013 726680 817552 435296 534967 893592 950696 53732 783290 529247 171848 949804 597513 900928 691094 606772 731074 184965 150959 326093 783582 356154 599463 785760 718954 367367 285897 917106 344554 416092 736361 923598 517718 493003 720948 361094 582385 127694 842069 817030 513386 746374 830610 728842 867349 377638 432361 170778 709399 562888 444845 724811 575002 255351 857709 416170 1106852 480262 725990 302342 938301 960535 167803 587730 598840 327489 812871 315304 308995 888886 1107360 461823 491117 921487 879082 763136 263313 484512 200542 422099 1038665 389510 1027537 919104 295142 418581 635460 630462
914153 999999999 720084 784881 100279 877181 619898 416533 551683 171615 749655 220028 817501 191366 159840 742127 706722 39450 243651 901260 384564 391582 872012 145456 669878 427191 296778 537247 805932 841056 763195 738930 130735 580744 636819 245250 394365 567851 630637 283818 590111 502505 499005 172296 487037 600051 561258 563404 547380 992375 537177 302785 476010 212040 156247 830795 146078 538586 672848 761156 351549 382378 687542 562043 470355 659539 56800 602625 201580 697010 474134 616301 183285 186894 761756 326782 405094 860030 861281 873221 706240 376220 217736 595222 741640 75071 204801 211378 691760 675267 725311 527163 124668 607066 263513 37865 873635 531469 375602 490002
205420 720084 999999999 331331 638721 181533 470760 377175 188903 601594 311273 542626 227312 537597 615105 414031 493812 696925 745444 182341 644205 329901 172765 747073 432443 699794 525885 415497 590079 148646 74679 304149 590685 150769 426788 580658 515990 162154 92423 711721 139229 217615 624198 719700 385760 407761 534228 202870 391890 315600 734390 661950 375123 568716 627981 594081 664535 182259 377344 135063 560114 358606 397459 629332 373563 72569 664411 224209 908404 437117 529113 104192 763373 756458 130531 393920 451141 262588 676071 261876 144774 685532 906713 370773 466493 722046 674307 587678 185539 321182 119899 278038 844705 194521 822424 722122 247649 213217 430247 514194
453264 784881 331331 999999999 685836 460121 248492 368603 304956 732439 640914 566379 553417 650089 635875 739087 808992 750213 701701 401697 861673 445186 286802 747953 181016 569167 709148 272025 278375 268516 396988 633063 678099 309641 201096 564788 432148 317211 362232 649634 311466 388933 879077 708912 644392 705175 340799 472437 252809 580737 986848 849730 627850 714577 644902 275599 674328 386570 693258 464571 769662 417861 715114 900975 315786 373294 739642 207618 930656 754228 390198 352876 894700 738930 459712 517767 678116 145905 359626 163896 190261 579948 912934 668086 788750 754445 653309 737069 511246 111054 451043 543416 898033 223145 776591 770640 180482 309047 410807 774245
837557 100279 638721 685836 999999999 802867 520485 318168 463262 174153 701235 119950 755157 145636 63979 707667 685630 64417 200042 820948 408047 308938 784358 131815 569726 351734 283810 437013 708026 753088 687052 690073 85413 494705 536667 149582 296433 481969 551899 222155 504731 421948 511790 131761 451226 569866 464559 497545 447114 923133 568390 335289 437182 203854 65153 732596 75625 459933 636262 691653 353505 290312 653320 571913 370717 582223 71657 507393 269689 668102 377560 536288 259407 163106 691737 252588 379387 764774 765535 778450 614239 301040 270948 559077 714536 84184 136415 213749 629513 575866 655384 472193 214618 513710 248015 86542 779694 441875 275777 480893
46500 877181 181533 460121 802867 999999999 640073 557716 368967 742353 281282 714569 143277 688498 785295 391055 489985 857731 922330 82666 737828 495888 190672 917586 594066 881279 648311 593151 735636 196687 116998 280763 746463 330026 593450 757102 697484 340466 253618 890754 318210 383183 689950 892648 472469 446507 709794 319835 569073 134543 795578 772768 468587 705432 798487 735099 835329 343928 386297 125796 664825 533237 399127 678328 555006 221838 820562 401371 1071548 434917 709442 271169 896440 929772 123199 551640 554450 343673 818981 333373 301552 866918 1073346 415348 447023 886978 849534 721738 217478 480679 157310 378414 1001458 373100 998630 883340 313558 393264 610299 584231
647238 619898 470760 248492 520485 640073 999999999 251186 334163 618097 740165 404597 693359 534731 460502 817256 861943 581445 483930 602249 801016 387120 501780 549024 69119 326266 637714 98726 195190 475642 545425 729970 540610 364619 49714 377321 227952 363179 450789 427205 373801 398526 851585 507000 646907 740758 93134 520119 106893 772330 949128 765461 627611 613677 465891 216952 487401 420206 756238 600071 711755 329158 779303 889315 191108 476529 586016 250576 731436 814447 160076 433580 764115 531155 596322 440622 647249 387481 269285 405714 338847 344399 706649 707614 857077 572647 451143 635765 610992 166140 574161 570338 717441 281677 553557 596961 419114 319747 262957 761603
582172 416533 377175 368603 318168 557716 251186 999999999 188762 376795 563087 200054 558860 292599 272426 618451 644608 382574 374219 552799 549848 144595 491536 395137 277992 332019 386615 152574 445237 460045 442914 551801 311839 227864 246861 214393 146085 218075 311890 335929 239729 203188 603038 360762 412736 518844 245826 327705 150587 690162 698652 516461 393151 367286 282902 465292 315744 239427 550470 473758 460650 79909 572968 643825 62179 344327 371157 195664 572952 603641 191240 292731 532927 395266 471775 189749 400846 450096 520298 464742 311067 311164 561137 489842 649496 390680 309259 389769 448466 260007 439736 355705 531923 209126 452094 403874 467929 164497 54030 517871
394282 551683 188903 304956 463262 368967 334163 188762 999999999 457670 407309 359358 378697 382616 433045 483478 533646 524522 557243 367607 559129 164228 321100 563781 319267 516216 412422 255707 496260 289867 254362 396850 426905 39330 301273 392976 330601 31609 127725 522826 51199 83989 574412 534344 342582 417736 376340 188221 235609 501505 681913 554118 325183 432084 445474 508097 481459 89506 424286 289634 467625 174777 447305 598441 193374 158990 498236 102815 731350 483650 354078 108560 623222 570673 287136 237682 373285 324602 581658 334471 160037 498925 726271 382358 524848 544648 487267 453600 280746 232587 257537 248315 674957 81828 634511 548883 330827 24328 241457 470728
782695 171615 601594 732439 174153 742353 618097 376795 457670 999999999 587484 233130 667161 84206 224355 572853 535122 178712 373862 776998 234131 294669 765625 294369 653616 514470 125346 523170 812882 736146 633418 577165 96083 478464 621663 294455 416926 465766 509302 394795 485651 390979 338765 303891 320323 430064 582509 422681 525705 848695 395105 165550 311204 41629 231779 835049 249692 420909 504697 620754 183493 314968 518414 399934 438481 534481 125808 531507 368844 526360 499805 498121 165556 331471 622093 220311 235311 781061 880580 791716 617699 465276 388833 427430 570563 227022 309211 41112 543154 629966 586196 374360 279339 527474 415515 199267 788492 442266 355175 319156
326184 749655 311273 640914 701235 281282 740165 563087 407309 587484 999999999 649123 139900 561646 706348 110885 208784 741857 866367 359624 509524 441736 439927 830775 717067 889970 469536 662435 886856 430340 258272 11537 625742 375558 703728 709707 707376 377298 292085 851852 366623 360720 436123 817735 269497 190865 782347 235518 642858 316415 533921 564382 276517 546123 719729 894069 754963 328229 114488 189394 456856 503644 121608 412376 590516 271895 694520 493371 951221 154574 750037 307842 715609 854378 194592 462256 358875 567688 973436 563738 451129 860796 964361 172422 166911 781884 788524 555683 131664 613891 191996 230945 866047 462879 934710 766968 546770 424824 603740 342241
745907 220028 542626 566379 119950 714569 404597 200054 359358 233130 649123 999999999 683490 162094 74153 673554 668968 184069 217548 724509 455200 220875 678461 204622 451266 292006 303518 318225 595296 646949 597612 637636 142262 393931 418234 70041 187430 381673 460982 206297 404782 331721 541716 178161 425423 545544 356013 427167 327543 840397 616294 396718 408225 244417 86191 619154 122153 371460 601364 611300 381857 184762 620971 596029 250921 492788 181565 392788 375272 642115 270627 443803 361859 215405 610674 187086 372221 649302 657072 663531 503487 246718 367342 527446 689588 190930 140077 262716 560385 456168 575065 418720 332079 401731 289007 204304 665782 336495 155895 487045
187013 817501 227312 553417 755157 143277 693359 558860 378697 667161 139900 683490 999999999 626139 748720 248288 348412 803656 899355 224248 626403 463741 317275 878916 658672 890797 559758 629076 817218 313716 156589 140968 688265 340747 651241 736017 704630 347120 251020 876061 329522 360681 565301 859690 367807 318287 749824 257993 606786 188941 667229 671577 368629 627428 762225 820714 798825 321567 250156 93405 562488 515301 260444 547212 571946 220770 760883 443139 1017423 294459 732773 270138 810225 897026 97412 504025 455772 458790 903057 451888 371572 868653 1024992 291555 304110 838702 823036 640704 125884 548239 121365 292817 939097 412160 972461 829341 433330 400870 606823 464459
726680 191366 537597 650089 145636 688498 534731 292599 382616 84206 561646 162094 626139 999999999 175147 562958 540169 180223 338339 716671 293109 218394 696757 277346 569480 452536 145761 439315 729718 666588 575968 550705 64191 406497 537586 229327 338810 393618 446346 347740 414591 322091 382667 274872 306257 424375 501987 372562 441568 801654 454252 237662 292851 83335 185949 751639 213522 355363 491908 570797 222093 232233 508486 439350 354277 473773 134772 451230 391858 522592 420890 433412 244883 308077 571557 145884 234060 703559 798474 714873 542062 405480 402820 414462 568945 221360 265393 103510 500394 546643 535163 336403 313986 448969 392731 205440 712594 365599 271791 339272
817552 159840 615105 635875 63979 785295 460502 272426 433045 224355 706348 74153 748720 175147 999999999 722604 709301 121007 165568 797235 457487 289745 752528 132300 512042 291982 320510 380227 646128 721025 668498 694966 128655 467151 479025 85999 234525 454782 532012 173134 477864 402112 555288 111613 468982 589210 401799 491051 391980 909628 618990 389197 453211 247455 13516 670959 50264 441490 650511 679430 395009 258288 668971 613378 320140 563475 135430 466361 301320 687073 314696 515219 323155 148697 679037 245973 405442 722376 702405 736802 577587 241952 293326 574641 734206 118678 90388 261118 624336 525127 643103 475440 262574 475766 228597 137203 739349 410349 225355 514083
435296 742127 414031 739087 707667 391055 817256 618451 483478 572853 110885 673554 248288 562958 722604 999999999 102680 740163 886955 470208 452849 484402 550010 839368 800739 934530 448610 733197 974580 539399 366507 114099 626582 456475 784470 738854 757776 455812 380886 879653 449115 423492 361694 831838 256737 143343 850491 297910 715594 412415 449112 519107 270531 531368 735540 983625 768784 397409 72214 298779 417836 550546 54620 326624 654145 365998 689744 577303 941639 59032 809194 394123 681379 867212 303934 488418 337545 674059 1060919 670974 548857 900760 959720 148593 56078 783826 809353 536606 228856 702701 297348 264485 851270 547954 950306 764177 654514 497648 652879 285198
534967 706722 493812 808992 685630 489985 861943 644608 533646 535122 208784 668968 348412 540169 709301 102680 999999999 710055 874865 567464 381092 503028 640628 816907 852810 944660 410027 772373 1029799 627502 454605 209434 601401 512125 833497 737258 776178 509153 446791 874428 506539 463417 277263 814554 244061 126580 885340 345719 757086 515062 354495 455418 262168 494926 721558 1040973 752318 444440 116635 389818 363832 570605 96572 233547 687562 437590 657887 632943 901511 57138 835434 457122 623580 848227 394817 491606 306268 756292 1115303 754743 620311 906850 923753 155264 54374 756216 798672 496015 309651 761693 382827 292301 807694 605396 932769 732630 739315 544124 672197 222863
893592 39450 696925 750213 64417 857731 581445 382574 524522 178712 741857 184069 803656 180223 121007 740163 710055 999999999 211920 878786 403285 367187 845507 119258 632203 389666 300900 499845 766856 814356 742736 730925 116277 554944 599154 206050 355414 542122 608721 248344 564680 479454 514491 139630 483718 599459 522001 547504 510546 975476 559377 324057 471404 216322 116931 791792 107349 516561 669855 743914 362034 352864 685554 576717 434969 638374 52915 571223 214337 697202 434882 593720 218177 159360 744271 306092 405339 828667 821892 842211 677043 338621 222643 592192 742658 48830 167283 219756 677773 640173 707822 515986 151042 576950 240473 25731 843208 503612 339964 497242
950696 243651 745444 701701 200042 922330 483930 374219 557243 373862 866367 217548 899355 338339 165568 886955 874865 211920 999999999 924692 607055 435627 865489 102242 547541 205471 481750 430002 643351 834050 805535 854899 284028 594704 516679 165258 269572 583339 669495 59099 606216 542953 711827 72367 634283 754589 402536 644148 448973 1051102 766349 531669 618274 403647 153394 670003 125633 582957 814775 824440 553219 389401 833589 771789 402131 701904 257159 566265 257794 852336 323855 651417 426789 63460 823492 404112 570639 810341 681765 826548 683929 159700 226279 739384 899537 168656 77910 413753 777144 592338 788449 635671 277389 582691 77920 205971 832575 533145 320268 677485
53732 901260 182341 401697 820948 82666 602249 552799 367607 776998 359624 724509 224248 716671 797235 470208 567464 878786 924692 999999999 793610 512039 118303 929069 550364 865364 691892 566705 679901 133218 145860 358100 771350 331058 553867 760583 685708 343044 270707 888696 319933 399338 754255 901108 528075 515213 678567 360604 542169 179320 861750 822134 521825 742195 810056 677082 846535 362675 460307 186340 716008 540086 474667 746952 540896 243017 845293 378328 1090637 511582 688004 285092 935840 937698 182255 574580 605216 273940 761095 261607 266404 855669 1089043 482101 526283 904350 854793 759997 279572 437990 209335 427354 1025927 353432 1002067 904063 241438 391596 606611 646445
783290 384564 644205 861673 408047 737828 801016 549848 559129 234131 509524 455200 626403 293109 457487 452849 381092 403285 607055 793610 999999999 424338 816963 522315 823082 744383 163477 702417 994795 792026 649468 502123 328858 564446 793805 521664 626626 553891 557338 628861 567130 476651 120013 536136 265778 320047 782755 441490 698697 815224 161719 84792 272027 211735 465514 1014164 483662 490029 401001 612532 92163 473256 405038 183593 610774 571637 352474 654182 555260 395665 706417 553816 253272 561374 615649 361286 193458 874060 1069920 880535 708822 696262 586045 338024 429467 451967 543330 196392 520507 773393 584896 368257 457693 639881 643727 419079 872251 552755 545472 168752
529247 391582 329901 445186 308938 495888 387120 144595 164228 294669 441736 220875 463741 218394 289745 484402 503028 367187 435627 512039 424338 999999999 481204 421927 401048 450733 265830 289359 576394 450536 379338 430212 264234 189773 373273 272693 274190 176844 243355 413868 198748 113176 464933 398691 268259 376662 390262 210555 281045 619990 564870 405056 248680 271732 303046 594097 339931 151964 414317 390438 332585 67584 436210 502374 197372 274272 336820 239536 578618 464654 333155 227409 460109 436027 389850 74464 260141 486406 655501 497214 323783 419409 578119 349412 511309 392544 359584 293866 342371 350485 354193 219960 515893 233154 509230 392294 494455 147669 169529 375186
171848 872012 172765 286802 784358 190672 501780 491536 321100 765625 439927 678461 317275 696757 752528 550010 640628 845507 865489 118303 816963 481204 999999999 881804 445123 784767 696454 478755 565077 31566 186629 435917 745434 291458 452391 705206 612476 304382 262248 824338 282579 375081 794338 850149 557443 569152 583642 375550 454263 296971 904201 833781 547393 734804 764625 561134 800031 345207 527083 251407 732696 495051 544642 796074 468288 245333 817840 301514 1052089 583554 603443 269859 929406 885577 246302 551013 623896 155648 645036 143701 182923 780562 1045801 533211 605434 865502 800240 754589 334221 335666 259379 450240 995708 282842 943406 869948 123621 342750 545322 684442
949804 145456 747073 747953 131815 917586 549024 395137 563781 294369 830775 204622 878916 277346 132300 839368 816907 119258 102242 929069 522315 421927 881804 999999999 607948 301900 412004 481646 721071 850250 800798 819524 215549 598551 575675 183683 323094 586293 664310 152462 609401 534406 632360 42716 583013 701667 475794 620947 497271 1041616 678618 443307 568847 329194 119194 747225 82539 573749 767871 811111 477621 389355 785059 694092 435748 695772 170131 590765 183525 799898 391509 647486 327048 41548 810804 374973 510649 843975 766199 859099 704628 252958 166221 690776 846291 71387 97885 335409 753952 636976 774770 600689 180092 602465 121509 107685 862870 540719 344101 609427
597513 669878 432443 181016 569726 594066 69119 277992 319267 653616 717067 451266 658672 569480 512042 800739 852810 632203 547541 550364 823082 401048 445123 607948 999999999 395123 661118 133146 178640 420655 506420 707400 581945 344270 33059 431474 284884 345254 425051 491778 351918 392678 864784 566501 649375 735233 162236 507478 127912 724118 965894 793863 630554 645267 518558 193862 542563 408374 743296 565363 732181 350378 766275 898395 215822 447706 632504 223942 791178 802869 224733 409336 805489 592360 561263 462059 659179 322845 262806 341110 293272 411887 768102 700584 843637 627000 510352 667731 586017 113388 542304 564603 772256 254202 618694 649214 355508 309306 301176 769795
900928 427191 699794 569167 351734 881279 326266 332019 516216 514470 889970 292006 890797 452536 291982 934530 944660 389666 205471 865364 744383 450733 784767 301900 395123 999999999 595509 308462 455202 754847 769477 878523 418437 555486 369412 223231 186207 546987 642430 149550 567306 533790 833711 262288 701388 818554 234155 654959 332351 1015343 906031 679981 682779 532649 287180 482139 283135 571074 863724 804745 673701 386516 885130 887805 326296 674524 421937 487378 461078 911289 182855 623167 606960 267670 802549 453208 659135 697814 483751 715502 603594 51069 425866 795251 958545 356845 222441 548878 779662 469382 771225 670450 481271 512041 253615 392251 725692 492637 286650 776238
691094 296778 525885 709148 283810 648311 637714 386615 412422 125346 469536 303518 559758 145761 320510 448610 410027 300900 481750 691892 163477 265830 696454 412004 661118 595509 999999999 539184 831763 668947 546139 459679 198449 423911 631417 372636 466193 412240 434393 493399 428553 333924 238202 415493 200123 305466 619846 331339 535947 745528 318362 141699 193881 84920 330850 851409 356175 354905 381523 523578 79014 310798 394367 293713 447801 454809 248332 501824 493770 401230 544751 426892 250519 446426 525605 199104 111916 734788 906507 743069 568605 549529 514171 304907 445247 348026 410436 88003 439365 616314 491016 270863 402659 490682 531321 322901 736894 402740 382318 197433
606772 537247 415497 272025 437013 593151 98726 152574 255707 523170 662435 318225 629076 439315 380227 733197 772373 499845 430002 566705 702417 289359 478755 481646 133146 308462 539184 999999999 292837 449607 489324 651808 449302 290563 100203 301624 160837 286632 379938 377612 301060 310411 753258 441211 551923 649435 120974 435309 24590 727484 850443 667935 532495 517025 387283 313413 412836 336361 669731 537070 613046 230471 692742 791732 92513 408619 499372 191835 665160 726687 125658 361516 672979 469485 533843 341898 549304 390958 368003 408361 300819 311826 644673 617338 770472 496396 385107 539277 536423 164621 507968 480079 641638 220977 504583 517413 417788 237643 168810 664381
731074 805932 590079 278375 708026 735636 195190 445237 496260 812882 886856 595296 817218 729718 646128 974580 1029799 766856 643351 679901 994795 576394 565077 721071 178640 455202 831763 292837 999999999 546683 661484 877647 733675 518903 203443 560856 411673 520948 595381 584387 525677 571136 1041175 678371 827944 913287 246085 684109 296366 858698 1140802 960552 809081 808864 650071 26938 667691 585685 919061 725064 904874 521778 941947 1076086 384021 615246 775629 397698 899127 979063 332650 580918 956576 697553 720591 633699 835832 418020 86580 434745 445672 488682 869616 878362 1018947 753205 624275 830939 755217 272966 705574 742816 895942 426649 704615 780361 453415 487390 457936 947614
184965 841056 148646 268516 753088 196687 475642 460045 289867 736146 430340 646949 313716 666588 721025 539399 627502 814356 834050 133218 792026 450536 31566 850250 420655 754847 668947 449607 546683 999999999 173148 425592 714764 260765 426509 673662 581682 273695 235577 793086 252117 345302 772551 818584 534403 551288 556071 351209 425065 312251 882655 806994 523701 705781 733108 543998 768493 316343 512777 240949 706865 463639 531111 776213 437310 220851 787018 270566 1020681 570365 573917 242055 900252 854017 235753 520764 598696 147525 628023 138745 152090 750041 1014285 514891 594305 834124 768697 725753 318915 309831 244751 426656 964649 251462 911965 838749 119750 311375 513854 662556
150959 763195 74679 396988 687052 116998 545425 442914 254362 633418 258272 597612 156589 575968 668498 366507 454605 742736 805535 145860 649468 379338 186629 800798 506420 769477 546139 489324 661484 173148 999999999 253002 632636 215105 501299 640287 584528 224948 136635 774574 203228 266421 615673 775671 384666 384060 608475 214806 465892 247280 724555 676416 377443 597855 681663 664489 718489 227416 340524 69923 570634 416321 358366 613235 443922 105071 706761 298507 956158 397477 601261 154206 790929 812785 64758 436801 459902 310034 747087 305558 215963 753257 957207 348789 421232 771072 732574 615246 147767 394562 72850 282084 887716 268500 881732 768270 288498 278505 494953 506603
326093 738930 304149 633063 690073 280763 729970 551801 396850 577165 11537 637636 140968 550705 694966 114099 209434 730925 854899 358100 502123 430212 435917 819524 707400 878523 459679 651808 877647 425592 253002 999999999 614779 365414 693801 698180 696008 366969 282569 840324 356599 349545 430676 806371 259771 184502 771621 224178 632337 320804 529562 555955 266389 535850 708352 885067 743616 317280 110300 184776 448160 492174 119476 408415 579517 263029 683717 483606 940506 154177 738920 298084 706259 843032 189945 450790 349287 561789 964221 558157 443091 849293 953462 164432 169746 770822 777060 545614 122755 604703 185431 219541 855574 453197 923304 756063 541393 414173 592327 335367
783582 130735 590685 678099 85413 746463 540610 311839 426905 96083 625742 142262 688265 64191 128655 626582 601401 116277 284028 771350 328858 264234 745434 215549 581945 418437 198449 449302 733675 714764 632636 614779 999999999 454006 549274 199507 329342 441077 500645 300535 462916 373398 428636 217044 369846 487277 497341 433124 454987 861906 490335 261544 356763 120043 136817 756863 158440 408761 555718 630577 269301 264064 572055 487965 370986 529219 74128 486213 329162 585406 412593 486673 223720 248390 631133 196815 295183 742132 797774 754420 584197 369193 338917 478188 631496 157341 215518 132545 562405 571252 594681 399773 255086 487448 333321 141685 753514 407930 280775 395480
356154 580744 150769 309641 494705 330026 364619 227864 39330 478464 375558 393931 340747 406497 467151 456475 512125 554944 594704 331058 564446 189773 291458 598551 344270 555486 423911 290563 518903 260765 215105 365414 454006 999999999 328856 430024 369923 12930 89871 561183 11879 90057 571449 570079 334904 400285 411512 167191 269485 462309 680301 565248 318676 450488 479795 529176 516072 77242 400228 250934 474035 209231 423079 591476 232002 120354 526401 121210 763723 460435 392257 71079 643635 606642 248322 260625 374691 311095 604986 319159 144961 538230 759938 363958 500051 576967 523914 471395 246840 249628 219417 234445 704688 93337 671754 579652 313350 63400 280273 465286
599463 636819 426788 201096 536667 593450 49714 246861 301273 621663 703728 418234 651241 537586 479025 784470 833497 599154 516679 553867 793805 373273 452391 575675 33059 369412 631417 100203 203443 426509 501299 693801 549274 328856 999999999 398643 252584 328729 412520 461418 337261 371322 837845 534367 625584 714412 139851 489155 96307 725074 938026 763199 606578 613927 485590 220874 509777 389452 725443 557839 703236 320641 748481 872696 184713 436805 599507 210869 759008 784505 195168 396022 772882 560632 553931 432550 632430 338260 285122 356469 291908 383788 736365 680302 826082 594119 478191 636342 573428 116739 533184 543633 739386 241813 588525 616206 369639 289380 268554 744275
785760 245250 580658 564788 149582 757102 377321 214393 392976 294455 709707 70041 736017 229327 85999 738854 737258 206050 165258 760583 521664 272693 705206 183683 431474 223231 372636 301624 560856 673662 640287 698180 199507 430024 398643 999999999 149861 418505 504244 142145 441456 378103 610790 146911 493358 613130 316020 482775 315637 885892 683182 459729 475803 310033 89219 585883 111235 418095 666787 659734 450591 224166 686841 665635 252116 536666 220322 409652 365868 709093 228896 486160 407469 180886 658696 250524 442057 660920 616434 676263 525429 176976 349691 593874 756601 195625 95035 327028 615049 453745 623849 480710 340815 423388 241778 219965 680552 369037 161779 557083
718954 394365 515990 432148 296433 697484 227952 146085 330601 416926 707376 187430 704630 338810 234525 757776 776178 355414 269572 685708 626626 274190 612476 323094 284884 186207 466193 160837 411673 581682 584528 696008 329342 369923 252584 149861 999999999 361136 456340 218922 381777 348812 699238 281846 536752 649609 168940 471876 179402 831093 784516 576454 517463 421954 238939 436436 259453 385478 688232 618611 544859 207295 710261 747279 145033 488511 364837 311199 506440 738807 83251 437087 548724 309009 616454 292552 508065 543661 470291 560351 429602 170009 484516 623374 785499 344757 225656 442270 594429 322871 585024 493396 489488 332996 345038 369825 567666 306833 104901 627128
367367 567851 162154 317211 481969 340466 363179 218075 31609 465766 377298 381673 347120 393618 454782 455812 509153 542122 583339 343044 553891 176844 304382 586293 345254 546987 412240 286632 520948 273695 224948 366969 441077 12930 328729 418505 361136 999999999 96206 550387 23116 78328 562713 558068 327218 395730 407415 163537 266141 472228 671278 553685 310650 437984 467464 531820 503793 69517 398226 258317 463235 197068 421163 583784 224879 127722 513484 123864 751061 458117 385664 77002 630987 594694 255896 247755 364821 322575 606797 330926 156381 528905 747455 359709 498419 564313 512210 458954 249842 253395 226006 228430 691819 97759 660274 566852 325419 54358 270022 457121
285897 630637 92423 362232 551899 253618 450789 311890 127725 509302 292085 460982 251020 446346 532012 380886 446791 608721 669495 270707 557338 243355 262248 664310 425051 642430 434393 379938 595381 235577 136635 282569 500645 89871 412520 504244 456340 96206 999999999 639770 78945 130196 545405 639036 305074 345708 500912 120593 358434 381794 655721 571582 292422 476295 545146 603443 581952 92164 331342 162358 471405 280105 353450 556193 321081 32645 574605 201709 821405 392319 481770 19278 670951 676154 160119 303896 363880 327019 681925 330294 174943 623047 821473 308322 428286 635727 596145 495270 161018 322623 129812 197055 755304 170977 745446 634116 319365 150310 362400 435891
917106 283818 711721 649634 222155 890754 427205 335929 522826 394795 851852 206297 876061 347740 173134 879653 874428 248344 59099 888696 628861 413868 824338 152462 491778 149550 493399 377612 584387 793086 774574 840324 300535 561183 461418 142145 218922 550387 639770 999999999 572900 516421 728365 113965 631347 751602 344367 624312 397610 1021383 789856 557420 614345 420197 163794 611065 147336 556239 807491 797776 568139 361453 827211 786495 357318 672383 287387 523404 316725 848358 267320 621220 466404 118639 796497 391918 574209 762357 622755 778917 641815 101707 285315 733741 895818 210820 85767 432938 756123 541291 762201 622696 331745 541773 127255 247373 785788 498525 282088 685523
344554 590111 139229 311466 504731 318210 373801 239729 51199 485651 366623 404782 329522 414591 477864 449115 506539 564680 606216 319933 567130 198748 282579 609401 351918 567306 428553 301060 525677 252117 203228 356599 462916 11879 337261 441456 381777 23116 78945 572900 999999999 95557 571647 581175 334026 396159 422033 162707 279729 450439 680824 569628 318207 457042 490557 535479 526898 77742 393920 239412 477138 220184 416687 590433 243609 108931 535552 128192 773926 454340 403694 60486 650604 617792 236749 268719 376482 307347 611906 314820 141692 550109 770482 359585 493396 587193 535239 477756 237258 255259 208163 231961 714197 99175 683210 589471 308342 75277 292092 464849
416092 502505 217615 388933 421948 383183 398526 203188 83989 390979 360720 331721 360681 322091 402112 423492 463417 479454 542953 399338 476651 113176 375081 534406 392678 533790 333924 310411 571136 345302 266421 349545 373398 90057 371322 378103 348812 78328 130196 516421 95557 999999999 490485 509882 260360 343101 426998 126688 294042 508899 597926 475357 242494 361688 415306 584581 452153 40005 359321 281654 385605 154996 382331 515355 231261 161370 446955 185365 691571 416506 389478 114358 555574 547108 280594 176979 289476 400903 655362 409179 234710 509009 691291 309287 460066 505666 468395 382287 245882 313828 245871 172326 627107 165816 618045 504726 403379 84813 247592 387312
736361 499005 624198 879077 511790 689950 851585 603038 574412 338765 436123 541716 565301 382667 555288 361694 277263 514491 711827 754255 120013 464933 794338 632360 864784 833711 238202 753258 1041175 772551 615673 430676 428636 571449 837845 610790 699238 562713 545405 728365 571647 490485 999999999 642527 240397 247165 845242 424895 745917 750989 110345 204486 254264 308593 564705 1058407 586676 494282 322189 568390 160592 523427 320598 63801 660770 553140 462375 675229 674594 302721 774976 546060 373124 670107 572237 414574 205657 871413 1120364 875493 710803 787612 704521 275037 329316 563315 643966 298269 474847 801261 545859 348378 577145 656192 753791 532089 864765 573085 608507 110004
923598 172296 719700 708912 131761 892648 507000 360762 534344 303891 817735 178161 859690 274872 111613 831838 814554 139630 72367 901108 536136 398691 850149 42716 566501 262288 415493 441211 678371 818584 775671 806371 217044 570079 534367 146911 281846 558068 639036 113965 581175 509882 642527 999999999 576801 696547 433163 602264 457418 1018501 694846 459902 561678 335375 98140 704537 63098 549612 759906 789073 484989 361107 777905 703135 398549 670907 185117 556306 224683 794692 349091 621734 355579 37368 788530 357548 508801 807739 723603 823138 671450 212576 204022 683494 841552 97838 56193 344261 735593 598081 752793 586883 221792 569290 118558 134974 827461 510876 308610 612375
517718 487037 385760 644392 451226 472469 646907 412736 342582 320323 269497 425423 367807 306257 468982 256737 244061 483718 634283 528075 265778 268259 557443 583013 649375 701388 200123 551923 827944 534403 384666 259771 369846 334904 625584 493358 536752 327218 305074 631347 334026 260360 240397 576801 999999999 120392 657914 184696 540065 556273 350672 303891 19585 278713 481630 842664 513921 257826 186145 346941 194817 335100 202232 256587 462222 313942 433767 445198 687702 218093 600738 305731 447018 611688 349978 248198 89701 631082 910706 635096 471403 662961 704170 108474 265254 527108 557313 286879 255648 574170 319149 108225 599657 423339 695359 507939 624436 345084 434356 131438
493003 600051 407761 705175 569866 446507 740758 518844 417736 430064 190865 545544 318287 424375 589210 143343 126580 599459 754589 515213 320047 376662 569152 701667 735233 818554 305466 649435 913287 551288 384060 184502 487277 400285 714412 613130 649609 395730 345708 751602 396159 343101 247165 696547 120392 999999999 760831 233474 635039 503962 349656 380168 137346 388691 601797 925724 633783 328292 81402 329092 276185 444246 89756 231962 563198 343112 548435 519239 798908 98240 709389 352842 539433 731144 333406 365840 194975 667994 998038 668805 520541 781287 817773 37417 145034 644020 677684 393429 237292 649077 311612 170779 708091 493312 815083 623095 655248 425948 545693 151761
720948 561258 534228 340799 464559 709794 93134 245826 376340 582509 782347 356013 749824 501987 401799 850491 885340 522001 402536 678567 782755 390262 583642 475794 162236 234155 619846 120974 246085 556071 608475 771621 497341 411512 139851 316020 168940 407415 500912 344367 422033 426998 845242 433163 657914 760831 999999999 553086 143096 843636 936923 738446 638337 584146 405073 271848 421728 455112 785618 657605 696976 325277 808528 888261 197782 529505 533582 310020 655515 841452 87125 482485 717619 453932 654304 430757 645437 477261 301361 495402 412346 255782 627900 730078 886039 507199 378584 605282 657080 251105 628807 593524 649882 340034 468798 534803 507894 357625 237701 763175
361094 563404 202870 472437 497545 319835 520119 327705 188221 422681 235518 427167 257993 372562 491051 297910 345719 547504 644148 360604 441490 210555 375550 620947 507478 654959 331339 435309 684109 351209 214806 224178 433124 167191 489155 482775 471876 163537 120593 624312 162707 126688 424895 602264 184696 233474 553086 999999999 417736 429092 535229 462774 172780 385599 504564 695298 541071 99930 236338 198640 358679 269348 259392 436113 357932 130381 506608 287397 761743 295443 515843 123051 577231 639555 199708 246033 248833 447415 769720 450880 291224 627034 767892 196888 337093 581317 567153 402076 133342 416679 163601 76519 686548 260481 716066 573233 439887 200413 368460 315309
582385 547380 391890 252809 447114 569073 106893 150587 235609 525705 642858 327543 606786 441568 391980 715594 757086 510546 448973 542169 698697 281045 454263 497271 127912 332351 535947 24590 296366 425065 465892 632337 454987 269485 96307 315637 179402 266141 358434 397610 279729 294042 745917 457418 540065 635039 143096 417736 999999999 703345 844612 667011 520752 517628 399659 315481 426542 318256 653025 514510 608553 225487 676070 782836 88495 386635 507696 167923 680615 710539 149721 340214 678263 486623 511208 337454 541135 368286 374459 385550 276237 334492 661275 602352 753853 509186 401508 540052 515954 143684 485851 465005 654207 197407 524238 528900 394589 218604 174447 654958
127694 992375 315600 580737 923133 134543 772330 690162 501505 848695 316415 840397 188941 801654 909628 412415 515062 975476 1051102 179320 815224 619990 296971 1041616 724118 1015343 745528 727484 858698 312251 247280 320804 861906 462309 725074 885892 831093 472228 381794 1021383 450439 508899 750989 1018501 556273 503962 843636 429092 703345 999999999 850279 860157 556340 809915 922973 856249 959858 469016 430816 231588 751070 661728 437154 728783 689156 349275 935576 535776 1189808 466275 843977 400194 995969 1055789 231398 670589 643583 452112 940274 438887 433490 1000209 1194081 479225 464592 1007290 977179 824353 306394 610892 267782 475687 1115641 507625 1126725 1001197 418700 525703 742224 652289
842069 537177 734390 986848 568390 795578 949128 698652 681913 395105 533921 616294 667229 454252 618990 449112 354495 559377 766349 861750 161719 564870 904201 678618 965894 906031 318362 850443 1140802 882655 724555 529562 490335 680301 938026 683182 784516 671278 655721 789856 680824 597926 110345 694846 350672 349656 936923 535229 844612 850279 999999999 235332 364232 373404 626812 1158896 643992 603273 419466 675525 240124 619974 414440 122574 758029 663437 510053 781854 692248 390621 862993 656235 382836 718512 679516 508921 309782 981565 1218395 985750 820494 857975 727092 380317 408759 607547 704197 358006 582181 906546 654129 458710 595129 763741 799455 573178 975085 679539 699231 220254
817030 302785 661950 849730 335289 772768 765461 516461 554118 165550 564382 396718 671577 237662 389197 519107 455418 324057 531669 822134 84792 405056 833781 443307 793863 679981 141699 667935 960552 806994 676416 555955 261544 565248 763199 459729 576454 553685 571582 557420 569628 475357 204486 459902 303891 380168 738446 462774 667011 860157 235332 999999999 304965 154553 395911 981335 410605 495106 461473 647006 109092 444467 468502 268211 578520 589984 274897 642741 470468 463946 658340 565281 170441 483186 649586 334993 218353 876260 1032202 884351 710067 630656 501446 392125 501131 372302 471657 134394 558007 754977 616601 395266 372902 632179 564255 338267 877878 544237 504392 234885
513386 476010 375123 627850 437182 468587 627611 393151 325183 311204 276517 408225 368629 292851 453211 270531 262168 471404 618274 521825 272027 248680 547393 568847 630554 682779 193881 532495 809081 523701 377443 266389 356763 318676 606578 475803 517463 310650 292422 614345 318207 242494 254264 561678 19585 137346 638337 172780 520752 556340 364232 304965 999999999 269739 465974 823952 498694 241463 199116 342811 196399 315549 216328 273346 442701 302890 422080 427624 677140 234233 581213 292141 442982 596845 345610 229580 87244 617383 891694 621801 456605 644684 692614 121953 281602 514103 541089 279232 253047 556305 313718 97154 590243 406244 680214 495885 611545 327080 414928 146647
746374 212040 568716 714577 203854 705432 613677 367286 432084 41629 546123 244417 627428 83335 247455 531368 494926 216322 403647 742195 211735 271732 734804 329194 645267 532649 84920 517025 808864 705781 597855 535850 120043 450488 613927 310033 421954 437984 476295 420197 457042 361688 308593 335375 278713 388691 584146 385599 517628 809915 373404 154553 269739 999999999 256408 830232 278240 389599 463097 582982 149651 299942 476902 368142 429446 500429 163600 510868 410276 485214 503787 465964 194732 364843 584469 197570 193829 756544 879134 766550 591890 484614 429632 385808 529644 263855 335465 22646 503944 614705 548785 334810 320962 504732 449492 238045 762487 418162 351408 281028
830610 156247 627981 644902 65153 798487 465891 282902 445474 231779 719729 86191 762225 185949 13516 735540 721558 116931 153394 810056 465514 303046 764625 119194 518558 287180 330850 387283 650071 733108 681663 708352 136817 479795 485590 89219 238939 467464 545146 163794 490557 415306 564705 98140 481630 601797 405073 504564 399659 922973 626812 395911 465974 256408 999999999 675100 36886 454729 663471 692837 404663 270778 681848 623213 329367 576657 136644 477374 290219 699721 317957 528294 324221 135192 692431 259477 417286 732988 705060 747539 589170 236718 281179 587494 746813 109700 79588 269330 637851 534027 656513 488835 254550 487244 215354 131070 750303 422669 234910 525162
728842 830795 594081 275599 732596 735099 216952 465292 508097 835049 894069 619154 820714 751639 670959 983625 1040973 791792 670003 677082 1014164 594097 561134 747225 193862 482139 851409 313413 26938 543998 664489 885067 756863 529176 220874 585883 436436 531820 603443 611065 535479 584581 1058407 704537 842664 925724 271848 695298 315481 856249 1158896 981335 823952 830232 675100 999999999 693171 597604 929346 729141 923862 540917 952147 1092254 403664 622190 799830 408087 925588 989610 358104 589545 980040 723984 724573 652893 852863 411509 84029 427750 449334 515542 896252 890455 1028842 778714 650290 852402 762416 280939 710798 755618 921711 436304 731475 805571 446843 500326 479895 963644
