NAME : synthetic_000664
TYPE : CTSP-D
DIMENSION : 100
GROUPS : 8
RELAXATION_LEVEL : 1
EDGE_WEIGHT_TYPE : EXPLICIT
EDGE_WEIGHT_FORMAT : FULL_MATRIX
EDGE_WEIGHT_SECTION
999999999 804171 993769 872462 200877 540738 555068 535320 927396 271510 975328 479269 519817 832783 400082 452358 1044193 510050 189951 397407 809907 410686 1147060 584881 147630 386960 398758 474219 637060 559249 553038 293992 282759 945769 625799 503829 279597 148561 33889 1024744 761935 601939 910062 564217 435709 843022 303490 639380 891585 1004536 377217 467189 1008976 86791 705039 1004844 435350 346664 848647 372384 844907 725814 885557 339016 740693 764193 669742 797647 479942 289096 981295 1127298 533197 351252 600606 740318 823656 657346 673990 810566 822286 641478 846272 932974 795406 858711 576187 804732 688957 733447 254979 840815 905060 492430 450595 755853 308356 1049736 400997 642097
804171 999999999 260486 195043 660190 563637 361055 771296 240130 759332 300512 354394 428976 130205 444043 699006 248661 378399 762529 703665 492545 422265 443781 471176 664623 673680 419266 735650 855102 361054 483446 619525 738171 146116 208404 557692 561327 758735 818546 226760 42447 383314 235737 289774 368630 316983 592370 791025 248165 437560 508888 499100 205158 758604 780285 314551 632498 646999 176026 453160 404037 237661 389551 575424 809580 345144 755739 293668 402555 543836 201671 472400 702036 523070 494569 515924 266775 159734 130543 269607 647967 659866 382384 128804 547423 85224 228501 178952 116284 638302 558806 217654 373348 500855 436653 467293 560872 446305 452078 172501
993769 260486 999999999 122512 879561 822729 461591 818442 76242 994187 80559 592355 684862 166057 598958 773290 140880 629665 985777 795802 738716 584664 183348 516861 847020 771204 642886 802141 874770 458843 742679 853962 974594 161108 460171 814895 723856 975182 1001675 146669 292616 643472 429764 540591 576284 226054 732876 803963 124200 235596 644541 752159 187392 963359 768871 70944 885120 760922 145240 622184 639748 279734 613592 706336 788313 310649 755104 246824 650754 710109 303937 218671 748421 758890 755020 477424 205870 408051 354395 219727 576829 665398 616591 202303 481280 290212 438611 190130 338805 605167 738927 162960 230134 756422 682989 719850 709500 219624 688530 417386
872462 195043 122512 999999999 763736 733878 339945 709342 57998 882932 117367 486602 591464 66883 476620 658265 222062 531999 870492 678085 687393 462701 284882 403726 725436 652588 530465 688802 773206 337353 654949 743386 864124 176685 367402 722115 601496 858160 879839 214934 213113 560437 412660 444397 460507 145129 610552 703605 53462 242517 522197 654565 235739 844059 675672 140964 785884 640390 25963 500441 598451 158685 581353 584341 698722 211049 658250 145775 550199 587910 320409 292734 638786 649742 673356 387907 105088 315035 253176 116095 503677 565350 576481 206377 403418 256817 327142 67828 238793 516957 617500 48629 185593 661741 580606 660677 586997 253682 580485 321504
200877 660190 879561 763736 999999999 341292 492076 620947 821282 146167 875711 311140 324077 713754 338229 523080 907766 324223 107138 475429 609510 335723 1047524 564913 170781 452967 241019 555930 732549 496870 352560 94229 139707 805939 463470 303915 260839 98865 231579 886508 617949 407492 732620 391725 303397 766038 321978 715856 792755 933967 355087 267175 864089 120353 768512 902979 243156 401611 738290 299724 648632 635209 691185 352473 806810 700612 731405 718891 293483 256009 819576 1040900 596126 157990 399787 724678 736443 503525 535120 725051 832423 678318 651445 786912 782297 702322 442378 698388 550943 752833 205858 740660 834303 291922 260846 555740 303383 972994 219375 489313
540738 563637 822729 733878 341292 999999999 604585 888173 788998 321007 850370 281499 145715 669085 506489 787060 796163 211408 379752 751489 287948 486932 1005855 722809 488228 722481 303432 825797 1000779 609016 80212 247147 298185 697323 366477 38184 510711 407703 572385 772592 530163 182478 520057 291938 373390 799021 580976 966550 779475 958705 564742 110707 735548 455934 1001419 869962 121200 670887 708831 471863 358709 664885 409114 598252 1039809 767518 965333 755767 205820 495053 648890 1026047 844394 224567 88476 863104 754556 418883 482321 748229 994630 889749 370102 664453 917276 563147 434873 684214 495809 935098 457372 732350 869659 87451 192345 240814 548403 982540 236534 412673
555068 361055 461591 339945 492076 604585 999999999 411517 388448 631920 428528 324745 466570 321348 158239 338413 546919 401027 596587 347384 699156 156456 597271 130882 408300 319187 312247 374636 501488 4865 542663 506221 618540 466009 325481 577405 275737 573681 556958 533032 330574 487407 571223 349802 234145 288024 272934 442239 346688 450587 185398 497795 534878 544023 446597 459117 603864 301648 320387 193699 654949 181928 665443 244972 481027 211367 416393 243151 399671 266240 562360 572715 343386 431744 582684 258684 272196 304991 260120 258474 390903 323757 640576 471480 313774 443478 209757 274471 265335 340077 306450 299633 350672 517545 413338 652231 253322 494795 380735 294616
535320 771296 818442 709342 620947 888173 411517 999999999 742425 758318 760412 653242 781864 712070 401281 101251 930493 728251 687433 145643 1062354 426305 901541 307395 453810 169210 595442 65022 113168 411020 851498 690425 757728 863113 715018 852356 379699 647294 512876 920751 742010 832478 981006 712321 548796 597636 309557 105277 694242 703352 330889 779250 931045 586560 178001 790378 835032 221613 697103 426727 1039524 559974 1058090 289920 209593 508642 148198 571621 712707 393904 971476 847980 70691 667141 900278 368109 612707 706445 669705 599058 367455 177867 1028578 874635 399217 854597 602807 654827 676070 279269 436165 661563 625853 805633 708295 1009862 340133 756760 655315 693915
927396 240130 76242 57998 821282 788998 388448 742425 999999999 940911 61544 544326 647378 119912 529953 697118 202507 588643 928108 720027 731589 517003 226911 440633 780101 695694 588432 725900 800017 385503 709727 801383 922120 185935 422723 778041 654613 915412 934053 201537 263539 613916 442485 500638 518179 153548 660764 729428 48478 204926 572588 711313 232797 900483 696132 83047 842968 686348 83921 555063 638824 206665 618294 633420 716668 235276 681365 170913 607328 641554 334518 237062 672336 707722 726692 405091 129733 370211 309854 143522 510373 590803 616329 222601 412672 290860 385136 123471 295163 533612 672438 88819 170983 717979 638010 707408 638499 206829 638413 377356
271510 759332 994187 882932 146167 321007 631920 758318 940911 999999999 997719 405300 366304 828357 481340 662623 1007825 391703 81561 612795 608652 476636 1167814 710112 304533 592452 352507 693546 868324 636763 364178 140402 23750 905116 553268 291151 406654 123630 305294 985540 718252 446934 793787 474158 425969 898189 465990 855894 916181 1066586 501187 293708 958238 189078 911072 1023622 200324 542192 857085 442148 670494 764473 718337 497440 949124 837440 874069 851039 363055 402168 898696 1166982 737770 236540 400864 869552 865386 599636 641884 854776 978517 823519 678291 881488 927203 789514 556199 819856 657767 898962 352021 864262 967722 309461 327692 559766 449003 1103240 307596 586958
975328 300512 80559 117367 875711 850370 428528 760412 61544 997719 999999999 603551 708479 181333 575968 722384 221416 649319 982742 749081 790660 564697 172422 465854 827737 726375 645268 748837 810338 425155 771164 858641 979285 230403 484006 839145 699814 968785 980606 226793 324934 675460 494774 561566 573413 162780 701403 739030 83856 157409 613878 771912 265699 951639 699921 30989 903242 720861 143150 603178 696237 249831 673963 672522 717529 252724 688233 194185 667556 687684 377659 175697 691313 765655 788235 408990 157795 431521 370479 172015 501178 601083 673522 269946 407902 346666 443051 177888 355979 534790 720805 135515 152935 778925 697866 767499 681174 149844 696824 438447
479269 354394 592355 486602 311140 281499 324745 653242 544326 405300 603551 999999999 142021 427861 252438 555802 603049 78152 409948 532425 410015 228307 769971 447488 359673 500710 82337 596314 761806 329032 218083 265214 384543 500425 152387 257456 308227 409914 500442 581005 313048 179240 430963 85228 105099 528596 369640 717731 525477 693485 322764 179870 555638 419479 742449 627354 303474 454413 460657 227682 402221 392260 432228 374024 779918 489126 707852 483407 75683 288772 508706 777225 599317 168797 260029 582533 487739 195059 238107 479634 715625 625081 396549 478512 636179 391379 163431 428006 253848 660513 274550 474980 599823 195852 97311 356854 332874 723001 97740 181893
519817 428976 684862 591464 324077 145715 466570 781864 647378 366304 708479 142021 999999999 527633 385952 682268 669576 66648 399034 653250 300035 363576 867217 589338 430595 622452 186541 722293 892527 470810 76095 244090 342791 568380 225096 130667 416891 413625 547186 646279 392833 83778 427710 147402 242780 653347 484443 852105 635883 813576 451672 74840 612807 444152 880446 729128 205454 573136 566125 355913 325150 519188 367109 495257 918272 622489 845288 610052 70138 398821 539356 884128 731813 168576 119793 723833 609090 277592 338732 602628 857473 764646 327384 538623 776946 440012 289374 539962 352730 802366 371176 588048 724037 71882 77736 244754 448982 838311 134879 270035
832783 130205 166057 66883 713754 669085 321348 712070 119912 828357 181333 427861 527633 999999999 443739 652683 225595 469464 819838 667240 621501 427148 342347 404720 687051 639921 476843 685726 784027 319606 589834 688221 808913 151645 302847 658282 568135 809711 842252 211992 146238 494413 356265 381137 410667 191790 584203 716180 118741 308320 496232 592196 219007 799355 695048 201599 724288 622593 45836 463530 534241 152203 519048 560696 720836 237123 674579 177031 488868 553201 280484 356968 641428 593439 607276 414877 143406 250322 191155 149381 539431 579700 512573 169991 438221 199292 272562 61989 176091 542308 578784 89260 243917 598395 520170 594109 557829 320563 523345 257692
400082 444043 598958 476620 338229 506489 158239 401281 529953 481340 575968 252438 385952 443739 999999999 305392 664763 328689 440808 288165 661075 25996 747284 232263 252525 256046 203443 345992 509369 162789 458907 364193 469868 572908 327237 473967 124906 416324 404642 647670 405102 431589 613441 312677 147602 444238 148818 466341 492438 608478 74304 395802 640223 385810 495717 605792 480930 216181 453926 39781 641890 326166 664225 137057 533899 369606 460080 398295 315885 111735 640933 727662 347013 303980 505657 389546 423576 332128 318104 410519 506646 383401 632488 568706 447139 515629 228188 408850 329946 436262 148408 442308 508445 420000 317018 608650 116928 651847 270206 317467
452358 699006 773290 658265 523080 787060 338413 101251 697118 662623 722384 555802 682268 652683 305392 999999999 875874 629867 594001 55393 965637 330957 874208 256822 358469 70200 495732 40601 214334 338836 751237 590338 660978 801399 625780 751172 278522 554889 433264 864148 666893 734853 899551 617922 452115 561135 208497 193280 650043 685700 233075 678310 870089 496268 253273 753098 734124 121746 643202 328371 946636 502812 967241 188854 289874 470261 217516 528996 613460 292653 900551 827996 81144 565890 800263 358980 568377 621223 589866 554236 395445 200937 936570 809129 401754 780345 516334 598929 597655 303142 335174 612115 599518 704785 608122 912656 238894 738281 554708 607984
1044193 248661 140880 222062 907766 796163 546919 930493 202507 1007825 221416 603049 669576 225595 664763 875874 999999999 623671 1010795 892176 665559 646403 264858 623827 901084 865190 666757 907770 995225 545128 716497 868137 986533 102718 455425 794855 787862 1006030 1056235 23620 290347 613688 336342 536200 611484 355379 807947 925495 248981 374188 720408 741992 68782 1003239 895871 207639 874837 848167 233475 681206 559080 373067 524798 785420 917596 431712 879480 366170 649152 771950 192068 327493 859846 771682 719433 605911 324557 408210 373354 336821 712768 787113 535579 131711 615156 233392 469505 276979 357736 734842 793379 270572 369187 741082 683729 656169 780343 351751 700714 421158
510050 378399 629665 531999 324223 211408 401027 728251 588643 391703 649319 78152 66648 469464 328689 629867 623671 999999999 411873 604082 338879 305147 810864 525123 405424 572701 138989 670234 837652 405200 142192 257895 369077 521385 170415 192682 373211 419860 534723 600739 340038 106863 409262 89174 182367 588665 438034 794753 574909 750205 397366 122739 570214 441010 820379 671009 255459 524951 506390 301596 343797 453868 379473 445436 857913 556190 785666 544911 30742 354290 507045 824665 675679 167175 182181 657733 545139 221792 278842 538278 791836 703210 341489 494389 710608 399281 223545 478278 293496 738098 332921 526201 659553 130919 65042 284569 401700 776274 109184 212376
189951 762529 985777 870492 107138 379752 596587 687433 928108 81561 982742 409948 399034 819838 440808 594001 1010795 411873 999999999 542579 663546 440150 1154473 662973 236222 524182 344802 623111 795963 601341 410948 155349 94340 908576 561954 346195 351321 42685 223745 989222 720523 482402 820619 486814 410001 872708 404756 787021 899843 1040474 450158 331922 965312 108449 845020 1009922 263407 475396 844986 403225 716197 742260 761910 438008 882638 806146 808261 825589 381554 350001 915418 1148026 671068 245958 452755 823096 843485 604407 639236 832037 925645 762946 721784 888132 880527 800859 547867 805327 655117 843142 300829 847745 940697 352265 346876 612314 392218 1079850 314198 590629
397407 703665 795802 678085 475429 751489 347384 145643 720027 612795 749081 532425 653250 667240 288165 55393 892176 604082 542579 999999999 942111 314159 905413 284464 308263 32120 467251 80753 257309 348570 719937 546422 612087 813368 614353 714924 240778 502874 377968 879232 669417 710255 895074 599495 431070 589910 170604 244851 673927 722123 213890 644188 882234 443239 307723 779997 692776 80683 661403 305371 929087 520411 952317 158653 343813 499167 272338 554913 585657 256856 905219 862706 136528 528279 769666 401938 592928 614430 588768 578661 447456 254450 920237 818353 447740 782879 509108 616259 597816 355250 295322 633304 632799 671119 577576 888356 204625 774062 522693 600519
809907 492545 738716 687393 609510 287948 699156 1062354 731589 608652 790660 410015 300035 621501 661075 965637 665559 338879 663546 942111 999999999 636125 915443 829795 730138 910512 477650 1006186 1169570 702381 256951 519192 585611 584466 378070 318144 711815 687697 839296 642966 477776 232110 334033 353579 513655 796326 776898 1122200 740179 929771 732564 342775 597302 729029 1140102 801097 409144 863452 667147 637696 111082 682463 158619 783512 1176282 797440 1107149 762887 360573 693024 482557 956997 1006304 463296 211184 937653 746141 413893 479824 745119 1075918 1019064 133478 544109 983462 448620 490782 660670 486167 1037457 669285 705024 859583 317589 377374 55281 740511 938343 434412 418397
410686 422265 584664 462701 335723 486932 156456 426305 517003 476636 564697 228307 363576 427148 25996 330957 646403 305147 440150 314159 636125 999999999 736607 244017 263186 282041 183502 371548 533803 161226 437218 355033 464061 553246 301396 455161 141462 417830 417153 628858 382782 407214 588262 286984 123226 437779 172422 489609 480922 603646 100299 376412 620125 391107 517054 594161 466131 241970 439433 38774 616061 315481 638250 162469 555036 366588 481747 391272 293440 126054 617986 719612 371053 289634 483366 398487 414489 307104 295161 401799 519293 403012 606573 547850 455828 492528 203726 394876 307423 451718 156217 430142 503549 400019 296236 583921 139063 645713 251461 292336
1147060 443781 183348 284882 1047524 1005855 597271 901541 226911 1167814 172422 769971 867217 342347 747284 874208 264858 810864 1154473 905413 915443 736607 999999999 620995 999434 884761 815342 897287 938238 593657 925859 1028230 1148976 331083 642212 997495 870582 1140980 1151765 283483 475694 826816 595439 722035 744744 316664 869330 866742 256214 208472 782538 933555 331484 1124054 817818 144552 1066114 883365 310741 775172 813173 421247 783024 839366 829394 406647 812033 356559 830983 858898 455874 81496 834789 934349 938343 536487 325088 589850 533402 338811 599492 732609 789757 371853 520226 467719 611902 349146 518168 652311 892793 307928 275897 938588 862493 899356 850549 158491 864777 598519
584881 471176 516861 403726 564913 722809 130882 307395 440633 710112 465854 447488 589338 404720 232263 256822 623827 525123 662973 284464 829795 244017 620995 999999999 446971 264211 422409 285419 384072 127974 665221 596407 699952 555936 456226 693318 315110 633791 579142 613609 446018 615580 692483 479200 349437 305582 281765 320136 393338 442083 213949 613698 623721 592873 317454 496651 709803 268976 390355 272007 785443 252584 794903 246604 351028 214752 288840 272198 520708 313580 668548 580089 236728 533590 707304 160125 311610 433897 384354 297499 275314 194454 770764 568605 217586 555932 340604 347570 387439 213030 362172 356712 349631 635359 530465 782458 278873 492867 491523 424197
147630 664623 847020 725436 170781 488228 408300 453810 780101 304533 827737 359673 430595 687051 252525 358469 901084 405424 236222 308263 730138 263186 999434 446971 999999999 288419 277350 389014 564218 412563 479725 253634 304261 803984 497284 450051 134327 198807 155310 882170 622777 506912 787800 444398 299188 696013 172523 551722 744014 858483 234717 394359 868424 147634 608822 857296 405795 239189 701814 225048 748818 578187 784752 207445 646497 618347 572044 650431 377652 142061 847920 980003 434913 269823 530133 605386 676093 523648 534080 663042 697879 528515 746913 793222 661756 723678 436136 657653 548590 612512 108269 693323 758772 421769 354525 674910 168128 903095 298813 508185
386960 673680 771204 652588 452967 722481 319187 169210 695694 592452 726375 500710 622452 639921 256046 70200 865190 572701 524182 32120 910512 282041 884761 264211 288419 999999999 436246 104632 282171 320592 689675 521219 590781 785110 582318 686138 212060 485343 369810 851860 639027 678744 863521 567438 399110 568524 141661 263443 650082 704783 181770 614670 853975 427454 321659 757342 666171 52457 635333 273477 897026 494409 920198 127345 358823 478125 285331 532240 554597 227450 875112 844089 147765 499911 739252 390441 569538 582724 557806 555249 445575 256577 888138 789350 438663 752416 477414 589953 567055 354012 267664 608416 613736 641477 547072 856845 174546 756227 492515 568756
398758 419266 642886 530465 241019 303432 312247 595442 588432 352507 645268 82337 186541 476843 203443 495732 666757 138989 344802 467251 477650 183502 815342 422409 277350 436246 999999999 535754 706404 316975 256822 213590 334068 564932 227790 271915 234235 339471 419043 645492 376980 245822 512487 167338 79926 552203 299676 667494 564021 720096 265849 192930 623529 342711 699088 671117 291676 387481 504641 170620 479444 416404 511735 308944 737315 500507 663320 505471 118430 215376 584704 815324 546453 124396 304959 569450 516261 263852 294462 506423 696718 586380 475168 546406 625455 464447 204283 467444 310332 633337 195284 512223 622891 216633 113922 423095 263640 754194 69163 249263
474219 735650 802141 688802 555930 825797 374636 65022 725900 693546 748837 596314 722293 685726 345992 40601 907770 670234 623111 80753 1006186 371548 897287 285419 389014 104632 535754 999999999 177594 374806 790922 625670 692804 835291 665885 789706 316138 583213 453028 896622 704209 775327 938403 658505 492694 586705 245802 165422 678380 705037 273623 717380 903827 523031 232171 779356 770793 157088 674584 368814 987161 534890 1007597 228031 266803 496150 198436 556516 653618 330902 936993 848442 73789 603919 840081 373666 596569 660682 628214 582550 395983 200260 977030 844083 412369 817536 555956 630838 635688 304365 372160 642053 621704 743972 647888 953165 277394 758030 594180 647562
637060 855102 874770 773206 732549 1000779 501488 113168 800017 868324 810338 761806 892527 784027 509369 214334 995225 837652 795963 257309 1169570 533803 938238 384072 564218 282171 706404 177594 999999999 500262 962908 803252 868464 935649 815467 965115 492843 755199 612415 987593 828803 940940 1072584 817751 656905 649418 422723 71587 751549 733217 440883 891590 1002221 693193 133853 839057 948179 334619 763936 536737 1142670 632485 1159064 402638 146727 564925 127618 630084 823046 506921 1052456 877626 163569 780167 1011362 403215 671812 803125 761606 658961 361668 209436 1130822 950861 419862 939667 701368 724293 766582 288385 549331 724655 666652 917830 819674 1117669 453097 786386 767246 791345
559249 361054 458843 337353 496870 609016 4865 411020 385503 636763 425155 329032 470810 319606 162789 338836 545128 405200 601341 348570 702381 161226 593657 127974 412563 320592 316975 374806 500262 999999999 546899 511086 623396 464804 328259 581923 279844 578362 560980 531404 330991 491182 572345 353415 238793 283930 276250 440618 343490 446199 188908 502327 533668 548540 444207 455783 608606 303775 318015 198400 657593 179119 667765 247977 478476 206835 414221 239213 404022 270504 562216 568700 342653 436559 586781 254181 268617 307128 261431 254847 386671 321302 643102 470692 309167 443734 212644 272130 266376 336448 310934 296702 346319 522007 417849 655611 257035 490550 385429 296920
553038 483446 742679 654949 352560 80212 542663 851498 709727 364178 771164 218083 76095 589834 458907 751237 716497 142192 410948 719937 256951 437218 925859 665221 479725 689675 256822 790922 962908 546899 999999999 262797 340495 617354 287735 82837 480940 432496 582660 692947 450174 103062 447649 215693 317743 723854 549904 924236 701150 881835 522648 86433 656389 472159 954266 790417 176368 639406 630055 427383 306539 590945 354169 563074 992246 696073 918863 681373 144860 463659 572293 946787 803274 210037 50751 799828 678544 339936 404361 672694 933565 839293 314146 584794 852798 483730 362513 606478 417497 878234 431837 654617 794132 60638 143235 203430 515315 904590 197263 334327
293992 619525 853962 743386 94229 247147 506221 690425 801383 140402 858641 265214 244090 688221 364193 590338 868137 257895 155349 546422 519192 355033 1028230 596407 253634 521219 213590 625670 803252 511086 262797 999999999 120755 765463 414480 209934 315546 170706 325326 845979 578261 327703 665734 336582 289484 763514 383123 780612 777587 931800 397898 179717 819492 210470 827887 884214 152318 468865 717497 324421 564428 628582 608967 409315 866543 706717 790768 716510 228014 305676 763860 1028907 658818 96455 308408 753226 729010 459948 501481 718826 869940 729662 568920 742561 810687 652055 416368 680896 517365 795691 257775 725809 833700 202499 192889 466169 358063 967025 167476 447050
282759 738171 974594 864124 139707 298185 618540 757728 922120 23750 979285 384543 342791 808913 469868 660978 986533 369077 94340 612087 585611 464061 1148976 699952 304261 590781 334068 692804 868464 623396 340495 120755 999999999 883815 531631 267877 400300 134217 316647 964166 697256 423266 770360 452173 408771 881996 461577 854097 898071 1050386 492873 270044 936457 198167 907815 1004934 177888 539936 838240 430406 646857 747728 694642 492177 946036 822677 870736 834892 340666 394737 875947 1149207 735046 216052 377453 858927 848450 578440 621706 838030 969877 817960 654590 859799 916578 767342 537123 801496 637567 891464 344629 846235 951810 285712 305335 536491 442946 1086419 286985 565930
945769 146116 161108 176685 805939 697323 466009 863113 185935 905116 230403 500425 568380 151645 572908 801399 102718 521385 908576 813368 584466 553246 331083 555936 803984 785110 564932 835291 935649 464804 617354 765463 883815 999999999 352778 694712 694358 904360 958785 80651 188067 514976 268801 433665 511519 321711 718594 867673 220970 386908 632149 640307 68868 902821 845210 230399 773373 764369 176874 586805 482343 303688 453914 698044 870096 383161 825487 319448 546631 677812 148625 378081 792530 669011 622610 561397 280461 305520 272705 289996 680141 730889 458979 41404 579615 138898 369841 211929 257329 689938 696855 222395 354694 640061 581137 569881 689441 378301 598062 318554
625799 208404 460171 367402 463470 366477 325481 715018 422723 553268 484006 152387 225096 302847 327237 625780 455425 170415 561954 614353 378070 301396 642212 456226 497284 582318 227790 665885 815467 328259 287735 414480 531631 352778 999999999 355622 420032 562275 644750 432830 169623 197215 293112 81430 202411 442081 469347 761560 413455 595667 401281 292264 405047 570087 771427 504172 425534 543364 342385 318984 329762 314941 343597 463518 806313 427109 740250 402315 194160 400602 357124 659703 652540 318334 309385 559711 394794 52542 117551 390273 697927 648884 316240 328222 606372 239018 115899 319380 129971 660565 400415 367454 511007 296377 228413 335338 433359 617065 248127 47174
503829 557692 814895 722115 303915 38184 577405 852356 778041 291151 839145 257456 130667 658282 473967 751172 794855 192682 346195 714924 318144 455161 997495 693318 450051 686138 271915 789706 965115 581923 82837 209934 267877 694712 355622 999999999 474193 372683 535260 771386 522494 184053 530482 277871 344493 781174 544535 931853 766317 942847 530535 79721 735937 419452 967937 859748 95482 634391 696754 438567 381731 645985 431017 562483 1006413 746091 931690 737138 182323 458824 654315 1014791 809527 187233 110139 836089 737820 408150 469279 730910 966326 857365 391382 663306 890849 562973 415395 670152 483358 904989 420375 718187 852130 62102 164081 268619 512349 968411 203802 400702
279597 561327 723856 601496 260839 510711 275737 379699 654613 406654 699814 308227 416891 568135 124906 278522 787862 373211 351321 240778 711815 141462 870582 315110 134327 212060 234235 316138 492843 279844 480940 315546 400300 694358 420032 474193 999999999 319790 281461 770264 520978 480056 712681 385334 218907 563760 70400 465874 616504 724965 101334 403690 760929 277965 512447 729830 456017 160199 578831 108167 710446 450022 739467 93781 551075 484655 475311 518720 351645 19659 754005 848382 343653 287857 531117 474681 546008 435498 432407 532658 574347 417820 704460 687989 531650 628429 337105 533740 445524 492755 57774 566731 625463 430767 339946 657144 42866 770187 283914 420147
148561 758735 975182 858160 98865 407703 573681 647294 915412 123630 968785 409914 413625 809711 416324 554889 1006030 419860 42685 502874 687697 417830 1140980 633791 198807 485343 339471 583213 755199 578362 432496 170706 134217 904360 562275 372683 319790 999999999 182444 984886 716448 497400 829030 489937 399058 853709 369694 747596 885419 1020749 420060 350384 962814 65767 806703 996551 294983 437339 832918 380007 735134 725386 779520 403671 844108 784412 770080 806751 389176 320213 918144 1131697 632665 252690 476514 793800 826396 602347 633058 814557 893108 727116 739504 885648 851003 801165 539395 792152 648837 809362 272283 833396 920736 372627 355518 635405 359542 1061414 317161 588096
33889 818546 1001675 879839 231579 572385 556958 512876 934053 305294 980606 500442 547186 842252 404642 433264 1056235 534723 223745 377968 839296 417153 1151765 579142 155310 369810 419043 453028 612415 560980 582660 325326 316647 958785 644750 535260 281461 182444 999999999 1037202 776506 628665 931378 585628 451123 844874 297489 617545 897072 1004525 375719 496534 1022825 120284 684772 1010424 468234 332469 856436 379494 871945 730790 911815 332539 719829 764206 649972 800070 504928 292924 998788 1129672 514376 378705 630690 732429 827413 674412 688075 814098 809686 625825 872741 947287 786734 875402 590103 812018 702784 719903 263510 846788 905510 522139 476538 785006 306365 1050642 425540 659053
1024744 226760 146669 214934 886508 772592 533032 920751 201537 985540 226793 581005 646279 211992 647670 864148 23620 600739 989222 879232 642966 628858 283483 613609 882170 851860 645492 896622 987593 531404 692947 845979 964166 80651 432830 771386 770264 984886 1037202 999999999 268704 590120 314823 513456 591262 352549 791754 918263 246303 382054 704515 718807 48022 982837 890432 215966 851584 833726 223988 663245 536891 361757 503269 769844 912968 425806 873184 360345 626383 754121 172399 343257 850065 749533 695813 601548 319041 386036 352719 330762 711477 780148 513384 108154 612973 209775 449379 266068 337209 730629 774669 263550 370884 717743 661032 633078 763630 362520 678611 399158
761935 42447 292616 213113 617949 530163 330574 742010 263539 718252 324934 313048 392833 146238 405102 666893 290347 340038 720523 669417 477776 382782 475694 446018 622777 639027 376980 704209 828803 330991 450174 578261 697256 188067 169623 522494 520978 716448 776506 268704 999999999 351880 249320 250994 326318 320882 553760 766117 264449 453579 471357 461634 247587 716158 758892 341798 594996 610726 190927 412848 395869 225287 386780 537863 789349 337725 733038 292111 363288 503275 236801 499329 673423 481829 464214 502622 270342 119312 88950 270942 637259 637341 375321 171087 537777 113540 186671 183453 75470 621816 517280 227251 382093 464591 396991 448545 521693 466769 410785 131328
601939 383314 643472 560437 407492 182478 487407 832478 613916 446934 675460 179240 83778 494413 431589 734853 613688 106863 482402 710255 232110 407214 826816 615580 506912 678744 245822 775327 940940 491182 103062 327703 423266 514976 197215 184053 480056 497400 628665 590120 351880 999999999 350282 139318 284039 639093 544801 896030 608368 792406 501898 153226 553343 527372 918371 693472 273086 631410 536123 406526 243396 510004 283891 551613 955396 619728 884351 598658 130447 461152 470350 850649 778256 250951 112938 738449 592000 247495 314640 587348 875054 799307 244392 481977 788795 380752 289690 515782 326431 827336 439012 563698 708202 140239 153029 178102 508401 812345 208113 244361
910062 235737 429764 412660 732620 520057 571223 981006 442485 793787 494774 430963 427710 356265 613441 899551 336342 409262 820619 895074 334033 588262 595439 692483 787800 863521 512487 938403 1072584 572345 447649 665734 770360 268801 293112 530482 712681 829030 931378 314823 249320 350282 999999999 345864 495518 547909 759326 1011781 465239 647410 685934 501618 267560 847033 1007336 498106 622617 828616 399758 609658 224660 472223 188465 750486 1038259 580879 980728 528258 439892 693346 148688 646631 914079 576404 433560 750562 498714 281424 311401 502972 883526 885288 201356 227482 783106 156973 386395 411995 306007 870994 693228 445436 597928 490497 473995 333560 723983 644390 513802 295975
564217 289774 540591 444397 391725 291938 349802 712321 500638 474158 561566 85228 147402 381137 312677 617922 536200 89174 486814 599495 353579 286984 722035 479200 444398 567438 167338 658505 817751 353415 215693 336582 452173 433665 81430 277871 385334 489937 585628 513456 250994 139318 345864 999999999 169366 508167 442697 768965 488490 666779 386230 211584 484417 502864 786749 582736 344589 523850 418959 294938 329595 375754 354919 442958 823141 482940 753624 465879 112966 365687 428668 737127 654224 241328 244703 599202 462957 132628 191412 457009 735992 666164 321289 407987 649482 315533 150760 392600 205606 689862 356163 440702 578452 217359 147614 304116 405868 690964 172957 123560
435709 368630 576284 460507 303397 373390 234145 548796 518179 425969 573413 105099 242780 410667 147602 452115 611484 182367 410001 431070 513655 123226 744744 349437 299188 399110 79926 492694 656905 238793 317743 289484 408771 511519 202411 344493 218907 399058 451123 591262 326318 284039 495518 169366 999999999 474157 273564 612656 491071 642370 219143 264773 573663 391848 638222 600207 370831 354676 434986 125835 498560 339113 524155 273803 675879 420746 603378 427229 172931 199307 548735 741195 494272 203792 362357 492417 439691 224582 238912 429379 621833 521875 490639 497401 547885 424592 142000 395681 254191 561961 198543 439019 544547 285947 181066 461074 236795 677685 146959 209096
843022 316983 226054 145129 766038 799021 288024 597636 153548 898189 162780 528596 653347 191790 444238 561135 355379 588665 872708 589910 796326 437779 316664 305582 696013 568524 552203 586705 649418 283930 723854 763514 881996 321711 442081 781174 563760 853709 844874 352549 320882 639093 547909 508167 474157 999999999 556187 578390 106422 168400 470998 706909 378602 828862 542980 192912 831689 566779 150391 476445 716726 136590 705757 525067 563148 90911 529079 47184 600499 554018 464952 284978 528556 676453 750410 251682 50559 393892 325549 51922 359759 439982 696017 351077 260500 390964 366215 138308 315524 380069 592465 103332 71234 719154 625901 763243 539980 207944 612543 395132
303490 592370 732876 610552 321978 580976 272934 309557 660764 465990 701403 369640 484443 584203 148818 208497 807947 438034 404756 170604 776898 172422 869330 281765 172523 141661 299676 245802 422723 276250 549904 383123 461577 718594 469347 544535 70400 369694 297489 791754 553760 544801 759326 442697 273564 556187 999999999 397490 619590 711086 88368 473596 786471 320044 446883 732031 525652 89936 589523 150393 770795 454117 797612 35628 485322 471782 409741 513360 417937 86331 789742 840783 275902 358256 599855 436976 544586 478810 466921 530684 525440 358314 763669 716047 492440 664446 376096 543681 478700 440075 126691 571987 613253 500560 408085 722566 36862 758773 352656 463846
639380 791025 803963 703605 715856 966550 442239 105277 729428 855894 739030 717731 852105 716180 466341 193280 925495 794753 787021 244851 1122200 489609 866742 320136 551722 263443 667494 165422 71587 440618 924236 780612 854097 867673 761560 931853 465874 747596 617545 918263 766117 896030 1011781 768965 612656 578390 397490 999999999 680983 661981 402160 856376 933815 688061 77063 767662 921438 314257 694930 496876 1090433 565235 1104720 372818 104840 494566 58803 559878 782123 477965 986895 806497 122618 749622 971663 331639 601615 746276 701823 588911 294894 138629 1077710 883891 348878 875926 646395 655966 705994 217970 523464 655003 595072 881946 781379 1071279 424237 715203 730908 735091
891585 248165 124200 53462 792755 779475 346688 694242 48478 916181 83856 525477 635883 118741 492438 650043 248981 574909 899843 673927 740179 480922 256214 393338 744014 650082 564021 678380 751549 343490 701150 777587 898071 220970 413455 766317 616504 885419 897072 246303 264449 608368 465239 488490 491071 106422 619590 680983 999999999 189597 531750 696962 274031 867847 648113 113354 827085 642143 73527 519372 651821 166518 634804 591361 669023 186804 633068 122627 591629 604171 367869 251944 624232 685406 721286 357340 81819 361546 297232 95847 465322 542355 629888 254088 366681 309872 363421 97477 283692 486081 636995 52099 134721 705376 620919 712755 598585 203996 617274 366863
1004536 437560 235596 242517 933967 958705 450587 703352 204926 1066586 157409 693485 813576 308320 608478 685700 374188 750205 1040474 722123 929771 603646 208472 442083 858483 704783 720096 705037 733217 446199 881835 931800 1050386 386908 595667 942847 724965 1020749 1004525 382054 453579 792406 647410 666779 642370 168400 711086 661981 189597 999999999 628880 870245 422610 994138 610583 166550 996955 710748 262847 642090 840610 303741 822009 678235 621260 240376 606266 215548 763882 716499 534789 144876 638941 844200 904978 335369 205749 544925 478151 214233 391031 530428 818469 425594 313645 495073 530207 276717 465982 445783 756873 229092 100101 881106 790599 902098 698249 53457 779522 548539
377217 508888 644541 522197 355087 564742 185398 330889 572588 501187 613878 322764 451672 496232 74304 233075 720408 397366 450158 213890 732564 100299 782538 213949 234717 181770 265849 273623 440883 188908 522648 397898 492873 632149 401281 530535 101334 420060 375719 704515 471357 501898 685934 386230 219143 470998 88368 402160 531750 628880 999999999 454369 700314 379298 438109 644417 527367 142715 501160 95893 715692 365989 738442 66537 476736 388661 401576 427330 382168 100157 708050 755948 280669 351792 570702 373786 457523 404515 386148 443733 477337 332905 706529 630892 430944 583350 299748 455315 397024 398980 149741 483845 530102 479810 379540 679611 69370 675440 328773 390096
467189 499100 752159 654565 267175 110707 497795 779250 711313 293708 771912 179870 74840 592196 395802 678310 741992 122739 331922 644188 342775 376412 933555 613698 394359 614670 192930 717380 891590 502327 86433 179717 270044 640307 292264 79721 403690 350384 496534 718807 461634 153226 501618 211584 264773 706909 473596 856376 696962 870245 454369 999999999 686203 387222 890744 793727 133407 563505 628907 361196 384848 571023 430017 489467 929121 668991 854688 662245 106432 387343 614160 947154 734378 124581 136065 756469 664688 344125 401471 657227 886606 779107 389902 611489 811336 513683 340698 600048 416198 825531 352125 647819 778051 27629 84637 288678 440207 897566 125856 335037
1008976 205158 187392 235739 864089 735548 534878 931045 232797 958238 265699 555638 612807 219007 640223 870089 68782 570214 965312 882234 597302 620125 331484 623721 868424 853975 623529 903827 1002221 533668 656389 819492 936457 68868 405047 735937 760929 962814 1022825 48022 247587 553343 267560 484417 573663 378602 786471 933815 274031 422610 700314 686203 999999999 963694 909542 258030 818252 833068 239920 653104 490464 371201 456018 766327 933561 445776 890676 381054 596870 744120 124390 390352 860416 723239 657021 623419 340803 360911 334986 351378 738343 796527 466969 77194 638623 173019 432846 277928 320085 752369 761818 283406 403761 683779 631886 588909 756934 406031 652694 374850
86791 758604 963359 844059 120353 455934 544023 586560 900483 189078 951639 419479 444152 799355 385810 496268 1003239 441010 108449 443239 729029 391107 1124054 592873 147634 427454 342711 523031 693193 548540 472159 210470 198167 902821 570087 419452 277965 65767 120284 982837 716158 527372 847033 502864 391848 828862 320044 688061 867847 994138 379298 387222 963694 999999999 749098 980244 348849 381193 819357 352418 768917 704665 811202 355068 786080 755374 712771 782378 410391 281789 927204 1110266 575198 276879 518657 751988 804782 606108 630144 792366 845471 674103 771531 886871 808623 807096 533839 777031 645628 759764 237706 816179 894059 411556 378925 675528 314733 1036776 333545 591272
705039 780285 768871 675672 768512 1001419 446597 178001 696132 911072 699921 742449 880446 695048 495717 253273 895871 820379 845020 307723 1140102 517054 817818 317454 608822 321659 699088 232171 133853 444207 954266 827887 907815 845210 771427 967937 512447 806703 684772 890432 758892 918371 1007336 786749 638222 542980 446883 77063 648113 610583 438109 890744 909542 749098 999999999 727370 964184 369633 669622 529556 1101173 547493 1111963 418678 38722 464643 37154 530088 810322 522496 971267 753806 174041 789633 1000226 291472 571486 751137 701414 559678 229792 123013 1087095 864632 297669 865508 655529 633584 703880 166070 570177 627180 551479 915419 812733 1090751 469829 663175 764890 741121
1004844 314551 70944 140964 902979 869962 459117 790378 83047 1023622 30989 627354 729128 201599 605792 753098 207639 671009 1009922 779997 801097 594161 144552 496651 857296 757342 671117 779356 839057 455783 790417 884214 1004934 230399 504172 859748 729830 996551 1010424 215966 341798 693472 498106 582736 600207 192912 732031 767662 113354 166550 644417 793727 258030 980244 727370 999999999 925617 751835 166920 632559 704432 279812 680128 703277 744256 283206 716367 225128 690039 717525 374727 157870 721435 790693 805973 436979 188741 451631 392398 202973 525488 629968 681475 271158 433816 354196 468069 204595 377536 561870 750164 164221 177623 799977 720888 779796 711567 148728 721442 459272
