NAME : synthetic_000969
TYPE : CTSP-D
DIMENSION : 100
GROUPS : 8
RELAXATION_LEVEL : 1
EDGE_WEIGHT_TYPE : EXPLICIT
EDGE_WEIGHT_FORMAT : FULL_MATRIX
EDGE_WEIGHT_SECTION
999999999 1054465 572548 505580 739928 340843 376138 562506 302816 775179 1030701 589686 869268 343015 870659 847766 1039344 995324 422205 388477 389926 306117 851706 343258 773036 920880 683551 1002370 851078 994249 615904 872817 761382 527837 613672 433346 611661 1076564 259722 269012 733653 135176 181541 686643 324659 408293 597806 773791 816060 697047 882109 411422 695833 629801 1061835 229535 170582 1045956 420696 924530 582027 829939 390330 21895 626934 670840 722890 487519 423520 725704 668406 937234 1019040 807525 812041 645503 756611 376108 317943 539723 1025074 1085499 181866 569403 859570 472097 597522 938262 289232 858705 788672 982166 753693 939039 491182 587415 565869 1043345 665609 799088
1054465 999999999 913922 732254 322746 796055 994298 602986 764596 545176 230678 622536 191604 826491 634266 209878 309542 253828 699567 806061 681910 876255 215144 1105128 309750 677621 677874 710329 239950 100095 590447 218163 766995 922012 850181 705734 444523 22597 822493 1006234 435982 919420 975497 367897 753160 964603 604003 742114 493750 368545 410598 731249 587448 918137 42674 835759 887497 8545 667200 391161 474725 278398 1004581 1040627 834800 586995 680125 575788 724301 539666 609104 145676 128122 482362 526741 705858 306852 893182 913428 523384 29624 269567 890917 607980 265560 800064 831489 309962 855598 201480 354866 110969 350718 576607 744817 958603 680311 206972 476900 411682
572548 913922 999999999 208883 715951 303994 865339 775053 570188 399462 768196 296470 735930 720926 1097987 727029 733011 1000245 324651 237987 413715 281965 708764 885209 772243 1160734 252800 1239812 674949 908321 325909 696066 1075162 45723 76455 709927 617415 930030 600540 779518 478066 512975 391010 641586 597981 877533 818996 1072768 458380 699033 984654 708595 333735 57253 897386 561474 540952 907213 635949 594278 547044 832119 882453 580508 96542 328836 995081 470301 288779 910766 899251 768281 816365 461956 987307 214991 637299 806620 765569 615796 891407 797598 439315 320500 862264 163157 969333 979096 314801 728653 844179 806788 789348 1124634 204539 45965 843673 791905 442207 512181
505580 732254 208883 999999999 509953 167998 722930 575380 403842 286039 618300 115533 546438 557941 892351 534603 599973 796940 132758 119069 224775 207875 520170 766564 565670 955351 177994 1033575 492724 715412 149495 515079 879273 200044 180858 524877 408555 750236 447524 652771 307142 404820 342191 435396 427269 727062 618584 874864 337463 491097 775868 527870 204511 241575 721069 416303 415822 724933 446729 466355 338286 626371 740000 505713 179973 184780 795523 263715 103919 704678 697398 588516 647944 333956 779737 141396 440550 649387 617496 409371 707506 658993 333358 124281 656986 68300 787209 772621 216673 538169 635760 630236 581125 916554 16024 253988 649992 638801 255739 357692
739928 322746 715951 509953 999999999 520770 678890 298758 444160 453150 392149 426196 167719 505732 464524 143914 445435 289746 433691 548497 389838 601893 167816 786053 57107 524585 532775 588488 204281 254341 403986 213268 537222 709960 669704 386607 130207 345337 500806 684617 306639 606003 681372 74563 431204 652311 312341 518798 430554 45946 285008 411509 448145 738011 339461 516442 570613 314242 344472 418276 183084 116429 690314 724791 659927 433051 441031 285396 465841 300356 346518 242221 328924 414045 337779 542840 124081 577115 593305 202103 293191 455616 586322 396929 147325 570521 551187 263183 574246 158631 143309 279887 91191 453446 517952 761798 387118 389718 297202 337469
340843 796055 303994 167998 520770 999999999 568179 493061 266446 435972 724691 250585 604460 417064 826157 587257 720922 808313 98120 66597 138852 81372 581474 602776 569968 887219 345105 968831 566890 758769 278972 589786 782981 270989 313759 411690 396655 816405 297827 490844 413656 237029 193384 450472 294819 577055 537470 783311 479896 489163 749939 407858 355733 354943 793380 260862 251229 787990 342826 596719 337918 632592 585350 339468 320948 331354 709073 235823 85613 643969 619303 661110 733449 472778 727005 309394 489569 503885 465468 362735 768476 773594 165422 234557 664362 154032 667571 769767 62160 594681 621057 705679 571192 865992 155125 338489 551243 741370 348505 475479
376138 994298 865339 722930 678890 568179 999999999 393998 326577 921316 1054136 757299 843073 186270 594791 818920 1089692 848928 596094 634150 513700 585331 836348 122074 684548 629562 883608 703201 857316 908915 769741 873892 444468 826438 881909 293703 584068 1016641 275781 107630 823442 360265 512409 660547 311767 43810 403644 464934 941866 633687 691011 270451 857137 919450 1016116 307769 325254 986072 354622 1010441 599059 722479 17172 355665 888942 830032 443448 553449 619411 513424 437653 918272 1005763 928357 584356 857126 754252 101823 106825 500379 965556 1116662 429588 724101 743926 722136 269256 778377 550714 833080 655023 958095 645431 680438 713870 893143 334966 1057476 761511 887712
562506 602986 775053 575380 298758 493061 393998 999999999 273475 657204 689273 546906 466477 246842 334983 442640 737273 461679 450410 549213 362967 558686 465145 509837 294348 394889 679117 477127 495753 515365 542217 508268 305674 751811 756209 130992 242723 625099 303364 423501 525393 448412 578435 302703 244963 362179 44430 299660 656801 257156 323153 155704 618143 815341 627307 339401 400550 594915 157771 686435 292687 328651 403158 542605 754155 594261 220266 317003 486333 164954 126248 540797 626983 640807 252211 670129 398099 294970 325639 182995 574754 752808 466437 509758 349989 611938 260569 394762 520985 457334 261742 577072 252497 386321 575031 816310 93707 688066 480827 579045
302816 764596 570188 403842 444160 266446 326577 273475 999999999 596953 772823 430752 586830 154139 602717 563900 796031 692519 273085 332206 187394 311566 572891 395016 472962 659467 558079 742368 581337 697717 443439 601300 530913 537263 573485 159211 320572 787048 61985 279381 509620 177529 306941 399036 31147 325350 314153 535246 621102 399712 583805 148131 530918 619918 776308 73573 132926 756051 120198 701571 307485 528371 343159 285415 577724 503789 468163 236988 300081 438212 392729 658903 744428 608447 525484 533332 480451 245905 219760 242059 734982 832421 194659 397571 557563 414254 402786 635828 272678 576228 485881 702759 451411 659489 396679 604844 304829 781141 444371 575688
775179 545176 399462 286039 453150 435972 921316 657204 596953 999999999 371789 185565 395625 738241 911285 396303 333580 691951 355319 402139 415649 491388 368930 989722 507019 973074 146722 1040337 323280 564732 160464 339410 952502 421484 326213 663166 421811 557636 654297 873364 146512 658439 623944 394036 609564 914106 691946 939889 58947 461246 736600 676515 81653 388860 520904 636367 655685 539792 584549 194849 364531 552803 937387 771811 307821 104627 857936 371022 351763 732716 755551 403362 432745 64769 785687 185835 335690 831334 815142 475187 527632 398213 594759 208059 576424 345412 909736 694420 493659 391909 596414 434266 543622 906453 302059 439471 748396 396681 176411 135936
1030701 230678 768196 618300 392149 724691 1054136 689273 772823 371789 999999999 502770 227273 871861 810246 249687 78985 465209 627369 715757 640882 798152 224419 1151922 413265 861708 517240 906591 196861 303400 468818 181539 916060 785768 696803 761179 470101 231785 834632 1042357 313889 898016 916681 394221 770525 1032179 704490 894554 313566 432132 591100 783741 435110 760530 191450 835722 876856 229802 702326 184988 465669 416149 1067133 1020938 678904 444003 821995 546149 642262 677632 733957 161037 104823 307478 689920 553218 299897 952949 959491 554131 229941 63538 852917 501353 419939 685672 943288 505073 786847 235013 491544 146786 462406 768250 633225 809708 779051 27160 376382 261164
589686 622536 296470 115533 426196 250585 757299 546906 430752 185565 502770 999999999 440545 579894 843177 430874 485692 705778 172041 221502 243762 309703 413619 816486 483206 906418 133639 981252 382591 612257 33968 404489 852150 300003 243894 522916 344220 639794 484046 700383 192333 474718 440284 353133 447974 754848 587334 844164 230297 415241 704166 531515 106816 312660 609346 461264 475009 615466 442404 353964 274088 541049 773909 586579 233731 81178 762688 232084 166206 656207 661154 477675 534046 224480 724076 124617 340958 673479 650473 367480 598752 543939 409647 37232 570312 183230 781632 688661 309119 432956 561307 518371 505841 856854 130531 342274 630836 523303 146540 242312
869268 191604 735930 546438 167719 604460 843073 466477 586830 395625 227273 440545 999999999 665910 593338 24161 287963 299278 508100 615485 491611 684726 27508 947176 186203 648261 512539 700724 73793 173435 410060 65151 690165 740388 676549 549558 267711 212201 646740 842294 264906 734101 784538 188424 578747 817938 478998 669320 354431 210749 382565 573649 421249 745460 192889 655835 704757 183531 499591 294902 287299 196793 855039 856357 662689 415855 595513 386117 533331 451405 506686 75212 162692 339847 469672 535176 115478 741266 753921 351076 164194 290224 702152 422483 208115 613537 717254 314346 664016 10617 267959 116570 235385 561575 558267 781368 554334 222732 294038 260601
343015 826491 720926 557941 505732 417064 186270 246842 154139 738241 871861 579894 665910 999999999 529022 641880 905107 707437 426768 483482 338941 452682 657258 281299 518715 578062 709448 659386 675436 746744 589817 692852 421398 686229 726975 122130 402257 849046 123539 180472 637370 261611 416619 480223 132268 175921 272100 432102 756911 459867 567826 96002 676714 771848 845137 167176 213367 818092 169785 824194 413343 563577 201280 321434 731572 649750 380012 368528 454215 398093 332770 740813 828271 743163 481135 686137 572200 93632 88036 317895 797220 933918 311869 545389 588363 567320 268799 641461 414647 655672 503867 782012 484677 601202 550814 753889 226479 876346 575963 701490
870659 634266 1097987 892351 464524 826157 594791 334983 602717 911285 810246 843177 593338 529022 999999999 576029 878883 393032 775250 879770 692411 893449 607482 714953 418454 63262 967943 142710 654165 534582 830538 655339 175337 1078372 1070988 446124 500736 650872 621201 669907 765974 770819 909640 517299 572499 551566 291282 147436 893657 450238 223860 463902 892884 1133909 672998 662016 721401 628845 491989 878053 569480 396697 594748 849375 1066324 873094 152864 628638 811678 187829 210360 649722 717346 877074 126751 967566 588508 525990 578506 483001 615034 868845 797345 807633 390310 936133 331488 326040 855888 588844 328366 667307 373883 92566 894342 1140916 305174 797939 742536 801715
847766 209878 727029 534603 143914 587257 818920 442640 563900 396303 249687 430874 24161 641880 576029 999999999 308208 295818 491531 600228 472094 667855 32056 923131 164975 631817 508300 686039 81585 181395 401227 79335 669416 730110 669241 525418 244293 231100 623614 818424 261009 712591 765623 165099 555449 793781 455626 648937 357895 186661 368356 549532 417298 738301 214072 633238 682662 201605 475760 307032 266145 180605 830880 834632 655897 410399 574427 366141 517671 430600 484588 99373 186843 342802 451545 529246 97761 717112 729883 327397 181590 312885 681790 411173 194778 601192 694080 305298 646316 14756 249106 140334 214099 547052 546008 772654 530802 246025 284848 262836
1039344 309542 733011 599973 445435 720922 1089692 737273 796031 333580 78985 485692 287963 905107 878883 308208 999999999 542358 625732 704810 650442 790353 279402 1182595 473153 931890 480216 979290 242040 381174 452351 232384 977617 754479 659276 799190 507788 310001 858006 1070684 307764 909187 914254 436267 796713 1070277 755982 957099 274731 481950 662319 820490 405325 720105 269856 855094 892020 308765 735428 138735 492907 482645 1103393 1031100 640517 418526 882510 562879 636369 738802 791219 230179 183623 272490 756645 519120 340218 989528 991824 589973 308802 66799 858982 490116 489236 665526 994877 579624 782815 294116 555768 222925 522222 840487 615508 772553 828947 103183 374845 245843
995324 253828 1000245 796940 289746 808313 848928 461679 692519 691951 465209 705778 299278 707437 393032 295818 542358 999999999 723137 838087 674122 888971 324575 968171 238347 430040 797981 457373 373070 162395 679897 362024 543851 996856 949251 587088 412047 266645 740423 885180 553479 866336 959751 363539 672125 812705 445570 516897 653270 319226 178435 613145 708172 1018246 295769 765941 825026 250261 576559 587190 472110 175724 855889 977810 937763 698363 468001 572505 755550 344354 421315 321198 361763 638386 303127 814804 367990 753649 787270 463444 241641 514702 858263 679751 143953 859012 641229 73765 859676 301401 207202 319491 243961 326399 805723 1046208 515112 446265 565730 558568
422205 699567 324651 132758 433691 98120 596094 450410 273085 355319 627369 172041 508100 426768 775250 491531 625732 723137 999999999 115148 92289 176783 484647 647913 485419 837673 288706 917571 469022 665361 194938 491933 751616 303122 310571 392723 315307 719689 320403 532398 317985 303164 289410 361290 295346 597903 494347 748542 393995 405769 678233 395208 278682 366055 696031 293254 303236 691573 315384 504605 251078 547969 613026 417550 311619 252435 670500 155478 36456 588957 574721 563514 635363 385320 668105 261041 393771 518989 489790 296472 672271 677147 240584 147707 579607 161600 654924 689094 159954 498469 543791 607971 491628 806612 128328 366332 520892 643702 251773 381239
388477 806061 237987 119069 548497 66597 634150 549213 332206 402139 715757 221502 615485 483482 879770 600228 704810 838087 115148 999999999 187374 89325 590978 665821 600514 941503 295938 1022451 571030 776611 253547 593921 843528 206668 247855 474294 430303 825546 364420 555039 401897 296296 223212 475681 360065 643506 593615 842857 450893 520917 791716 471695 320536 288406 799875 327185 314822 798256 402921 575111 366139 663037 651321 389815 255821 298622 767269 269790 83276 695373 675138 666699 734019 445792 776610 257108 502790 570482 531839 407116 779480 760887 222498 215028 694652 89317 732066 804198 99420 606211 658439 710380 606573 915525 103805 273753 611580 734310 341273 459338
389926 681910 413715 224775 389838 138852 513700 362967 187394 415649 640882 243762 491611 338941 692411 472094 650442 674122 92289 187374 999999999 216613 471232 574659 436283 754210 370842 835085 465067 635518 258427 487369 661450 388953 402719 300440 262244 703191 240525 458314 347711 258756 294324 323105 206714 512478 407260 659235 445585 355194 611121 303107 345849 457080 684004 220737 245180 673588 223452 540867 210258 498616 530375 380850 403908 318732 582216 106664 125892 508154 488479 554959 633657 434430 589989 347331 376386 432068 406889 223883 653322 695615 213161 211613 530342 250778 562637 632996 185616 481327 483314 600074 434459 728985 220609 453966 430093 653960 279634 414121
306117 876255 281965 207875 601893 81372 585331 558686 311566 491388 798152 309703 684726 452682 893449 667855 790353 888971 176783 89325 216613 999999999 661404 603590 650670 953563 383142 1035787 645400 840014 341043 668326 839712 241439 311366 466180 477045 896437 329391 497622 485065 231088 134550 531806 342071 599921 602804 842037 539650 569750 826694 458702 409811 337775 872773 287279 260122 868237 403901 662355 419164 713252 602363 309790 323106 387672 770470 316686 156131 714157 684595 740153 810983 534182 798559 343098 570111 532929 488188 439465 848853 845090 157370 300364 745023 166297 713614 849382 38922 675034 699926 784513 650790 937276 192297 307833 609618 815762 421968 544527
851706 215144 708764 520170 167816 581474 836348 465145 572891 368930 224419 413619 27508 657258 607482 32056 279402 324575 484647 590978 471232 661404 999999999 938513 194287 663529 485052 718049 49858 200929 382949 48073 698563 713548 649149 542647 256308 235047 633379 832209 237412 716627 763191 177296 566073 812388 480125 678461 328704 208029 400407 566218 393771 718041 212932 640872 688523 207290 489566 274986 269930 212522 848697 839240 635242 388353 603235 366541 509157 459820 512028 86099 172044 313902 482696 507684 95245 734662 745286 340511 188603 287931 682756 396079 226799 587452 719003 336542 641453 23174 280047 130609 243145 579080 532165 754163 554636 223186 267081 234323
343258 1105128 885209 766564 786053 602776 122074 509837 395016 989722 1151922 816486 947176 281299 714953 923131 1182595 968171 647913 665821 574659 603590 938513 999999999 795894 747620 936166 819366 955915 1022346 833015 973674 560016 843312 911675 399660 683133 1127608 335707 116367 903990 372617 507575 761391 388312 163895 522608 581852 1015826 740322 812312 374548 920316 941328 1125079 355245 351557 1096799 449786 1094852 689689 836809 120236 326532 921117 893238 564410 631232 665929 634868 559418 1022104 1109568 1003342 706409 905655 852718 214961 193266 598689 1076064 1213582 446904 785917 859450 755138 386178 898257 573408 936951 771571 1063199 758838 801510 755575 907784 455808 1157009 839261 969712
773036 309750 772243 565670 57107 569968 684548 294348 472962 507019 413265 483206 186203 518715 418454 164975 473153 238347 485419 600514 436283 650670 194287 795894 999999999 476989 589586 537903 237883 228505 461094 242188 504467 765560 726609 397165 174039 332104 526709 699046 360686 640639 724537 130703 456940 655098 299797 484184 481881 81089 229698 422962 504454 794837 332967 546249 602680 301531 365549 459790 234385 62655 694873 756938 716935 489755 409467 334157 518374 265657 321005 255480 338235 465493 292121 599925 173290 583471 604939 233597 281072 475887 626063 453688 94409 625434 535275 206959 621680 179240 91180 287078 49184 401321 573328 818045 376227 407235 353883 387524
920880 677621 1160734 955351 524585 887219 629562 394889 659467 973074 861708 906418 648261 578062 63262 631817 931890 430040 837673 941503 754210 953563 663529 747620 476989 999999999 1031018 82902 710930 578905 893679 711134 191033 1140779 1134122 501559 563817 693112 675099 710469 827475 824971 966307 579040 628934 585871 350779 166537 954517 511845 271064 518035 955606 1196920 717473 716731 775375 672677 550929 935712 632678 451516 628023 899392 1129520 935971 198058 691639 874081 251011 269110 701990 766558 937950 187454 1030792 648306 567557 621968 546047 660014 919185 854083 870890 442660 998714 361458 367668 915786 644254 386201 717287 433581 105651 957233 1203540 358075 848318 805043 862037
683551 677874 252800 177994 532775 345105 883608 679117 558079 146722 517240 133639 512539 709448 967943 508300 480216 797981 288706 295938 370842 383142 485052 936166 589586 1031018 999999999 1103955 444737 685646 138091 463868 983774 276385 179684 656229 467207 692131 608429 820927 247648 580787 517634 463497 577193 883314 718892 975046 205667 529058 816492 664317 91347 243832 657160 581929 588246 671826 575733 341485 399164 643212 900424 683666 161671 100148 893284 365576 271107 782306 791259 533032 572064 209932 846440 43221 430482 802780 776956 498221 657840 544934 510458 170731 670384 221669 915265 789862 394492 506912 673289 568063 618116 976146 192446 292857 764006 541596 235805 267441
1002370 710329 1239812 1033575 588488 968831 703201 477127 742368 1040337 906591 981252 700724 659386 142710 686039 979290 457373 917571 1022451 835085 1035787 718049 819366 537903 82902 1103955 999999999 766611 614238 967281 764881 259356 1220674 1211560 584425 637427 723933 757726 787475 894081 907610 1049207 647113 711834 659395 433157 238347 1018979 579822 318226 600752 1026540 1275030 751576 799482 857990 706180 633543 992409 707167 505696 700661 980817 1206452 1007730 279597 769962 954014 329049 351656 749234 808055 1002491 257522 1105265 710914 645507 700763 624270 695451 961806 936984 946173 492771 1078246 433981 403348 998110 697668 446765 760436 497370 139183 1035886 1282943 440702 891351 875226 925236
851078 239950 674949 492724 204281 566890 857316 495753 581337 323280 196861 382591 73793 675436 654165 81585 242040 373070 469022 571030 465067 645400 49858 955915 237883 710930 444737 766611 999999999 242080 350608 22931 740156 682194 612852 564321 273366 257531 642722 847258 198418 716601 752959 197496 577129 835356 513942 720823 280843 239912 449378 586901 353438 681353 229193 646820 691471 232885 506140 225874 274189 260916 870279 839696 598177 350240 644300 363579 490831 501938 550778 96025 168593 266430 528722 469705 103235 756095 763198 357563 216512 259742 678089 368539 276255 560715 752848 386379 627974 72531 325978 139363 285880 627788 505548 719921 587050 201182 237099 187677
994249 100095 908321 715412 254341 758769 908915 515365 697717 564732 303400 612257 173435 746744 534582 181395 381174 162395 665361 776611 635518 840014 200929 1022346 228505 578905 685646 614238 242080 999999999 582447 225352 667280 911458 849785 624890 383278 118591 753204 927180 438130 860184 929590 312901 683415 877516 512805 642252 519453 298036 310783 650836 594310 918748 138599 770368 824929 94309 593473 437132 425270 186890 918441 979128 836054 589277 581166 528969 693503 441895 512851 169118 199478 505948 426714 708611 275428 808680 832455 455857 81307 352326 838314 592326 169647 781587 735995 211723 815878 179963 260237 159243 263596 478993 726521 953900 588537 283955 466114 428810
615904 590447 325909 149495 403986 278972 769741 542217 443439 160464 468818 33968 410060 589817 830538 401227 452351 679897 194938 253547 258427 341043 382949 833015 461094 893679 138091 967281 350608 582447 999999999 372294 846289 331587 269597 526453 329966 607447 498735 716695 158663 497993 470308 332133 458760 765459 581477 837239 200951 395978 684754 536610 87519 338713 576578 478387 495636 583467 446121 321566 261305 517649 786159 612003 257879 60379 755408 232361 193641 644511 653291 445303 500566 193975 709788 139528 313313 683430 663022 360596 567012 510240 434909 47714 546328 217174 782504 665234 338665 402745 541552 485602 486107 840861 164437 371454 628410 489336 116391 208484
872817 218163 696066 515079 213268 589786 873892 508268 601300 339410 181539 404489 65151 692852 655339 79335 232384 362024 491933 593921 487369 668326 48073 973674 242188 711134 463868 764881 22931 225352 372294 999999999 746244 703850 633317 580509 290598 235350 662515 865675 218700 738216 775682 213369 596474 851217 524879 726295 294747 251378 446910 603446 372704 701659 206462 667352 712590 211260 523928 229753 294640 259799 886647 861271 618407 370381 650775 385411 513759 507570 558846 73447 146379 280892 530697 489729 121445 772474 780738 375008 195416 244944 700307 390957 272710 583128 763880 379385 650842 67217 328090 116460 290926 625804 527995 740912 598753 183606 259368 203476
761382 766995 1075162 879273 537222 782981 444468 305674 530913 952502 916060 852150 690165 421398 175337 669416 977617 543851 751616 843528 661450 839712 698563 560016 504467 191033 983774 259356 740156 667280 846289 746244 999999999 1049162 1060081 373552 530751 785837 532690 532166 813714 680306 830757 571079 499800 400665 264888 28269 945400 509422 365716 382857 919596 1117639 802309 576686 630907 760557 440614 953998 590575 502614 441501 739535 1058695 896595 96450 622670 786833 238816 197239 755829 832522 928966 242204 975670 657471 393070 450143 485699 744229 977759 720651 815070 505906 912186 175339 471734 800880 683588 425244 781032 455444 267851 878105 1114994 231948 907809 776835 860235
527837 922012 45723 200044 709960 270989 826438 751811 537263 421484 785768 300003 740388 686229 1078372 730110 754479 996856 303122 206668 388953 241439 713548 843312 765560 1140779 276385 1220674 682194 911458 331587 703850 1049162 999999999 111887 680927 605872 938870 564707 738830 487848 471729 346364 635399 565807 839861 796028 1047777 479983 690340 973174 678284 350823 102490 907433 524635 501414 915051 608802 615958 536388 826386 843506 536177 131586 342580 971152 453836 266700 891948 876956 776750 828840 482146 970290 235662 637982 770397 727919 598255 898568 818084 398633 319575 857026 143342 938436 972477 275867 732647 834248 816525 779965 1108381 192418 67665 817275 808731 446512 526860
613672 850181 76455 180858 669704 313759 881909 756209 573485 326213 696803 243894 676549 726975 1070988 669241 659276 949251 310571 247855 402719 311366 649149 911675 726609 1134122 179684 1211560 612852 849785 269597 633317 1060081 111887 999999999 703055 580102 865530 610563 802195 414617 539707 433520 596171 599209 890470 799341 1055719 385143 656739 944946 704553 264791 69144 831826 574571 561903 843735 625946 520638 509182 784864 899081 619357 20145 263186 976308 443033 277454 883165 877886 704573 748825 389609 956316 145113 582882 815987 779074 588211 828644 724330 465236 273222 814200 160135 964973 932447 338546 669824 802795 741738 747463 1091892 182463 113286 830482 720993 385320 443831
433346 705734 709927 524877 386607 411690 293703 130992 159211 663166 761179 522916 549558 122130 446124 525418 799190 587088 392723 474294 300440 466180 542647 399660 397165 501559 656229 584425 564321 624890 526453 580509 373552 680927 703055 999999999 291714 728249 176420 302546 548412 325119 465087 367147 128196 271244 164463 376678 674317 341021 454073 26219 610259 755880 725426 216017 276007 697375 80512 728026 315027 441449 306170 413073 704329 584156 308997 294723 425718 292382 237884 624731 712244 659505 378741 639249 461524 192043 207791 209447 676586 823962 353068 486305 466303 548643 262357 522469 427336 539515 382402 664920 362564 507934 521048 747742 145618 764023 492280 609591
611661 444523 617415 408555 130207 396655 584068 242723 320572 421811 470101 344220 267711 402257 500736 244293 507788 412047 315307 430303 262244 477045 256308 683133 174039 563817 467207 637427 273366 383278 329966 290598 530751 605872 580102 291714 999999999 466892 379626 575968 284388 477184 551755 79317 311196 562958 272876 518154 416258 92950 367422 313771 393883 646194 455767 391262 443397 435981 233534 445278 70921 236419 597190 597102 573158 373044 436154 161321 349619 315757 333739 341364 428252 400022 380026 467901 170204 483037 490143 84451 414950 532601 456122 309860 268167 463287 502694 374057 447681 257189 229159 384223 176336 512883 414024 662511 336340 474102 246781 336374
1076564 22597 930030 750236 345337 816405 1016641 625099 787048 557636 231785 639794 212201 849046 650872 231100 310001 266645 719689 825546 703191 896437 235047 1127608 332104 693112 692131 723933 257531 118591 607447 235350 785837 938870 865530 728249 466892 999999999 845007 1028810 451965 941492 996566 390084 775692 986825 625722 760738 505192 391140 427569 753779 602091 933235 40507 858146 909752 31097 689794 398586 496448 299817 1026876 1062799 849896 602408 699662 597201 744025 559816 629808 162144 132875 494285 545019 720916 327636 915566 935957 545907 52171 265963 912563 626016 286131 818180 852447 325590 876149 222239 375851 124068 372734 591310 762978 974523 701970 206838 494627 425228
259722 822493 600540 447524 500806 297827 275781 303364 61985 654297 834632 484046 646740 123539 621201 623614 858006 740423 320403 364420 240525 329391 633379 335707 526709 675099 608429 757726 642722 753204 498735 662515 532690 564707 610563 176420 379626 845007 999999999 219519 570556 149887 298300 458547 69803 280245 340174 540222 680213 455763 622452 157300 586229 652560 835261 44531 100279 813953 163895 762881 369132 580209 292768 240415 616412 559095 479392 298271 343817 467496 414155 719288 805136 667866 554350 581394 541468 206143 169972 299121 792869 894331 190132 452116 608583 450433 389663 681021 291578 636158 533228 762919 502195 684354 438883 632302 317030 842768 504838 636776
269012 1006234 779518 652771 684617 490844 107630 423501 279381 873364 1042357 700383 842294 180472 669907 818424 1070684 885180 532398 555039 458314 497622 832209 116367 699046 710469 820927 787475 847258 927180 716695 865675 532166 738830 802195 302546 575968 1028810 219519 999999999 788878 267387 413229 654933 274386 143856 443407 549941 899729 638678 738945 276463 804024 834916 1024044 239314 240303 997808 342744 980345 578109 743966 121342 248852 810835 776937 517042 516115 551314 564297 492737 916765 1003969 887346 642492 791071 744326 144096 98280 491700 976884 1103459 340258 669638 768501 644210 358098 817752 465441 831925 683212 958755 665108 750820 642209 804480 385283 1048425 723750 854806
733653 435982 478066 307142 306639 413656 823442 525393 509620 146512 313889 192333 264906 637370 765974 261009 307764 553479 317985 401897 347711 485065 237412 903990 360686 827475 247648 894081 198418 438130 158663 218700 813714 487848 414617 548412 284388 451965 570556 788878 999999999 605643 606818 248815 516089 810978 557178 799817 131889 315737 590352 565037 156419 482995 419711 561258 592376 429384 473751 193510 236095 407784 838643 726333 399782 151823 718251 272781 329782 589444 616479 290307 342003 115635 640025 271301 190598 728060 719819 347776 414053 360172 552486 187588 432420 375267 782984 551236 475703 259286 449911 328909 397154 759962 321496 522635 618331 332964 68182 66622
135176 919420 512975 404820 606003 237029 360265 448412 177529 658439 898016 474718 734101 261611 770819 712591 909187 866336 303164 296296 258756 231088 716627 372617 640639 824971 580787 907610 716601 860184 497993 738216 680306 471729 539707 325119 477184 941492 149887 267387 605643 999999999 157261 551677 203836 380187 487228 688852 695426 563654 761331 307032 581527 568861 926659 109316 49696 910917 297721 798091 446880 698553 376951 123146 549812 555488 629197 353260 311488 613337 562963 802223 884334 685781 700546 546148 621576 323736 271634 407043 890054 953701 74471 450531 728640 385234 530046 811619 201162 723535 660730 847125 623373 832455 392153 537143 466910 910057 537462 671741
181541 975497 391010 342191 681372 193384 512409 578435 306941 623944 916681 440284 784538 416619 909640 765623 914254 959751 289410 223212 294324 134550 763191 507575 724537 966307 517634 1049207 752959 929590 470308 775682 830757 346364 433520 465087 551755 996566 298300 413229 606818 157261 999999999 616824 337374 535210 620245 837558 670564 643935 875383 450663 542599 448262 976103 254098 203448 967227 421185 789762 504377 785872 528647 190154 447491 519674 773695 400985 278556 741899 699539 845406 920913 664247 828852 477346 669069 480959 428234 497309 947105 966470 112296 427161 817265 299102 685415 912456 131911 774383 760541 890377 716421 964679 326718 406710 610241 932682 541123 668862
686643 367897 641586 435396 74563 450472 660547 302703 399036 394036 394221 353133 188424 480223 517299 165099 436267 363539 361290 475681 323105 531806 177296 761391 130703 579040 463497 647113 197496 312901 332133 213369 571079 635399 596171 367147 79317 390084 458547 654933 248815 551677 616824 999999999 390359 637980 325937 555368 378093 67310 353106 390116 381361 664279 377465 468965 519724 359377 312269 386444 113134 190991 673278 672730 586772 364569 474795 216960 392736 341620 374954 262086 349084 361502 391678 471486 96050 559105 568222 163235 338458 457230 526041 323100 221799 496053 562650 337517 505543 177889 209845 304913 154619 515217 443400 687408 395708 396930 229568 289639
324659 753160 597981 427269 431204 294819 311767 244963 31147 609564 770525 447974 578747 132268 572499 555449 796713 672125 295346 360065 206714 342071 566073 388312 456940 628934 577193 711834 577129 683415 458760 596474 499800 565807 599209 128196 311196 775692 69803 274386 516089 203836 337374 390359 999999999 306918 284863 504100 631148 386069 558687 117088 545959 647010 766432 95948 157101 744623 96055 706542 305015 510713 327919 306318 602843 518907 437189 243702 323994 409903 362755 651785 738039 617995 497171 553997 475134 225637 205690 229808 723538 830933 225170 413806 539273 440649 373191 613820 303158 568191 465034 695124 432898 630372 420814 633300 273804 777802 452220 581572
408293 964603 877533 727062 652311 577055 43810 362179 325350 914106 1032179 754848 817938 175921 551566 793781 1070277 812705 597903 643506 512478 599921 812388 163895 655098 585871 883314 659395 835356 877516 765459 851217 400665 839861 890470 271244 562958 986825 280245 143856 810978 380187 535210 637980 306918 999999999 368592 421138 932074 607623 652342 249926 852477 930706 987622 316430 341400 956459 338278 995493 582624 690718 44192 387272 896581 825481 400601 543989 623170 474676 398302 893129 980468 918137 543780 858583 732695 83020 111970 480316 936118 1095065 446490 720711 711178 730350 225446 741532 564111 808111 621588 932106 614570 637684 718818 907034 297699 1034546 750668 874305
597806 604003 818996 618584 312341 537470 403644 44430 314153 691946 704490 587334 478998 272100 291282 455626 755982 445570 494347 593615 407260 602804 480125 522608 299797 350779 718892 433157 513942 512805 581477 524879 264888 796028 799341 164463 272876 625722 340174 443407 557178 487228 620245 325937 284863 368592 999999999 257350 688990 274036 296170 187047 655730 858900 630785 377936 438757 596162 200763 712082 327894 326308 411183 577490 796998 632345 176998 358814 530347 128035 81878 552083 636919 672808 214302 711037 419588 308301 345134 220969 576527 767953 508061 550290 344380 655921 239002 375943 565008 470383 253991 586194 254335 345520 618498 860401 76528 701647 515604 608502
773791 742114 1072768 874864 518798 783311 464934 299660 535246 939889 894554 844164 669320 432102 147436 648937 957099 516897 748542 842857 659235 842037 678461 581852 484184 166537 975046 238347 720823 642252 837239 726295 28269 1047777 1055719 376678 518154 760738 540222 549941 799817 688852 837558 555368 504100 421138 257350 999999999 931244 492595 339012 387761 909067 1114246 777851 583828 639273 735779 440487 936469 579681 479999 462683 752004 1053803 886496 82115 616154 784081 218884 184726 734007 809744 914754 216215 968123 640107 409182 465515 476880 719704 955947 726739 807215 482248 909639 195856 445074 803319 662983 403164 758341 435373 239997 874206 1113178 232479 885787 764782 844926
816060 493750 458380 337463 430554 479896 941866 656801 621102 58947 313566 230297 354431 756911 893657 357895 274731 653270 393995 450893 445585 539650 328704 1015826 481881 954517 205667 1018979 280843 519453 200951 294747 945400 479983 385143 674317 416258 505192 680213 899729 131889 695426 670564 378093 631148 932074 688990 931244 999999999 444190 709915 689542 134368 447505 467638 665560 689207 488749 597623 136038 365907 523108 957553 811525 366700 152780 849803 388464 394589 719620 748185 354615 378077 16599 767198 244445 308619 849061 836641 477781 477641 339267 634575 246706 544685 399279 913487 660812 539230 351876 572620 382830 521737 883150 353449 498408 749482 338758 182126 95805
697047 368545 699033 491097 45946 489163 633687 257156 399712 461246 432132 415241 210749 459867 450238 186661 481950 319226 405769 520917 355194 569750 208029 740322 81089 511845 529058 579822 239912 298036 395978 251378 509422 690340 656739 341021 92950 391140 455763 638678 315737 563654 643935 67310 386069 607623 274036 492595 444190 999999999 288964 365806 448034 724233 385384 472337 527262 360051 298659 444805 155423 143528 645278 681556 648166 430671 412973 253436 439261 276672 315149 285785 372943 427592 324442 535505 148433 531879 547493 157838 339013 495669 546538 383635 175292 549021 512942 283746 540608 201200 146122 324535 90726 448288 497923 744610 347404 431107 296267 354208
882109 410598 984654 775868 285008 749939 691011 323153 583805 736600 591100 704166 382565 567826 223860 368356 662319 178435 678233 791716 611121 826694 400407 812312 229698 271064 816492 318226 449378 310783 684754 446910 365716 973174 944946 454073 367422 427569 622452 738945 590352 761331 875383 353106 558687 652342 296170 339012 709915 288964 999999999 478831 732956 1011979 449144 654635 715726 405076 463635 675239 437610 188972 696273 862849 936783 717220 290285 522818 713699 177669 254390 432147 495502 693668 124766 824257 401713 600817 640777 387330 391175 648180 766919 672186 174546 830338 467699 106064 792929 379699 143270 446269 198658 179046 781446 1029853 356672 577337 581599 614764
411422 731249 708595 527870 411509 407858 270451 155704 148131 676515 783741 531515 573649 96002 463902 549532 820490 613145 395208 471695 303107 458702 566218 374548 422962 518035 664317 600752 586901 650836 536610 603446 382857 678284 704553 26219 313771 753779 157300 276463 565037 307032 450663 390116 117088 249926 187047 387761 689542 365806 478831 999999999 621399 755740 750592 198759 257531 722875 92038 746743 333529 467590 283422 390877 706572 595023 323293 306315 427148 315068 257596 648768 736290 674974 400860 645814 483892 169269 182179 230540 702056 846351 339253 495276 492506 548489 260880 548293 419781 563543 408596 689268 388677 528222 523272 745446 160160 787037 507418 627075
695833 587448 333735 204511 448145 355733 857137 618143 530918 81653 435110 106816 421249 676714 892884 417298 405325 708172 278682 320536 345849 409811 393771 920316 504454 955606 91347 1026540 353438 594310 87519 372704 919596 350823 264791 610259 393883 602091 586229 804024 156419 581527 542599 381361 545959 852477 655730 909067 134368 448034 732956 621399 999999999 331533 567682 565480 581223 581281 530269 267910 329415 556269 873524 693071 248314 27141 826973 315536 272383 709475 724407 442308 484039 133334 769479 119691 341564 770287 750447 435227 567018 467895 516259 134414 582693 265026 863647 702122 412689 415704 590195 478071 535504 896304 220535 376343 706596 458428 151798 179045
629801 918137 57253 241575 738011 354943 919450 815341 619918 388860 760530 312660 745460 771848 1133909 738301 720105 1018246 366055 288406 457080 337775 718041 941328 794837 1196920 243832 1275030 681353 918748 338713 701659 1117639 102490 69144 755880 646194 933235 652560 834916 482995 568861 448262 664279 647010 930706 858900 1114246 447505 724233 1011979 755740 331533 999999999 899156 614331 595751 911772 680389 581931 575333 853387 936590 637716 83342 331303 1035606 505282 331213 946205 938300 772616 815299 453058 1020672 212319 652012 858695 818805 650912 896881 785772 494942 341180 882850 207288 1016618 1000922 369636 738796 870172 809319 814925 1156922 240471 62530 886895 785144 454463 510287
1061835 42674 897386 721069 339461 793380 1016116 627307 776308 520904 191450 609346 192889 845137 672998 214072 269856 295769 696031 799875 684004 872773 212932 1125079 332967 717473 657160 751576 229193 138599 576578 206462 802309 907433 831826 725426 455767 40507 835261 1024044 419711 926659 976103 377465 766432 987622 630785 777851 467638 385384 449144 750592 567682 899156 999999999 846423 896528 45511 683007 358809 480058 307728 1026890 1048685 815861 569027 714076 578854 719120 572298 640011 133232 92748 457145 563283 686926 307634 914613 932595 536877 58232 227578 894982 597125 297936 789223 861286 350070 853766 203372 385452 90978 376500 617168 734173 941572 707289 166774 465360 389804
229535 835759 561474 416303 516442 260862 307769 339401 73573 636367 835722 461264 655835 167176 662016 633238 855094 765941 293254 327185 220737 287279 640872 355245 546249 716731 581929 799482 646820 770368 478387 667352 576686 524635 574571 216017 391262 858146 44531 239314 561258 109316 254098 468965 95948 316430 377936 583828 665560 472337 654635 198759 565480 614331 846423 999999999 61276 827216 191584 754580 372714 601902 324925 211894 581281 538455 521839 292302 313542 504254 453759 726971 811699 653938 591417 552911 547351 245947 204661 314512 806173 894221 145607 431074 631130 414596 434119 708768 250007 645219 559173 771202 524983 723140 406697 592089 358912 845219 494277 627834
