NAME : synthetic_000939
TYPE : CTSP-D
DIMENSION : 100
GROUPS : 8
RELAXATION_LEVEL : 1
EDGE_WEIGHT_TYPE : EXPLICIT
EDGE_WEIGHT_FORMAT : FULL_MATRIX
EDGE_WEIGHT_SECTION
999999999 183972 752819 493991 398291 651789 481349 435295 257562 424080 726520 692916 396432 434706 315356 675278 383512 555710 177189 14765 439895 449047 347231 379027 826304 724000 665262 452178 238838 350330 394997 508650 782783 719650 307099 291732 880916 328381 295821 450325 462614 684212 204352 569888 746047 698442 715388 356456 402922 494160 205901 515452 608831 66125 361941 316392 483146 240370 576115 250095 426000 242865 353682 145682 457443 226363 277594 533547 638578 348518 203475 406805 351565 437373 137623 463702 573631 385973 192369 502042 674166 703271 258600 472258 301373 528133 129640 245527 170997 502050 342872 291964 564970 422940 549846 151196 102368 231169 326999 599055
183972 999999999 822046 348743 556771 790456 541108 563444 430460 551479 828393 793469 504876 250774 465391 716066 554194 577949 329569 192653 580007 632640 509424 362002 982152 760869 637443 319153 326450 534169 436997 635197 944428 717742 490015 108339 1042884 448491 443360 626459 278800 643778 225268 637887 913282 828390 805595 501000 218964 623296 365180 663489 781383 141438 514409 481928 659159 215339 733553 421732 581012 111132 487715 80896 600918 329113 460475 556624 818064 531646 198859 548384 512102 584143 182020 510572 495105 210581 44473 649207 813842 841178 202804 599954 485325 478261 305040 61969 241798 598622 526611 108072 659572 390486 505623 324498 283485 404057 296899 759414
752819 822046 999999999 786496 500005 354840 280959 1077958 611891 1070948 157134 153379 369465 971230 505489 151341 906793 283838 861199 738826 409982 732052 925581 494082 530475 147541 404299 740155 515571 755192 386207 1138435 559321 303983 690345 866314 613396 440777 938398 904706 973723 449966 597183 185038 595625 307246 101516 984443 942632 345611 861237 418612 601912 726500 966619 558635 613835 986939 470294 608496 999394 931700 1005815 743076 1057182 526467 766682 297720 701380 697947 623391 1026304 524709 436050 650928 313500 580304 863364 784827 1078122 362892 356319 638466 352605 736694 498926 671095 845767 594962 262842 716587 882526 206238 497412 476998 801439 702898 620640 553153 493225
493991 348743 786496 999999999 744177 902841 546419 910255 670564 898366 857267 824206 607288 259443 651860 643044 876936 502663 665067 495099 724704 899278 840742 316323 1121600 672412 450662 54182 467598 819925 450798 982626 1102795 563662 758832 273018 1196645 587227 782994 940108 240473 431629 362021 632715 1090683 917024 813818 842498 249754 738287 697524 812382 984725 429218 852252 696781 883547 549172 896917 660236 917750 412943 832613 349287 943561 489046 757725 489497 1047439 799153 335774 891405 711007 741873 391894 502831 246905 173588 315696 990523 926078 946563 267565 716287 770489 297684 573334 302866 420151 655904 800902 289796 700322 294981 325405 645143 568043 648372 284703 927967
398291 556771 500005 744177 999999999 267057 341534 593548 152665 588179 405308 379633 187755 792789 94811 504819 410220 467099 421540 384372 90060 240864 436721 461368 428226 550454 647688 690540 276778 256261 353208 647949 387694 633097 197062 650512 486159 164872 466210 404788 812965 688057 389563 368291 358731 324719 421712 502577 759370 155728 407752 124770 240598 416845 480148 86126 154006 627111 178055 156212 504749 638413 529662 484397 564171 257072 280400 452430 309548 198616 420589 539028 47022 65062 389010 364646 682325 712213 542305 581043 287023 317318 482705 147544 244362 597330 271228 609696 338715 255164 217809 657901 297288 506453 600561 363557 303951 175251 465792 202704
651789 790456 354840 902841 267057 999999999 377518 845162 419265 841165 206484 201566 300240 1006380 336814 438761 650713 482595 688566 637239 212353 435879 687783 588705 222602 468186 663488 849117 471662 496984 454801 892474 223469 602079 453137 871693 303728 343488 727153 623863 1020995 710476 588477 331301 245664 66566 253824 757809 973493 170043 673946 142302 255240 657792 732341 352604 306038 887593 135665 422005 746235 883501 787741 712019 806903 463359 538700 479318 353402 441647 621074 789173 312201 215496 610555 419497 771648 912788 767583 815264 23761 51484 669658 193533 498905 679975 530779 836036 552352 254781 461797 882397 233914 620472 671276 630571 564691 440554 620070 148344
481349 541108 280959 546419 341534 377518 999999999 847502 394995 838960 312881 278966 155356 701144 297929 197143 700827 125898 609479 468045 268502 578363 705520 232637 599941 246758 310105 494978 242658 564125 107493 914061 596355 293833 491383 588703 681127 208974 701662 719362 707150 353359 316247 97469 602753 378103 275713 754250 671074 240913 616257 334530 540464 449108 742009 361951 491722 710032 418511 388340 785846 650764 769736 462152 838882 258467 552274 113304 630066 512575 342562 800647 342164 296823 371353 43930 394148 595789 504222 868051 398835 414031 361650 227071 532278 302471 418237 566106 317141 123599 527480 604290 155022 252762 294331 552281 446494 394571 283009 450244
435295 563444 1077958 910255 593548 845162 847502 999999999 466077 12021 998423 971491 713287 772026 572477 1042698 200523 949397 259581 440522 678428 431361 157563 805895 929531 1092222 1085573 875179 624690 348642 788780 73408 865908 1122615 396623 658500 948181 644944 147584 260151 806582 1109598 633759 915264 805750 908998 1010403 93764 748675 746001 239095 709225 664769 500064 113455 521761 553058 405876 719682 469735 114704 534830 82126 567259 69856 601267 313871 928254 626441 403541 637577 56444 558983 657793 570164 844912 1008762 769000 594571 113169 860483 890147 693704 732769 349415 959518 434933 617375 587587 816120 383380 648395 871947 852528 979323 304818 413280 458753 759416 724412
257562 430460 611891 670564 152665 419265 394995 466077 999999999 459078 540306 511075 249849 676721 106402 584137 305943 510129 270491 244850 221557 230428 315419 432966 573592 633031 672782 619486 224562 175784 362630 527668 526984 684670 102349 532036 624705 186136 328208 328520 700637 706560 309298 452517 488593 475096 546915 372560 643643 287622 259929 277182 351872 289273 355252 66670 228835 477283 324900 10369 393058 500424 394827 366815 448459 197802 158243 491103 389897 135532 334837 414900 107128 207493 285058 402124 660022 608298 424139 474511 439561 469805 403072 271362 138049 585706 127977 488134 250507 350252 144020 536487 405979 482311 596359 211602 157359 26527 415715 345155
424080 551479 1070948 898366 588179 841165 838960 12021 459078 999999999 992754 965583 705651 760087 565470 1034400 199325 940179 248711 429451 672541 430108 153405 795352 928255 1083953 1075458 863385 615113 345211 779357 84897 864973 1113214 391468 646480 947955 637028 138094 261871 794631 1099245 622988 907420 805230 904753 1004126 86541 736697 740104 228980 704631 663627 488726 108833 515501 550654 394133 716459 462533 117100 522871 71579 555587 77377 591855 308088 918982 627015 399535 626546 55050 553031 652238 559201 835940 997626 756984 582689 122761 856728 886477 682405 726597 344370 948775 425518 605367 577169 808887 379402 636375 865045 841866 968707 294792 403412 451223 748550 721703
726520 828393 157134 857267 405308 206484 312881 998423 540306 992754 999999999 35051 330515 1009913 437883 277852 814407 372441 805911 711849 320560 618385 841934 545455 373792 292570 529027 806693 503869 659386 417149 1053210 402463 443504 602313 890006 457123 398406 867102 800551 1017727 576443 606120 225309 440785 152109 59563 906728 978968 253229 799404 300354 460597 713688 885143 478704 492661 966642 333727 539394 909461 933067 932317 747510 969189 506803 684666 378414 559393 601716 636389 944201 440050 340690 647975 355486 679390 906371 796581 984277 210719 200819 667202 269042 649616 590902 624697 862341 588490 229825 621476 904127 169334 562320 574295 745599 658586 554844 594583 352218
692916 793469 153379 824206 379633 201566 278966 971491 511075 965583 35051 999999999 296622 975065 407598 257868 789662 343395 775139 678270 293064 598490 815514 511604 385914 277706 505087 773369 469178 635035 382639 1027378 409146 424464 576167 854962 469992 365136 838630 778477 983030 552658 571088 193541 442874 155811 52331 879360 944074 225491 769454 280287 451376 679309 858398 450562 474752 932892 321536 509788 884366 898305 904288 712593 943789 472441 657620 348249 550725 577290 601340 917656 412553 314655 613175 321871 649894 871690 761568 960097 209669 204769 632275 239806 623425 560732 592578 827299 553738 194990 596863 869076 134287 529383 544941 714787 626339 524824 560119 342531
396432 504876 369465 607288 187755 300240 155356 713287 249849 705651 330515 296622 999999999 708513 146622 335093 554429 279992 491832 381823 126666 423012 565018 299932 514925 383626 459974 553195 178610 412404 174985 776675 496062 448980 340898 577432 589362 71534 571036 567510 721913 500700 291417 202696 488708 327543 320062 619523 675942 131608 491992 208960 403764 384023 604036 208987 340372 636278 295492 244767 642852 606089 638881 424349 698225 177579 407990 264801 486896 359284 323710 663509 186955 151569 322878 176958 508023 613030 477033 724062 323949 347767 369578 109106 383935 419528 302658 544775 263078 107985 375015 589507 170059 339057 419493 431992 335273 254572 322754 327487
434706 250774 971230 259443 792789 1006380 701144 772026 676721 760087 1009913 975065 708513 999999999 698733 841626 794895 696436 566587 443356 802871 883351 745067 477261 1210059 878893 689007 273153 535063 784653 594156 839094 1177718 793871 740516 144786 1275709 664249 671739 870502 35239 677582 417911 797146 1151492 1035841 976726 724792 33419 836380 603692 889825 1024558 388477 743227 723643 905382 370124 965753 667521 809699 237406 704748 310483 820077 545969 710232 678566 1066143 782207 385332 768038 750342 811596 404004 662024 496317 109356 252715 869850 1030124 1055361 343263 812861 735971 525263 553859 189868 457866 786476 777370 142744 842040 480499 554977 570633 533856 650647 419060 993521
315356 465391 505489 651860 94811 336814 297929 572477 106402 565470 437883 407598 146622 698733 999999999 481673 408135 418434 368189 300913 126619 288744 421184 378621 516889 530068 590227 598507 184406 266402 284039 633737 479853 591093 194359 557044 578192 92684 433946 421652 718519 627389 295147 348272 453141 386283 441754 478957 665316 188063 361892 200593 334164 327080 461476 64595 234750 550996 268334 103367 497560 551191 500896 391413 553840 163256 262931 400942 396909 214831 325959 521147 60000 122031 294754 311126 603642 617424 449138 578274 358970 388285 388743 169404 237411 522187 194938 516918 243906 244057 229554 564939 299625 425701 528551 307963 229164 117326 376838 295080
675278 716066 151341 643044 504819 438761 197143 1042698 584137 1034400 277852 257868 335093 841626 481673 999999999 889437 145190 806611 662388 418896 745621 898068 367129 641907 49664 255136 598924 437838 746521 283677 1108241 659047 166642 675742 747287 726205 399111 897569 901164 841174 301753 496803 136530 684131 408298 219135 949180 814685 367365 813012 457385 660000 638416 935763 543075 642101 898234 527752 578423 977060 827145 965684 640632 1031501 455024 742367 163701 757299 692114 518620 994807 516734 447936 557696 211967 429804 732571 675765 1058648 453259 455531 521457 364488 719028 350674 615281 731932 507411 249949 708677 764609 221987 361719 327461 749276 643634 586491 430441 555906
383512 554194 906793 876936 410220 650713 700827 200523 305943 199325 814407 789662 554429 794895 408135 889437 999999999 813941 228516 381840 498798 230863 62929 707099 729045 938055 969037 833499 505496 155263 660746 241763 665648 988813 216545 660996 749048 492072 144889 82536 826670 999278 548966 756391 606060 715655 831814 131470 766188 565704 191243 518750 464340 447721 99046 349366 353597 467295 522260 312496 95649 565588 168903 529160 156228 479167 149168 794256 430048 212749 562508 144419 382084 475282 496170 706251 926844 763949 572464 171330 664876 694123 627878 555337 171003 863758 324387 615251 493406 650019 192932 656339 701093 756363 878986 232565 317145 307455 673071 525435
555710 577949 283838 502663 467099 482595 125898 949397 510129 940179 372441 343395 279992 696436 418434 145190 813941 999999999 701882 543926 394058 702515 813652 222958 701737 184886 186142 456713 326957 682818 162398 1018162 705382 174894 609367 603822 784869 326812 802101 837614 696139 231166 365028 154686 717570 471090 321235 857332 669545 362258 713237 456707 663638 512034 847796 482976 617619 768211 538746 502594 895506 689018 869612 505095 946220 348757 664779 22191 754669 633096 383489 905290 465783 422542 429427 108026 306995 587391 536451 978159 501937 512570 379761 350425 648174 219637 514840 590260 384833 239340 647076 621426 248946 216756 201872 647776 539299 506499 287220 569981
177189 329569 861199 665067 421540 688566 609479 259581 270491 248711 805911 775139 491832 566587 368189 806611 228516 701882 999999999 181359 490944 369482 179960 547156 825672 856236 829168 625895 374925 259364 539646 332649 771631 872531 254843 434662 865783 420427 118902 306298 598628 851682 374313 686992 723031 745456 806859 179418 538217 555575 37466 546265 577298 242979 187187 336673 448412 252051 584477 269288 252981 337668 177520 316366 280601 353928 182672 680190 579050 286634 378146 229657 377306 477971 310623 601025 749570 540148 352518 326117 708192 738556 435652 537560 222865 700112 191713 389511 329721 599345 271902 429043 659850 593338 720263 60365 163269 252286 499846 599694
14765 192653 738826 495099 384372 637239 468045 440522 244850 429451 711849 678270 381823 443356 300913 662388 381840 543926 181359 999999999 425285 440000 347668 370462 812489 711208 656032 452231 225418 342851 382806 513764 769343 708766 297434 299691 867535 313667 299269 446912 470676 675749 195924 556115 733093 683750 700903 359926 411291 479419 208191 501120 596462 65882 364114 302902 471278 255111 562283 237174 427430 255750 358638 148716 460567 212367 271417 521784 627587 339023 197129 410426 337722 422941 130174 451002 568286 391591 198103 504463 659647 688719 254662 457504 293574 520862 116884 253712 159687 487568 334037 300717 550480 415071 542084 150620 91353 218387 319897 585432
439895 580007 409982 724704 90060 212353 268502 678428 221557 672541 320560 293064 126666 802871 126619 418896 498798 394058 490944 425285 999999999 327905 522603 423898 407420 463449 578452 670530 269277 345682 301624 734794 380039 554062 283670 664971 476284 140361 546682 494847 819717 620994 387218 282775 366280 259713 333237 586368 769656 67574 481486 88397 277286 445780 565360 158298 225657 677091 172326 221806 592747 671395 611758 502663 651700 256910 364557 381643 362646 288205 419712 624667 119544 29232 402065 297916 634682 714074 559138 669931 235188 263754 474678 57498 330807 546117 321540 627599 345432 169129 307122 674682 207568 464678 545562 431204 355779 238703 440507 203734
449047 632640 732052 899278 240864 435879 578363 431361 230428 430108 618385 598490 423012 883351 288744 745621 230863 702515 369482 440000 327905 999999999 282705 658755 498182 790967 878195 848835 452177 110127 572712 467389 435029 871708 143649 739409 520244 381077 347443 188935 910324 915971 539189 609107 376502 502289 645689 356563 851202 387535 338048 318314 233530 497340 325902 225641 130011 619410 301956 240783 322185 680960 392242 580288 382098 426019 187680 686316 211334 101907 563663 375272 236829 299533 509656 596897 885881 825703 635011 383441 447042 474930 632272 384494 151761 807807 333475 693617 480075 495794 106313 740711 534594 707455 815766 333572 349827 251137 645409 300270
347231 509424 925581 840742 436721 687783 705520 157563 315419 153405 841934 815514 565018 745067 421184 898068 62929 813652 179960 347668 522603 282705 999999999 691003 779140 947262 961070 799407 496050 192070 656397 212870 717144 988290 239659 614576 802909 498957 82860 144757 777557 988913 526385 767704 659205 751482 855383 73878 717281 590139 144465 551674 515471 412956 44714 367379 398929 408724 563330 320253 83416 512661 109881 491499 133445 470725 158938 793226 487446 246140 536681 102325 403509 501251 469157 707039 905783 719973 531059 165737 703326 733086 599643 577669 192362 847353 308235 569471 473627 665209 226001 608693 719343 739574 864351 197272 294697 311584 652167 569219
379027 362002 494082 316323 461368 588705 232637 805895 432966 795352 545455 511604 299932 477261 378621 367129 707099 222958 547156 370462 423898 658755 691003 999999999 809324 407798 287302 263726 208561 605418 134619 878269 794828 356384 534003 380932 886427 296635 660025 750265 479865 305287 174677 324331 788592 600833 506091 719523 449117 427922 567403 508752 696388 322794 717285 436011 612077 563907 595083 423075 774342 472074 723820 295535 816734 235527 563839 203452 770915 568423 180905 769832 438071 445105 241779 190154 227239 369295 318889 855853 611674 631258 159803 407042 560954 156675 383544 368874 218724 339636 576517 398652 384792 49650 173757 502483 396996 418291 65491 626946
826304 982152 530475 1121600 428226 222602 599941 929531 573592 928255 373792 385914 514925 1210059 516889 641907 729045 701737 825672 812489 407420 498182 779140 809324 999999999 663602 879062 1067624 676540 591193 676141 962749 68368 808285 572049 1071083 84313 547240 836160 679110 1227135 926473 794506 548166 134896 234173 432326 852884 1176793 383457 803271 320274 264847 843779 823076 510594 383141 1050611 250209 579376 819292 1066547 887427 906978 878382 664151 653052 699786 324190 546231 827045 873451 474766 398988 807757 642075 994085 1121254 964213 874128 201146 189441 880473 405843 610643 902408 698185 1032449 752269 477382 564457 1080063 453029 842357 893244 773295 729913 598756 837486 228488
724000 760869 147541 672412 550454 468186 246758 1092222 633031 1083953 292570 277706 383626 878893 530068 49664 938055 184886 856236 711208 463449 790967 947262 407798 663602 999999999 261272 630319 486969 794295 331184 1157630 685055 156499 723892 788700 747622 448332 947176 948688 877065 305452 543333 183006 713791 432192 233018 998679 852728 409449 862676 497404 697339 686209 985114 591002 685001 945541 564521 627436 1026042 871999 1015293 686321 1080678 504427 791274 205159 795460 739528 564293 1044205 563867 492291 605058 260353 449912 769597 720010 1107515 480967 480502 564290 408093 767478 376357 664932 774861 555578 295293 756317 806311 261962 398410 351028 798934 693230 635716 472084 591682
665262 637443 404299 450662 647688 663488 310105 1085573 672782 1075458 529027 505087 459974 689007 590227 255136 969037 186142 829168 656032 578452 878195 961070 287302 879062 261272 999999999 419455 465040 848289 310157 1156913 886933 118169 774535 631437 962949 497549 938380 1000994 679323 47619 461230 332190 901868 645668 471828 996570 668494 548396 846495 642825 849668 610079 991212 654528 800032 846627 724793 664225 1044271 743505 1003925 578493 1090797 490656 820907 196829 940123 802123 467986 1046207 641857 606534 528653 283042 206974 582236 593063 1126805 681661 689703 436737 536306 809614 165616 653867 631541 499628 425315 814407 650602 429915 248890 135983 780761 672627 664972 346612 755942
452178 319153 740155 54182 690540 849117 494978 875179 619486 863385 806693 773369 553195 273153 598507 598924 833499 456713 625895 452231 670530 848835 799407 263726 1067624 630319 419455 999999999 414146 771534 397897 948027 1048633 528969 709219 257210 1142540 533154 744469 894770 260454 405220 310355 582757 1036533 863961 764301 804474 257157 684263 657259 758200 931034 386571 812793 644235 830725 527148 842753 609136 877685 394764 796345 309591 905743 435948 710984 442516 994477 749211 285228 853924 657800 687762 343741 451607 223167 173165 282283 951971 872393 893075 216563 662218 722314 259979 525353 280124 368987 602989 751521 275503 648318 245200 288921 602801 521720 597732 230551 873818
238838 326450 515571 467598 276778 471662 242658 624690 224562 615113 503869 469178 178610 535063 184406 437838 505496 326957 374925 225418 269277 452177 496050 208561 676540 486969 465040 414146 999999999 397092 164816 694732 648264 498414 325447 400456 745179 129407 477112 543828 550885 493912 117965 331626 629032 504582 485435 533843 502050 301930 387025 357305 517373 212199 526892 233923 417916 471563 437468 214603 579231 429282 544075 245800 626320 27048 359086 305288 581003 360088 150518 582843 243945 281198 144650 227824 435473 444797 298589 661779 495375 521165 207279 278378 353375 362794 190018 366550 84854 274321 367960 411859 336496 258053 375426 321320 212572 209849 194809 467180
350330 534169 755192 819925 256261 496984 564125 348642 175784 345211 659386 635035 412404 784653 266402 746521 155263 682818 259364 342851 345682 110127 192070 605418 591193 794295 848289 771534 397092 999999999 538204 396251 531302 856550 73776 642062 620783 356177 245231 155256 812922 882329 467038 611487 476615 561411 677910 264372 753116 411989 228105 363594 330684 403969 236781 203522 208542 509696 371278 184792 250777 575607 297373 488153 311114 370053 78357 664431 320627 57749 487782 292431 231853 321231 428055 574885 831543 733436 540560 325062 511939 541538 556408 402757 49796 759723 246672 595844 407886 502169 38606 641958 550486 655009 771251 225250 256200 187271 582614 377441
394997 436997 386207 450798 353208 454801 107493 788780 362630 779357 417149 382639 174985 594156 284039 283677 660746 162398 539646 382806 301624 572712 656397 134619 676141 331184 310157 397897 164816 538204 999999999 858264 663995 333860 464475 481394 754196 192539 641277 690876 600870 344690 214084 204726 661211 466247 382596 697323 563877 297228 551683 382548 578428 355043 689053 347347 507127 614558 469216 354074 739004 547448 708500 359361 788063 187514 511999 140577 659417 492851 238158 745841 339309 325782 274019 73613 333069 489480 398880 821729 477613 496797 254167 277537 499565 245218 353851 459614 224987 205113 504639 497136 252511 166793 247353 486052 377369 355148 177496 501333
508650 635197 1138435 982626 647949 892474 914061 73408 527668 84897 1053210 1027378 776675 839094 633737 1108241 241763 1018162 332649 513764 734794 467389 212870 878269 962749 1157630 1156913 948027 694732 396251 858264 999999999 897488 1191898 451226 728723 975595 709493 218590 284079 873876 1181517 706577 979203 835284 957354 1067851 160942 816626 802244 310955 759739 698318 573467 172653 580210 593792 470541 763623 532081 146402 602548 155144 640443 85730 670848 371806 997203 650820 453094 710759 113444 616016 712785 643272 912933 1082039 839497 667023 96028 906590 935770 767095 790214 404006 1032254 504728 688262 659756 877793 433016 718091 932199 925126 1051820 376364 484299 522347 832371 765784
782783 944428 559321 1102795 387694 223469 596355 865908 526984 864973 402463 409146 496062 1177718 479853 659047 665648 705382 771631 769343 380039 435029 717144 794828 68368 685055 886933 1048633 648264 531302 663995 897488 999999999 823881 516948 1036778 98466 520230 776532 613537 1196326 933877 765808 554757 66550 253366 458677 791002 1144332 367025 747701 291647 201674 804477 760743 466443 324983 1001949 211966 533527 754813 1024690 826045 871262 813504 633668 595920 701291 256012 488795 798057 810038 433009 367281 773899 636863 989089 1092432 928985 808091 206344 204636 854567 387830 553550 897649 653583 996750 720339 472755 506375 1044792 457174 830785 890671 721005 684252 552797 818095 185014
719650 717742 303983 563662 633097 602079 293833 1122615 684670 1113214 443504 424464 448980 793871 591093 166642 988813 174894 872531 708766 554062 871708 988290 356384 808285 156499 118169 528969 498414 856550 333860 1191898 823881 999999999 783307 724548 892597 500380 975130 1011578 786607 155729 520863 279679 846368 574408 384271 1030980 771382 512110 885435 605674 811968 670765 1022044 655398 779688 919571 681778 677258 1070279 826953 1042352 651663 1120676 521361 839655 195064 906989 805920 533904 1079254 635916 583197 587718 282643 323596 685525 674125 1152952 617643 621206 514950 504632 822675 269421 687701 719445 549128 388302 820398 743335 375963 329127 240121 819728 710937 681362 420948 711350
307099 490015 690345 758832 197062 453137 491383 396623 102349 391468 602313 576167 340898 740516 194359 675742 216545 609367 254843 297434 283670 143649 239659 534003 572049 723892 774535 709219 325447 73776 464475 451226 516948 783307 999999999 596304 610948 282965 274166 228276 767120 808707 401474 541483 468389 515199 616880 306357 708206 351050 231223 314055 323068 353791 283181 133254 193809 494037 336641 111651 309368 543288 334947 436640 368052 298478 85577 590859 335394 41797 424171 341969 165720 261669 367739 501390 760686 682065 491476 387831 470271 500488 492963 339571 47303 687539 189903 550674 342108 433831 42932 598028 484557 583496 698542 207142 206670 116022 513688 348538
291732 108339 866314 273018 650512 871693 588703 658500 532036 646480 890006 854962 577432 144786 557044 747287 660996 603822 434662 299691 664971 739409 614576 380932 1071083 788700 631437 257210 400456 642062 481394 728723 1036778 724548 596304 999999999 1135009 528272 545684 734170 170985 629699 286458 686094 1008925 904689 861426 601804 112010 702278 470935 750920 880564 243714 617161 579776 760767 277542 824950 522885 683909 139985 585780 166520 700325 408675 568722 583953 921366 638045 254795 647780 607369 672108 263331 553002 462831 111076 108514 749335 895351 921489 227852 678730 593041 466379 409136 46372 319727 662495 633638 19331 720795 396960 495668 432444 389653 505922 316855 852121
880916 1042884 613396 1196645 486159 303728 681127 948181 624705 947955 457123 469992 589362 1275709 578192 726205 749048 784869 865783 867535 476284 520244 802909 886427 84313 747622 962949 1142540 745179 620783 754196 975595 98466 892597 610948 1135009 999999999 616641 865516 691826 1294054 1010317 862916 631686 144183 318448 515932 876735 1242336 458808 840779 387968 290276 902940 845800 564664 417601 1098649 310065 631406 835462 1122977 912483 969603 892934 731109 688047 782462 325416 581043 895256 892906 531447 464650 872015 722791 1075158 1189705 1027294 883993 283216 273252 950947 480449 645851 983506 751603 1095108 818127 558013 597941 1143120 535971 920829 975004 816299 782045 650634 912036 283472
328381 448491 440777 587227 164872 343488 208974 644944 186136 637028 398406 365136 71534 664249 92684 399111 492072 326812 420427 313667 140361 381077 498957 296635 547240 448332 497549 533154 129407 356177 192539 709493 520230 500380 282965 528272 616641 999999999 501524 511213 680289 534898 247327 270430 503909 379986 390728 551227 631166 174883 421182 228698 401112 321155 536896 157125 317185 568716 310769 179786 578221 545769 569522 369188 632390 119948 343907 308865 474352 306436 279909 596116 146803 154820 267445 219091 517867 574015 424244 660098 367116 393593 334356 151483 323318 433974 231153 492656 208887 179471 320265 538911 241205 341594 438765 360684 263894 187386 304748 341302
295821 443360 938398 782994 466210 727153 701662 147584 328208 138094 867102 838630 571036 671739 433946 897569 144889 802101 118902 299269 546682 347443 82860 660025 836160 947176 938380 744469 477112 245231 641277 218590 776532 975130 274166 545684 865516 501524 999999999 227290 704921 962953 489256 771889 721340 788613 875115 60662 645058 613875 92687 587138 575718 361760 71593 388415 453087 327482 609402 330580 138311 436772 68119 434878 161705 453769 188618 780892 556981 291709 495046 111174 427537 528561 427237 698020 866603 653432 469054 207567 744434 774654 553910 598845 229574 814532 287430 501645 441380 675703 272593 538384 733227 707178 833688 157786 265845 317769 615364 618871
450325 626459 904706 940108 404788 623863 719362 260151 328520 261871 800551 778477 567510 870502 421652 901164 82536 837614 306298 446912 494847 188935 144757 750265 679110 948688 1000994 894770 543828 155256 690876 284079 613537 1011578 228276 734170 691826 511213 227290 999999999 901644 1033924 600721 765737 551207 690068 823563 207613 841110 559467 268835 500584 415243 512369 175182 358534 318717 549049 490679 336842 145533 643956 245039 595545 201211 516884 187498 819010 367802 209203 617393 207878 385086 468728 553023 729619 974053 834717 641812 195675 635627 663720 684546 552327 191496 906123 374450 688065 543064 655429 192553 730524 701649 799890 919251 302072 373412 336440 721771 489081
462614 278800 973723 240473 812965 1020995 707150 806582 700637 794631 1017727 983030 721913 35239 718519 841174 826670 696139 598628 470676 819717 910324 777557 479865 1227135 877065 679323 260454 550885 812922 600870 873876 1196326 786607 767120 170985 1294054 680289 704921 901644 999999999 665626 433076 802267 1171642 1048556 982846 758428 60534 850965 635594 907189 1046620 413890 776463 745750 928882 405216 984428 691262 843016 271788 738811 333822 854133 563176 739191 678966 1090459 808881 400452 802012 771287 829484 424007 667063 482613 111391 276765 903852 1044755 1069460 353725 827512 763971 517264 579316 217088 475992 796500 804606 171640 850791 479456 546774 600991 560519 674768 424182 1012672
684212 643778 449966 431629 688057 710476 353359 1109598 706560 1099245 576443 552658 500700 677582 627389 301753 999278 231166 851682 675749 620994 915971 988913 305287 926473 305452 47619 405220 493912 882329 344690 1181517 933877 155729 808707 629699 1010317 534898 962953 1033924 665626 999999999 479908 379238 948130 693177 519084 1021803 658936 592936 870612 687195 893688 626667 1017727 691331 841069 855789 769798 697725 1072282 747318 1027667 589241 1117371 520117 851974 240206 983257 837540 483640 1071784 680358 648772 546751 323938 184753 572851 599308 1154566 728807 737085 446419 580220 842428 165594 680852 633296 522120 470486 849191 648999 476743 262264 138415 805168 697888 697496 360178 801101
204352 225268 597183 362021 389563 588477 316247 633759 309298 622988 606120 571088 291417 417911 295147 496803 548966 365028 374313 195924 387218 539189 526385 174677 794506 543333 461230 310355 117965 467038 214084 706577 765808 520863 401474 286458 862916 247327 489256 600721 433076 479908 999999999 412738 745174 618945 581138 549387 385080 418469 396621 475158 629229 150107 549431 335553 522817 403210 554603 298936 609072 334519 551635 145908 648204 132977 413462 342992 686991 440580 32631 599931 352650 398551 67525 287559 379404 326874 190689 689291 612224 637490 94795 394952 418935 325799 226322 256316 59365 377207 444207 299292 436823 219312 346345 332955 232368 288123 126239 583927
569888 637887 185038 632715 368291 331301 97469 915264 452517 907420 225309 193541 202696 797146 348272 136530 756391 154686 686992 556115 282775 609107 767704 324331 548166 183006 332190 582757 331626 611487 204726 979203 554757 279679 541483 686094 631686 270430 771889 765737 802267 379238 412738 999999999 571349 316550 181901 821519 767399 234131 690268 326643 532392 541763 806550 408394 506978 802429 402150 447451 845434 747153 839917 558532 900920 344001 610579 156321 627948 556557 439625 865955 380862 311905 465890 135212 458076 691034 601418 926458 349598 358762 458845 229301 585544 368058 495426 663545 410070 113652 573433 701735 98242 337778 353637 628189 525869 456892 378256 431918
746047 913282 595625 1090683 358731 245664 602753 805750 488593 805230 440785 442874 488708 1151492 453141 684131 606060 717570 723031 733093 366280 376502 659205 788592 134896 713791 901868 1036533 629032 476615 661211 835284 66550 846368 468389 1008925 144183 503909 721340 551207 1171642 948130 745174 571349 999999999 288769 494139 733065 1118074 365283 697398 279862 146301 772260 702307 431710 274626 958740 193968 495957 693718 988835 768653 842577 751846 612224 544364 711480 190110 437510 776908 750203 401650 349091 747733 641210 991155 1070114 900564 744963 233618 239974 836300 383818 502270 900407 616408 967565 696601 480075 454144 1015894 473112 827230 895595 674632 645673 514904 806748 162715
698442 828390 307246 917024 324719 66566 378103 908998 475096 904753 152109 155811 327543 1035841 386283 408298 715655 471090 745456 683750 259713 502289 751482 600833 234173 432192 645668 863961 504582 561411 466247 957354 253366 574408 515199 904689 318448 379986 788613 690068 1048556 693177 618945 316550 288769 999999999 205977 820846 1003365 205770 732463 201505 318134 699594 795926 408784 372521 936586 202151 477005 811257 925045 850136 748736 871883 499357 600598 470872 414894 505522 651253 853180 368150 268142 646885 421651 769699 938913 802915 880976 61545 49090 695167 228791 561471 678329 581221 871057 587640 261236 525693 916406 225061 628300 666864 686679 615432 495024 638108 213257
715388 805595 101516 813818 421712 253824 275713 1010403 546915 1004126 59563 52331 320062 976726 441754 219135 831814 321235 806859 700903 333237 645689 855383 506091 432326 233018 471828 764301 485435 677910 382596 1067851 458677 384271 616880 861426 515932 390728 875115 823563 982846 519084 581138 181901 494139 205977 999999999 917684 946462 266112 803100 328303 503401 697332 897727 488648 523527 954154 373056 544882 925963 912439 941475 725020 984927 491436 696824 329136 602795 620200 610211 957212 451879 356689 627563 316311 627903 871495 771739 1002750 261409 255066 635891 277727 663962 540755 621031 836095 568922 213339 639508 876307 150423 519143 522794 746531 654273 558980 558675 394553
356456 501000 984443 842498 502577 757809 754250 93764 372560 86541 906728 879360 619523 724792 478957 949180 131470 857332 179418 359926 586368 356563 73878 719523 852884 998679 996570 804474 533843 264372 697323 160942 791002 1030980 306357 601804 876735 551227 60662 207613 758428 1021803 549387 821519 733065 820846 917684 999999999 698975 653911 152817 620169 589331 422362 32618 429102 472128 371579 635105 376085 87726 488334 37572 494909 101299 509908 222213 836331 560428 316814 555556 50595 466830 566389 487721 752338 927085 710432 527935 148307 773903 803829 614571 640222 259544 874384 343827 558387 500802 722465 296829 593758 778516 766914 893252 217043 324025 364994 675561 641813
402922 218964 942632 249754 759370 973493 671074 748675 643643 736697 978968 944074 675942 33419 665316 814685 766188 669545 538217 411291 769656 851202 717281 449117 1176793 852728 668494 257157 502050 753116 563877 816626 1144332 771382 708206 112010 1242336 631166 645058 841110 60534 658936 385080 767399 1118074 1003365 946462 698975 999999999 803522 575145 856545 991237 355694 716629 690314 872247 349989 932367 634409 783239 214081 679929 277231 795209 512747 679093 651300 1033175 749928 352536 742979 716939 778271 370591 632415 479671 86263 219544 844835 997232 1022570 311893 779995 704287 503815 521134 157589 424562 754833 745324 111338 810811 454428 533603 540511 501537 617606 389776 960115
494160 623296 345611 738287 155728 170043 240913 746001 287622 740104 253229 225491 131608 836380 188063 367365 565704 362258 555575 479419 67574 387535 590139 427922 383457 409449 548396 684263 301930 411989 297228 802244 367025 512110 351050 702278 458808 174883 613875 559467 850965 592936 418469 234131 365283 205770 266112 653911 803522 999999999 547343 94552 301762 493830 632930 225477 275703 733446 177630 287233 659906 719283 679148 544069 719004 294748 432131 352981 395073 354338 451057 692225 187083 90892 442308 277088 625872 742901 598969 736678 193800 219236 500038 23552 398238 535180 381025 667326 383529 124396 373521 713313 148392 463942 530971 495530 415334 303427 454032 209462
205901 365180 861237 697524 407752 673946 616257 239095 259929 228980 799404 769454 491992 603692 361892 813012 191243 713237 37466 208191 481486 338048 144465 567403 803271 862676 846495 657259 387025 228105 551683 310955 747701 885435 231223 470935 840779 421182 92687 268835 635594 870612 396621 690268 697398 732463 803100 152817 575145 547343 999999999 531894 551247 272024 156052 324660 423211 287195 565358 260140 220427 375134 157510 348291 252651 364482 153642 691813 548674 259912 402876 203400 365122 466583 335013 610405 774342 575658 386671 296296 692882 723277 462702 530394 195262 721846 198749 425554 348814 598553 243920 465671 657919 614499 741038 65869 174693 244632 522767 579008
515452 663489 418612 812382 124770 142302 334530 709225 277182 704631 300354 280287 208960 889825 200593 457385 518750 456707 546265 501120 88397 318314 551674 508752 320274 497404 642825 758200 357305 363594 382548 759739 291647 605674 314055 750920 387968 228698 587138 500584 907189 687195 475158 326643 279862 201505 328303 620169 856545 94552 531894 999999999 207227 526881 595901 210516 195473 748534 86672 280213 614345 751606 648970 587342 674706 344035 399298 447092 301350 306680 507583 653740 170300 79366 487634 369217 714407 802027 644334 686821 162391 192623 563047 107885 360630 624527 391550 712676 432002 218805 326800 760117 235643 547868 621788 488320 425084 298957 527901 118786
608831 781383 601912 984725 240598 255240 540464 664769 351872 663627 460597 451376 403764 1024558 334164 660000 464340 663638 577298 596462 277286 233530 515471 696388 264847 697339 849668 931034 517373 330684 578428 698318 201674 811968 323068 880564 290276 401112 575718 415243 1046620 893688 629229 532392 146301 318134 503401 589331 991237 301762 551247 207227 999999999 639946 559087 300933 129431 815412 132996 360103 554488 851510 624430 714155 613719 497310 398096 653483 99469 291335 659752 608759 277095 252712 623555 573268 911418 948796 772087 610752 256762 278291 722894 313468 356050 823289 479626 837754 576604 426014 307850 886200 438358 739291 822814 529915 507185 378399 705155 108849
66125 141438 726500 429218 416845 657792 449108 500064 289273 488726 713688 679309 384023 388477 327080 638416 447721 512034 242979 65882 445780 497340 412956 322794 843779 686209 610079 386571 212199 403969 355043 573467 804477 670765 353791 243714 902940 321155 361760 512369 413890 626667 150107 541763 772260 699594 697332 422362 355694 493830 272024 526881 639946 999999999 428066 340684 518086 260928 594341 280429 492057 225738 418758 84334 523430 206885 334739 489866 677855 395588 143129 472636 371618 447593 83083 426625 509898 329513 137685 568153 680848 708989 193739 470950 354303 467900 165461 199093 131970 485205 392350 247334 547817 364482 490721 216246 148118 262948 267126 619535
361941 514409 966619 852252 480148 732341 742009 113455 355252 108833 885143 858398 604036 743227 461476 935763 99046 847796 187187 364114 565360 325902 44714 717285 823076 985114 991212 812793 526892 236781 689053 172653 760743 1022044 283181 617161 845800 536896 71593 175182 776463 1017727 549431 806550 702307 795926 897727 32618 716629 632930 156052 595901 559087 428066 999999999 409238 443412 395540 608044 359509 66750 507925 70190 503409 99644 502229 200910 827075 528552 290728 557477 59686 446022 544474 489617 741893 928376 724665 539247 140434 747963 777744 618362 620012 235962 872992 337349 572994 498818 705487 270605 609953 760438 765280 890996 216667 320364 349700 675642 613867
316392 481928 558635 696781 86126 352604 361951 521761 66670 515501 478704 450562 208987 723643 64595 543075 349366 482976 336673 302902 158298 225641 367379 436011 510594 591002 654528 644235 233923 203522 347347 580210 466443 655398 133254 579776 564664 157125 388415 358534 745750 691331 335553 408394 431710 408784 488648 429102 690314 225477 324660 210516 300933 340684 409238 999999999 187364 541849 260827 70155 440913 558338 453742 413302 498550 209588 208484 465534 351568 150631 364327 468817 40634 141924 323414 375718 662446 648963 471271 520418 372899 403138 430329 211127 178489 582807 187624 537316 279731 300677 166029 585752 352481 484039 590254 278111 219450 89326 428701 282769
