NAME : synthetic_000917
TYPE : CTSP-D
DIMENSION : 100
GROUPS : 8
RELAXATION_LEVEL : 1
EDGE_WEIGHT_TYPE : EXPLICIT
EDGE_WEIGHT_FORMAT : FULL_MATRIX
EDGE_WEIGHT_SECTION
999999999 763563 655407 489462 564702 128588 469696 355753 241486 750648 507221 656501 295940 581410 600041 140759 744977 244590 637211 716516 727495 299234 301489 502106 506841 57565 432879 527341 529798 544722 91057 300144 629209 316200 699502 843051 896725 536839 254864 339432 116322 581671 423470 193885 695856 159810 736709 436404 670150 207738 764514 137151 458568 540260 528146 147003 397363 759065 262728 734463 695646 925750 507991 440130 333113 194599 719387 410312 263747 705248 591849 519592 295115 223691 42923 516498 588829 404985 282237 568316 446873 586316 891483 197622 592707 203427 144457 479507 559479 357029 164680 161676 589612 620584 461458 530554 271403 383767 348175 546858
763563 999999999 734017 485034 282168 800584 610691 895074 851176 609867 831152 935527 954862 571333 197629 747312 594808 541852 272610 311881 111586 926808 564845 882320 256966 706682 333767 953966 961402 482521 832741 543979 487140 738737 816270 309382 288123 435694 594214 566811 679292 788848 342492 735352 129839 922579 572648 378756 403923 770979 60439 648761 347427 797215 235766 909982 555486 123168 708479 31854 583263 301772 617139 568255 704587 923259 971800 696436 582037 202268 226025 343142 631470 983854 720673 504044 342120 591152 726185 410271 347292 398095 316065 864727 845393 922238 664333 940036 548491 938678 699164 735870 457679 157721 347732 233874 1032047 1118439 495295 721951
655407 734017 999999999 284469 466765 563706 953333 434093 500015 198394 226811 231146 950851 165678 555929 521841 206720 497324 845489 446867 794119 528571 393032 283697 618497 622663 556637 346076 353344 926721 742090 750510 249342 351750 82613 545055 622809 310184 752824 350128 548631 118180 558574 468110 604322 730397 1117068 726849 966592 470262 686559 543225 468124 164938 607058 747299 299731 632173 395304 726626 179795 647013 168611 253004 902602 648553 247849 958389 425104 847110 522355 791423 366512 816447 637710 919303 393797 271728 380558 893583 696556 336903 591648 558765 166450 850816 705076 370336 981926 484584 757590 779573 276696 601809 721895 602204 849971 995927 401620 112031
489462 485034 284469 999999999 203108 448149 686045 447144 444214 279008 346716 454951 774703 129108 291370 391979 269765 266398 562533 269873 526393 507530 188197 399958 334940 440382 272751 472872 480513 646358 580279 492857 140292 294714 364160 399947 470274 61732 506657 154414 373259 309256 275227 351980 361742 613772 833625 445910 682132 376265 448593 354146 183764 312799 325387 618366 104267 406740 292344 470986 224090 499400 134940 90133 660979 565844 497281 706139 225747 570150 260005 507432 217523 696417 457616 641271 156047 124486 298018 610131 413880 118516 452200 482845 363453 692323 487534 464914 704140 497663 541227 570766 101044 336552 438957 320954 739524 869361 152246 241364
564702 282168 466765 203108 999999999 567296 602980 625058 596480 384500 548989 656315 813448 301108 89778 510439 370402 320798 392180 168187 327919 668516 306866 600549 182056 507930 173067 672586 680088 525290 648254 448329 235926 467873 549267 282367 332035 158086 482169 298307 459823 509842 181872 486437 162763 713826 689739 336853 525023 518943 249125 431963 106830 515792 159813 709170 277506 216042 446260 267969 343002 361052 336513 286515 628489 691737 695687 652523 332996 382105 57130 369923 366657 787465 524496 529845 82105 311398 460349 472797 297484 135619 328412 620826 565368 753122 508284 660512 590555 671781 556365 591795 194478 135710 317578 153608 834430 945126 238005 442316
128588 800584 563706 448149 567296 999999999 588945 227350 112930 684375 392418 537584 398098 516842 619684 57417 680931 258740 713910 701387 781443 175434 267828 380486 550615 144193 467696 400695 402806 649847 191668 403576 581525 212543 597985 831971 893389 503846 365746 294196 125999 477275 459539 100121 715196 170504 847445 514888 765155 94095 791910 156208 467536 432350 566923 183876 345942 776243 172143 773921 631414 922917 433715 380438 460088 124563 600477 536387 235942 772772 604802 601426 232423 256466 145301 624134 573353 341563 183379 664049 516656 558453 882789 77202 480703 291488 260233 352089 671996 229567 290214 290111 548652 648116 535468 567929 295470 435487 331426 452115
469696 610691 953333 686045 602980 588945 999999999 802753 697407 955864 892485 1043429 457443 814460 566048 572276 944119 465391 354280 764450 516135 764354 569843 909916 429879 445213 436079 955081 959447 145419 469271 208046 801949 705420 1022724 848944 865179 693804 227375 609593 490877 927317 429308 607410 629343 590669 280147 267328 287806 638200 648535 473786 527598 901371 457951 560371 654415 682725 645926 579898 904017 887373 784777 700413 167387 660036 1102437 107695 546308 442083 584514 268806 620056 601027 443886 114257 675615 686153 671991 214981 307317 711868 879955 664121 960582 490637 328756 913881 110764 815985 307511 323978 753024 549876 291075 464292 640684 654056 551723 869965
355753 895074 434093 447144 625058 227350 802753 999999999 115528 602300 215713 335362 608881 456608 699165 230792 603843 391132 869975 716628 902376 99278 332584 178722 671287 361561 584647 177907 178803 845132 412512 604862 547830 157206 440442 845515 917183 508836 575610 328604 312639 322903 579154 198719 786957 347545 1047010 682846 944544 165078 871816 333376 547843 273193 679220 375029 350523 840709 191045 873483 558309 946178 365996 358086 684342 246333 396153 759145 323759 913764 675218 768953 264040 425699 367006 823115 600301 322851 170052 847023 673913 565253 897784 172441 303073 498016 478207 127338 876252 53041 514173 516778 532227 737368 696708 678154 447777 597127 400650 328757
241486 851176 500015 444214 596480 112930 697407 115528 999999999 645482 303433 439634 496454 485390 660831 128402 644426 319746 794892 710999 845208 77527 290067 280810 612120 252629 525998 291961 293417 749869 297318 505507 564676 159514 521669 842169 909236 504626 471770 301310 214363 400339 519108 117288 753537 241512 949923 600540 857877 80502 835086 239855 506457 352121 624292 265925 340371 811496 152980 826865 596090 938724 395942 362815 572545 149213 501906 648398 269198 846545 641089 687497 232151 324370 256123 725845 586869 323598 146766 758145 596790 561435 894156 62174 393355 386280 369766 242137 776301 118579 402446 403041 539713 694622 617835 624238 352927 501393 359921 388655
750648 609867 198394 279008 384500 684375 955864 602300 645482 999999999 413085 427414 1043189 169321 463138 633550 15059 543432 776155 299813 689884 688815 453935 473044 562503 706828 524798 539923 547445 899702 841425 769233 154802 486574 258849 369833 445578 262062 785257 412835 635355 311404 530080 584278 482958 854868 1072889 702074 909464 597298 554961 621003 430912 352345 543100 865628 354388 494306 512964 609950 55624 466767 251452 310517 939653 787459 434944 982818 491531 757997 430558 749176 457753 940621 723612 899533 302396 346500 506621 853108 665690 252329 411207 697963 364019 953645 764487 558714 961949 654969 818325 846610 203388 505632 688903 537114 979540 1118758 430420 277506
507221 831152 226811 346716 548989 392418 892485 215713 303433 413085 999999999 152653 790505 298862 635473 366480 417759 431272 873139 593148 864790 314276 333890 60869 651184 490878 571205 133060 140925 901064 583235 684641 399844 194696 224759 712163 788604 401234 670810 303739 422278 109994 569145 314312 708422 544526 1102151 713155 973306 301028 795240 429111 504242 61945 649780 567231 286729 751686 254039 815836 378134 815873 221986 263926 805270 450973 214442 872443 349347 897240 605335 792117 273949 627799 502340 885783 498964 248068 229911 885266 692691 450402 762987 365508 89926 683005 595404 145631 945257 262846 642202 655366 401356 679554 717988 646737 655147 804189 380342 138491
656501 935527 231146 454951 656315 537584 1043429 335362 439634 427414 152653 999999999 934208 369871 745599 516168 436832 580054 1005362 667537 981331 432966 479449 158833 779508 642557 704020 174482 178603 1046900 729242 835412 467300 347026 175014 773128 850955 499908 822883 445392 574671 146681 703113 465086 808107 680203 1246666 855265 1112189 448989 893508 581763 628653 148542 774638 705538 418160 843755 406598 923825 410627 875926 320143 385381 957920 581177 62938 1024981 498213 1022033 713443 931389 423548 760416 653579 1032971 594365 379853 382224 1027367 832235 540181 820852 501367 91948 825040 747996 220732 1093205 371251 794513 807010 483477 791117 857790 770905 783116 932430 518615 214001
295940 954862 950851 774703 813448 398098 457443 608881 496454 1043189 790505 934208 999999999 874485 826847 430711 1036783 512881 757631 976643 890405 524720 589931 775927 707067 336361 654448 786787 787526 588791 209326 412696 914948 606387 992334 1095718 1139449 816163 360917 630381 408479 872894 644505 484919 917505 267773 731654 580598 734300 490686 971085 422359 707723 829321 733912 236282 688813 980607 556430 923354 987822 1167145 803443 733257 292812 372351 996916 353711 552089 841173 827468 641733 590542 215142 319610 555073 853535 699359 573901 642848 608299 860785 1140399 436561 878711 111226 305257 736065 568127 591192 259963 223339 872399 835342 611419 738195 231680 197402 625883 841506
581410 571333 165678 129108 301108 516842 814460 456608 485390 169321 298862 369871 874485 999999999 390383 465076 164509 380613 682102 299442 628648 535463 286525 358981 456247 538199 399930 431921 439786 774956 672141 618880 101328 325938 248160 413850 490780 144854 629476 244601 466322 225613 402995 416749 442192 687159 960431 574521 806022 431863 526139 452691 308353 247784 443328 697085 186234 474527 346583 562628 114910 517636 90932 141329 783155 623387 401286 831423 323730 681643 356867 633846 288588 772616 554877 770268 229564 177270 342473 737131 541798 173239 464339 534816 284283 784339 600280 438062 833141 509609 654106 681129 114323 436298 566655 438273 812295 950259 270929 164940
600041 197629 555929 291370 89778 619684 566048 699165 660831 463138 635473 745599 826847 390383 999999999 564320 448560 363455 315472 203803 238303 735206 371684 685595 136936 542484 172733 756869 764260 471573 677971 437196 320195 542357 638496 285358 315356 247857 478539 370564 503999 599251 182681 546901 96128 755137 621370 299936 452629 581408 174260 474373 154400 604125 108279 746781 357864 159031 514699 180388 425474 341920 425564 371822 614864 743960 785404 628280 392286 296162 33734 313541 436520 823637 558060 480980 165156 393687 531253 412107 260095 221614 322154 679189 654451 777232 523490 742429 538826 743839 566925 603510 281657 45962 274974 102057 871440 972369 301647 531614
140759 747312 521841 391979 510439 57417 572276 230792 128402 633550 366480 516168 430711 465076 564320 999999999 629525 206055 671501 643995 731804 202953 210467 363095 499772 132183 415623 393411 396582 621489 221385 377516 526589 176259 561646 774558 836034 447055 345494 237714 86038 442611 407800 54209 659556 223083 821749 474854 730315 69457 737136 112752 411512 400212 514909 232079 290615 720257 126545 721166 579932 865566 384333 326853 455870 181334 579001 529469 178593 726953 548727 561808 177984 307796 140049 597629 515940 288528 143212 630237 473424 501412 825373 118983 452077 328975 247782 347800 648650 245699 286447 293611 492725 593745 493513 515630 348886 485227 274131 411449
744977 594808 206720 269765 370402 680931 944119 603843 644426 15059 417759 436832 1036783 164509 448560 629525 999999999 535083 761850 284804 674935 689200 447086 478024 548878 700455 512253 545736 553315 886715 835866 758586 142385 485203 269892 356099 432124 250418 775344 406444 629396 317779 517670 580810 467918 851356 1059152 689433 895416 594702 539916 614452 418474 357511 529233 861564 348064 479293 509967 594912 49600 453635 249222 305047 929752 785406 445942 972159 484810 743252 416060 735766 453044 936940 717319 886843 288301 341711 504368 839654 652854 238857 398029 696148 371383 948166 756269 563304 949191 656647 810078 838724 191204 490924 675939 523220 976289 1114735 421644 281102
244590 541852 497324 266398 320798 258740 465391 391132 319746 543432 431272 580054 512881 380613 363455 206055 535083 999999999 479147 472538 526779 397247 105415 456192 294123 188733 209569 511142 516734 471364 330795 257900 405222 257110 561504 598488 652597 303571 255553 147374 140664 462147 201804 202749 459504 393685 673570 293693 556830 240020 534075 111613 215664 436271 308854 388372 199651 521663 204028 515341 487918 681732 330306 247584 406037 381929 638009 461328 81947 527127 351512 378773 157382 466709 205747 454841 345567 225715 229052 462378 282813 348205 646911 324580 495584 439463 221231 477645 513998 423765 275008 304414 360869 389905 305866 309605 513632 627374 114437 406508
637211 272610 845489 562533 392180 713910 354280 869975 794892 776155 873139 1005362 757631 682102 315472 671501 761850 479147 999999999 512432 166744 872104 549576 911792 227723 587240 302063 975353 981779 215427 683810 355100 627736 728080 926309 557764 553175 538002 409089 571664 588551 864769 304011 679794 334790 793398 311623 200983 139902 717015 322117 559393 379691 857254 238794 772471 588177 371364 680596 245344 735109 570265 693408 620364 478117 823746 1053842 451666 548884 88034 346615 119572 618601 836443 596477 241496 474077 626896 704272 142045 198170 527204 576160 788529 913767 751109 506886 948100 278671 902637 524675 558132 584255 277921 178445 243965 883205 940801 493619 797725
716516 311881 446867 269873 168187 701387 764450 716628 710999 299813 593148 667537 976643 299442 203803 643995 284804 472538 512432 999999999 400382 776563 433585 651483 335416 661237 340881 725194 733038 675165 803308 616352 200239 564485 526115 131290 200564 208174 650261 411690 605830 524864 349861 611124 189640 858243 822153 497123 651695 639196 255557 580350 269750 546011 308449 857206 371388 194493 558081 315156 279579 229571 371744 358572 796505 823625 693619 818833 466335 477344 180524 517192 479908 936033 678282 683709 128509 394340 566160 615783 457146 151424 183158 745093 583591 911055 672328 724631 742223 767436 721689 756567 191928 235016 474641 301978 981825 1099873 372370 463811
727495 111586 794119 526393 327919 781443 516135 902376 845208 689884 864790 981331 890405 628648 238303 731804 674935 526779 166744 400382 999999999 922381 570021 911533 233088 672541 319461 980678 987779 381283 788145 478012 554902 749725 876710 416481 399451 485936 530904 580357 656400 835532 326118 727936 210770 887237 461149 310164 293159 764811 168534 625773 362464 837664 223163 871011 580238 226988 711892 91211 657288 413355 661295 601389 625111 900316 1022697 608281 580352 90748 271782 256042 639405 941330 684817 405601 401555 618103 732361 308025 286678 458528 426523 850754 889730 869032 613769 961255 445349 942006 642091 677936 518884 192359 279726 224409 989271 1063634 503744 767685
299234 926808 528571 507530 668516 175434 764354 99278 77527 688815 314276 432966 524720 535463 735206 202953 689200 397247 872104 776563 922381 999999999 363608 277670 689298 319528 603048 268688 268081 822675 339511 577149 620801 214061 538723 907266 976038 568820 540855 371097 288810 420023 596262 194649 827071 258355 1021585 677094 933264 157593 909429 315495 581028 370374 701111 288517 405222 884176 222333 902881 642183 1005412 444652 422386 632311 154055 492879 709515 344870 924070 714547 764071 302108 331862 320543 797816 654583 384195 210753 833093 673960 625795 959457 101637 402209 413523 435609 217669 846774 66697 463546 459844 599656 769868 694815 700951 350883 499897 433663 420488
301489 564845 393032 188197 306866 267828 569843 332584 290067 453935 333890 479449 589931 286525 371684 210467 447086 105415 549576 433585 570021 363608 999999999 365244 340251 253923 254235 426225 432506 567703 392440 362895 327721 180664 456152 564306 626914 238837 360559 43384 185190 357499 249677 180155 463603 428422 768349 379829 641502 212078 545858 167639 217805 333633 346877 431269 100490 521451 143658 542139 398398 656476 227570 147562 509572 390321 536038 566448 37926 585488 351106 460605 69899 509700 270983 553536 305727 121399 162553 551715 361477 291847 615318 314916 393018 504660 315922 398743 613975 374197 369472 395189 288859 407326 386362 345673 553697 681408 70057 301112
502106 882320 283697 399958 600549 380486 909916 178722 280810 473044 60869 158833 775927 358981 685595 363095 478024 456192 911792 651483 911533 277670 365244 999999999 693216 492615 611043 73738 81568 927550 572054 703308 459696 204514 271545 771697 847878 456352 685067 340129 428316 165558 608225 314406 761370 521465 1129718 744618 1006730 294492 848257 439271 549428 120746 693678 546706 331322 806355 264271 865904 438853 875328 279757 314082 812956 423129 221164 882874 375312 940087 656296 825843 300091 602141 502403 910464 554050 293493 238408 916020 726659 506987 822710 342539 130022 666470 602396 86639 968599 219714 646375 656260 459556 728949 751597 690999 625954 775360 418288 199353
506841 256966 618497 334940 182056 550615 429879 671287 612120 562503 651184 779508 707067 456247 136936 499772 548878 294123 227723 335416 233088 689298 340251 693216 999999999 450174 86738 759651 766440 343520 576054 305810 409756 520864 698952 422074 447751 313546 350844 355209 426757 637759 93046 494851 214274 666141 510519 163116 350434 531724 264667 396067 152022 631947 29068 653086 364597 275737 480353 227622 517445 472946 465805 394129 480766 671293 826910 491612 348128 246995 154951 187941 410104 726903 463928 349424 262374 403364 501615 291230 123200 310228 457331 618570 687694 667673 409984 736521 409329 709780 448171 485058 363778 130679 139263 34981 775095 863977 277020 570483
57565 706682 622663 440382 507930 144193 445213 361561 252629 706828 490878 642557 336361 538199 542484 132183 700455 188733 587240 661237 672541 319528 253923 492615 450174 999999999 375475 525436 528692 507578 142385 261115 580608 296473 671803 787060 839959 485406 221621 294026 74050 556797 366103 178237 638291 215968 703857 386279 627419 201440 707099 86347 401589 518208 471112 204515 352453 701505 238739 677754 651464 868924 469134 397064 323696 237414 705022 397665 216011 652937 534442 470953 257214 281200 17327 481074 533989 363865 261371 525733 394317 533539 835187 220629 573099 252848 117154 479981 528006 371117 154420 164490 539601 563104 410099 473429 328956 438645 295510 516777
432879 333767 556637 272751 173067 467696 436079 584647 525998 524798 571205 704020 654448 399930 172733 415623 512253 209569 302063 340881 319461 603048 254235 611043 86738 375475 999999999 676224 682880 376580 507552 275507 369999 434896 634937 447219 485615 264859 311457 271445 345553 565144 9952 408799 266041 590620 560883 177370 411683 445538 331635 315000 94029 555675 99294 579863 286247 329644 393673 306405 475410 512974 396845 320156 455641 589732 753759 480102 261390 331427 174091 234789 324134 655515 390281 374861 240065 324917 415092 337409 142305 276445 488854 534065 612692 605027 350759 651743 437438 623046 394671 431130 321540 187937 166831 100256 703575 800556 193032 498898
527341 953966 346076 472872 672586 400695 955081 177907 291961 539923 133060 174482 786787 431921 756869 393411 545736 511142 975353 725194 980678 268688 426225 73738 759651 525436 676224 999999999 7869 981050 589188 750677 532862 254348 321422 845075 921378 529747 728371 404791 466686 228891 672890 349987 833887 524444 1183686 802979 1065981 324012 920764 481436 618230 189013 761338 552599 400760 879493 311318 936998 508297 948750 353483 386103 848823 421661 229185 921196 432178 1006641 728006 885769 358504 600405 533293 962403 627391 363612 285192 973250 787092 580645 895979 350315 182469 675897 639206 51129 1019133 203516 679822 686114 533270 799802 811660 758898 619014 767500 483204 270395
529798 961402 353344 480513 680088 402806 959447 178803 293417 547445 140925 178603 787526 439786 764260 396582 553315 516734 981779 733038 987779 268081 432506 81568 766440 528692 682880 7869 999999999 986331 590729 755344 540730 259774 327793 852943 929244 537469 732607 411474 470584 236316 679487 353780 841453 524546 1188990 808838 1071899 327254 928327 485712 625320 196730 768274 552981 407969 887160 316335 944357 515991 956617 361321 393627 852211 421437 232192 924826 438025 1013420 735459 891788 364577 599926 536339 967513 635100 370911 290243 978950 793186 588428 903847 351233 189340 676549 642795 51474 1024078 202470 683029 688934 541113 807135 817707 765862 617962 766251 489880 278203
544722 482521 926721 646358 525290 649847 145419 845132 749869 899702 901064 1046900 588791 774956 471573 621489 886715 471364 215427 675165 381283 822675 567703 927550 343520 507578 376580 981050 986331 999999999 565119 246479 745104 726751 1001937 744440 751448 641347 290091 601964 535729 918829 372561 646423 520012 684705 202694 200452 145863 681036 526196 512296 470403 899950 368226 657649 636950 567423 670326 453077 851438 771382 761266 678973 296392 739320 1102408 250878 552634 301702 495623 158043 628199 708778 510984 33748 604278 672770 696286 73385 234417 648406 770119 727017 959151 606639 400649 944856 67979 866656 397164 422885 697146 446746 210803 374697 751917 782380 532678 856346
91057 832741 742090 580279 648254 191668 469271 412512 297318 841425 583235 729242 209326 672141 677971 221385 835866 330795 683810 803308 788145 339511 392440 572054 576054 142385 507552 589188 590729 565119 999999999 332182 720138 397194 783018 928501 980024 626948 280218 430485 207340 663714 497838 275593 773011 121419 746141 486148 699830 282441 837966 226908 541543 620511 599318 92544 488382 836539 347241 802738 786497 1008809 597659 530924 314045 202384 792141 392532 354646 757573 672122 564382 385062 153445 125177 534238 676270 495446 364580 599075 502601 675695 976198 241956 670739 112378 177001 539450 569069 403388 167960 145403 680243 695306 513806 602315 201179 296962 437544 632377
300144 543979 750510 492857 448329 403576 208046 604862 505507 769233 684641 835412 412696 618880 437196 377516 758586 257900 355100 616352 478012 577149 362895 703308 305810 261115 275507 750677 755344 246479 332182 999999999 618488 499048 817738 720098 752086 509573 54060 403501 292678 720046 266494 406829 520079 447282 444518 167941 370624 439834 564522 271879 355430 693444 334382 423201 450788 581294 440054 512266 715511 777939 582007 497709 180161 494424 894394 213585 338399 433909 445926 235777 412010 483140 264920 220678 509758 480919 466206 268946 196688 536649 759153 480697 752618 396281 158318 711094 271434 623213 169606 203251 569930 436488 198723 339592 529276 587931 350448 663772
629209 487140 249342 140292 235926 581525 801949 547830 564676 154802 399844 467300 914948 101328 320195 526589 142385 405222 627736 200239 554902 620801 327721 459696 409756 580608 369999 532862 540730 745104 720138 618488 999999999 407438 330550 312539 389459 108959 637491 291446 512908 325224 375326 483018 357323 749493 920225 547275 758665 503452 437962 494330 276140 349072 391710 755680 236043 382864 417734 481924 107754 416321 184484 202990 791737 695263 494300 831879 365492 616266 286643 595456 349102 833201 597825 744739 155213 242551 418416 699479 510973 100535 363154 609196 383965 832296 625719 537511 807176 600466 679182 709522 48935 364856 534304 385918 875357 1007627 290790 266142
316200 738737 351750 294714 467873 212543 705420 157206 159514 486574 194696 347026 606387 325938 542357 176259 485203 257110 728080 564485 749725 214061 180664 204514 520864 296473 434896 254348 259774 726751 397194 499048 407438 999999999 386267 694639 764655 356331 480697 171926 227646 266521 430241 122373 629760 378789 929363 550031 813270 118649 714710 235824 392021 224074 526800 395679 194753 683602 60097 717702 436706 793881 236456 208397 611398 301881 409116 679823 179893 766060 518092 633915 110772 464952 308392 708419 445231 170598 35215 719475 536053 413223 746902 211884 277137 502558 401152 221055 765694 204799 447528 460900 385603 581124 560138 525333 499701 644522 246129 239878
699502 816270 82613 364160 549267 597985 1022724 440442 521669 258849 224759 175014 992334 248160 638496 561646 269892 561504 926309 526115 876710 538723 456152 271545 698952 671803 634937 321422 327793 1001937 783018 817738 330550 386267 999999999 619227 696639 392377 816583 414456 598390 121505 636429 507440 686514 759400 1194296 802808 1045888 503917 768330 596430 547891 169724 688218 779234 368585 713324 436782 809123 252186 719841 240688 323863 963689 670750 176099 1022493 485445 929230 604937 869514 420726 844399 685896 993308 476376 336831 418438 970997 773628 419457 664238 582768 141713 888781 761534 355345 1055677 487229 812921 832515 359201 684388 799105 683466 874578 1022702 472455 156651
843051 309382 545055 399947 282367 831971 848944 845515 842169 369833 712163 773128 1095718 413850 285358 774558 356099 598488 557764 131290 416481 907266 564306 771697 422074 787060 447219 845075 852943 744440 928501 720098 312539 694639 619227 999999999 77831 338469 758546 542964 734045 635342 456857 742295 225047 987279 868562 584572 696819 770482 249258 707809 388779 661445 393172 985254 502278 189678 689288 325270 367056 103789 493441 487594 899020 954539 792603 913620 596491 503991 274203 588124 611194 1063994 803921 757892 258618 524167 697075 678692 544953 281502 52286 876348 693832 1034675 790490 847748 812411 896753 838011 873696 315382 299487 558453 387100 1110187 1225438 501890 578418
896725 288123 622809 470274 332035 893389 865179 917183 909236 445578 788604 850955 1139449 490780 315356 836034 432124 652597 553175 200564 399451 976038 626914 847878 447751 839959 485615 921378 929244 751448 980024 752086 389459 764655 696639 77831 999999999 408543 793893 608483 790702 712938 495509 806364 236369 1044699 859494 606464 689223 835849 232097 763388 438521 738520 418750 1040879 570880 184027 756271 310264 444539 29565 568951 559136 928490 1016932 870279 936896 657448 489760 311987 598885 677342 1119301 856501 767996 322520 594760 765371 682548 567907 351941 38008 940964 771471 1083840 834631 923037 819185 967922 880045 916326 389893 318538 578392 413193 1166111 1276741 562018 655545
536839 435694 310184 61732 158086 503846 693804 508836 504626 262062 401234 499908 816163 144854 247857 447055 250418 303571 538002 208174 485936 568820 238837 456352 313546 485406 264859 529747 537469 641347 626948 509573 108959 356331 392377 338469 408543 999999999 529275 209840 421529 353232 269443 409451 309275 667123 821466 442086 663960 435183 395596 400041 170944 362678 299248 670001 164258 350457 352197 424134 210984 437678 182130 151292 683364 623305 537905 722932 275085 536927 214839 495130 275763 748505 502731 639482 97752 186217 358872 599041 406939 56975 390691 541682 409720 738236 521896 523937 702163 559395 574930 606320 60410 293795 430973 294039 792510 919191 190454 286261
254864 594214 752824 506657 482169 365746 227375 575610 471770 785257 670810 822883 360917 629476 478539 345494 775344 255553 409089 650261 530904 540855 360559 685067 350844 221621 311457 728371 732607 290091 280218 54060 637491 480697 816583 758546 793893 529275 999999999 402915 263505 714046 301941 380071 564457 397065 482837 220762 420159 410895 612536 246945 384197 684325 378828 371909 454162 626500 420799 562629 730668 820340 585374 501895 154408 449401 883102 205911 331890 487919 484681 289819 402248 430143 222910 261637 538496 481268 446685 319028 247382 560868 799255 442225 742961 342221 110571 686685 306463 590238 115787 149192 589610 481115 251234 383684 475982 534098 358617 660913
339432 566811 350128 154414 298307 294196 609593 328604 301310 412835 303739 445392 630381 244601 370564 237714 406444 147374 571664 411690 580357 371097 43384 340129 355209 294026 271445 404791 411474 601964 430485 403501 291446 171926 414456 542964 608483 209840 402915 999999999 223331 318831 268275 199973 459040 459380 801280 410233 669579 227564 543402 208190 220387 297994 358456 464450 58453 514342 148933 545916 357441 638014 184213 104580 552585 413612 500447 608700 79291 602090 346924 488391 69200 542278 310874 589173 285963 78404 162043 582428 388964 265156 594619 333428 357190 542859 359213 381593 650262 373946 412711 438098 255375 409214 414292 356503 585160 716182 78414 260399
116322 679292 548631 373259 459823 125999 490877 312639 214363 635355 422278 574671 408479 466322 503999 86038 629396 140664 588551 605830 656400 288810 185190 428316 426757 74050 345553 466686 470584 535729 207340 292678 512908 227646 598390 734045 790702 421529 263505 223331 999999999 484249 336988 116921 600085 254047 736384 390466 644514 147609 673812 30693 355802 446758 444315 251375 281458 662320 168421 651869 580182 819998 395596 325002 384660 244541 636720 455094 147512 646774 492097 477295 183287 330205 89610 512241 477511 290900 192449 544287 390958 472013 783428 200032 502537 319660 174098 423761 564088 330998 219950 235184 473592 529430 410186 445699 376147 497746 234571 443043
581671 788848 118180 309256 509842 477275 927317 322903 400339 311404 109994 146681 872894 225613 599251 442611 317779 462147 864769 524864 835532 420023 357499 165558 637759 556797 565144 228891 236316 918829 663714 720046 325224 266521 121505 635342 712938 353232 714046 318831 484249 999999999 564999 388503 661528 637926 1115979 723232 975870 383316 747069 484849 486070 49712 631474 657962 282696 697917 319326 777206 282935 738876 174324 244991 857259 549491 189157 919352 382504 878183 566961 796073 312615 722895 570240 907257 447834 246095 299592 894469 697690 394003 684478 461315 58745 768459 651528 252192 968696 371647 701683 719338 338100 644860 723339 627506 753195 901227 386340 67907
423470 342492 558574 275227 181872 459539 429308 579154 519108 530080 569145 703113 644505 402995 182681 407800 517670 201804 304011 349861 326118 596262 249677 608225 93046 366103 9952 672890 679487 372561 497838 266494 375326 430241 636429 456857 495509 269443 301941 268275 336988 564999 999999999 401852 275906 581385 558562 172694 411144 438696 341075 306394 99198 554666 107416 570436 285045 339507 388119 314881 480262 522889 397690 320049 446652 581306 753373 471916 255589 335822 183911 233090 319545 645977 380831 370039 247560 323597 409846 335052 138803 282722 498636 526382 611956 595143 340810 647784 432734 617055 384738 421190 326715 197550 163746 108716 694052 790703 189952 499044
193885 735352 468110 351980 486437 100121 607410 198719 117288 584278 314312 465086 484919 416749 546901 54209 580810 202749 679794 611124 727936 194649 180155 314406 494851 178237 408799 349987 353780 646423 275593 406829 483018 122373 507440 742295 806364 409451 380071 199973 116921 388503 401852 999999999 640684 270591 848305 487867 747893 37310 720962 134968 392599 346443 507255 282564 248520 699806 73203 710599 531296 835927 333803 281061 499643 213919 527756 571294 154678 729831 528598 574585 134598 356418 188567 624459 484295 241945 89012 649487 482022 465089 793719 134780 398936 382819 289461 306847 678018 223903 332059 342276 451687 579408 503732 507296 395546 535106 248456 357463
695856 129839 604322 361742 162763 715196 629343 786957 753537 482958 708422 808107 917505 442192 96128 659556 467918 459504 334790 189640 210770 827071 463603 761370 214274 638291 266041 833887 841453 520012 773011 520079 357323 629760 686514 225047 236369 309275 564457 459040 600085 661528 275906 640684 999999999 851227 646380 370340 474556 674651 86887 570491 248372 671890 185780 842677 440267 63602 605502 126996 454380 260098 491376 447936 694240 839581 843141 700688 486020 290052 112525 364794 526465 919366 653757 534546 213778 473982 620839 453689 332126 269040 250996 773678 718604 871035 615831 822909 587987 832982 657630 694405 328247 83604 342057 180787 967224 1066594 393634 595133
159810 922579 730397 613772 713826 170504 590669 347545 241512 854868 544526 680203 267773 687159 755137 223083 851356 393685 793398 858243 887237 258355 428422 521465 666141 215968 590620 524444 524546 684705 121419 447282 749493 378789 759400 987279 1044699 667123 397065 459380 254047 637926 581385 270591 851227 999999999 867423 593322 817190 260916 921974 282096 609335 590878 686923 34161 513453 914027 342454 893713 801819 1074014 604184 549832 433976 104777 742053 512148 393202 863493 744892 674765 401059 86289 202646 654280 729739 511289 352112 715862 605611 720150 1037003 179351 634373 157352 289205 473357 690229 325048 287996 266818 714756 777692 619315 689140 125865 265845 485895 618403
736709 572648 1117068 833625 689739 847445 280147 1047010 949923 1072889 1102151 1246666 731654 960431 621370 821749 1059152 673570 311623 822153 461149 1021585 768349 1129718 510519 703857 560883 1183686 1188990 202694 746141 444518 920225 929363 1194296 868562 859494 821466 482837 801280 736384 1115979 558562 848305 646380 867423 999999999 392801 171853 882537 627416 713787 652248 1099065 530110 838081 833336 680597 873019 549230 1027856 874351 954316 873608 446821 930462 1301209 378196 754533 370404 650385 326628 830015 880979 705738 224143 771479 870044 898976 223512 420672 820712 884610 924354 1158047 770661 592397 1147539 177590 1067339 580516 600882 873859 587141 395231 536220 920830 929051 729790 1052232
436404 378756 726849 445910 336853 514888 267328 682846 600540 702074 713155 855265 580598 574521 299936 474854 689433 293693 200983 497123 310164 677094 379829 744618 163116 386279 177370 802979 808838 200452 486148 167941 547275 550031 802808 584572 606464 442086 220762 410233 390466 723232 172694 487867 370340 593322 392801 999999999 263247 524651 404096 362145 271393 707210 191664 573332 440557 428154 497704 346913 652767 630426 562341 480992 327590 622997 908984 330444 370812 271434 317287 86978 444946 639442 395518 197494 412048 477423 522724 172197 40021 452523 618270 590369 765974 560624 309344 770978 260089 711764 333117 368482 498887 288067 31091 197883 686770 754220 337264 659451
670150 403923 966592 682132 525023 765155 287806 944544 857877 909464 973306 1112189 734300 806022 452629 730315 895416 556830 139902 651695 293159 933264 641502 1006730 350434 627419 411683 1065981 1071899 145863 699830 370624 758665 813270 1045888 696819 689223 663960 420159 669579 644514 975870 411144 747893 474556 817190 171853 263247 999999999 784164 457192 618033 498521 963666 366957 791896 694400 509230 760762 379219 866401 704927 808524 731068 442174 863643 1163785 394991 633910 202958 482691 181189 707658 847055 633224 179592 607116 732430 785882 101840 280616 658372 713596 842030 1021668 748483 528855 1034225 185432 971492 532620 561013 713588 416795 255358 372761 891331 927127 593962 910154
207738 770979 470262 376265 518943 94095 638200 165078 80502 597298 301028 448989 490686 431863 581408 69457 594702 240020 717015 639196 764811 157593 212078 294492 531724 201440 445538 324012 327254 681036 282441 439834 503452 118649 503917 770482 835849 435183 410895 227564 147609 383316 438696 37310 674651 260916 882537 524651 784164 999999999 755609 168767 427011 338796 543792 277058 272049 733208 85850 746515 545460 865395 345858 300493 525008 192081 511910 598149 189269 767123 562343 611438 159535 347196 209496 658503 513374 260951 91395 685422 519184 491452 822175 106580 388301 385183 316170 278772 711252 187339 355810 362941 474571 614648 540791 543737 383428 526759 281416 358478
764514 60439 686559 448593 249125 791910 648535 871816 835086 554961 795240 893508 971085 526139 174260 737136 539916 534075 322117 255557 168534 909429 545858 848257 264667 707099 331635 920764 928327 526196 837966 564522 437962 714710 768330 249258 232097 395596 612536 543402 673812 747069 341075 720962 86887 921974 627416 404096 457192 755609 999999999 643692 328635 758273 239314 911497 526442 63245 688648 78224 530759 248179 577724 534782 731686 915796 927413 729287 566422 258114 196626 379731 610121 986975 721903 545476 299299 560515 704750 455355 369316 353553 258080 852794 804409 931884 674463 909568 593231 917209 712703 749584 411856 144442 373697 235911 1035075 1128129 475805 680994
137151 648761 543225 354146 431963 156208 473786 333376 239855 621003 429111 581763 422359 452691 474373 112752 614452 111613 559393 580350 625773 315495 167639 439271 396067 86347 315000 481436 485712 512296 226908 271879 494330 235824 596430 707809 763388 400041 246945 208190 30693 484849 306394 134968 570491 282096 713787 362145 618033 168767 643692 999999999 327239 449585 413692 277608 266642 632899 175741 621269 565567 792609 385950 311854 376196 275228 643218 444001 129753 616738 463060 449084 176761 356243 103509 489791 452331 279775 201121 518341 361540 449177 756822 229230 506557 338454 167161 440206 543057 354844 216866 236492 453623 499275 381176 415110 402770 520788 211025 440158
458568 347427 468124 183764 106830 467536 527598 547843 506457 430912 504242 628653 707723 308353 154400 411512 418474 215664 379691 269750 362464 581028 217805 549428 152022 401589 94029 618230 625320 470403 541543 355430 276140 392021 547891 388779 438521 170944 384197 220387 355802 486070 99198 392599 248372 609335 652248 271393 498521 427011 328635 327239 999999999 481759 146152 603674 218171 308750 361269 325711 381381 467396 313786 243578 534485 592067 675220 565529 237941 393912 137266 325620 284058 681733 418046 468880 154523 256437 378759 429179 235997 184389 435221 525313 536736 646306 402890 599287 531467 591264 451948 486923 227580 189733 260111 142736 728916 838365 147972 418647
540260 797215 164938 312799 515792 432350 901371 273193 352121 352345 61945 148542 829321 247784 604125 400212 357511 436271 857254 546011 837664 370374 333633 120746 631947 518208 555675 189013 196730 899950 620511 693444 349072 224074 169724 661445 738520 362678 684325 297994 446758 49712 554666 346443 671890 590878 1099065 707210 963666 338796 758273 449585 481759 999999999 627902 611663 269656 711854 279554 783745 319306 765229 180551 238182 824449 501107 202526 888595 355064 875597 572773 782909 282185 675467 531008 886791 459554 231312 258209 879221 683802 408179 711601 413450 59388 723827 616735 206898 947507 322072 665779 681844 355608 649140 709373 624351 705046 853387 370266 83068
528146 235766 607058 325387 159813 566923 457951 679220 624292 543100 649780 774638 733912 443328 108279 514909 529233 308854 238794 308449 223163 701111 346877 693678 29068 471112 99294 761338 768274 368226 599318 334382 391710 526800 688218 393172 418750 299248 378828 358456 444315 631474 107416 507255 185780 686923 530110 191664 366957 543792 239314 413692 146152 627902 999999999 674807 363166 247697 488832 207635 499450 444032 458261 389721 509743 688697 820535 520594 357701 247780 127983 211232 416343 749345 485302 375435 241372 401730 509199 313312 151865 291472 428266 633297 682700 692578 435286 739988 434638 719141 474594 511472 346851 102298 166964 6485 797516 888816 281135 563837
147003 909982 747299 618366 709170 183876 560371 375029 265925 865628 567231 705538 236282 697085 746781 232079 861564 388372 772471 857206 871011 288517 431269 546706 653086 204515 579863 552599 552981 657649 92544 423201 755680 395679 779234 985254 1040879 670001 371909 464450 251375 657962 570436 282564 842677 34161 838081 573332 791896 277058 911497 277608 603674 611663 674807 999999999 519924 905812 355476 880661 811967 1070055 616066 558178 402061 136403 767724 479988 395006 844328 737981 653365 409187 78844 189622 626781 728872 520260 367232 690930 587435 721941 1034405 204255 656835 125220 266147 501626 661212 355076 260485 237213 719397 767587 600096 677308 125262 253173 485591 635535
