NAME : synthetic_000308
TYPE : CTSP-D
DIMENSION : 100
GROUPS : 8
RELAXATION_LEVEL : 1
EDGE_WEIGHT_TYPE : EXPLICIT
EDGE_WEIGHT_FORMAT : FULL_MATRIX
EDGE_WEIGHT_SECTION
999999999 661300 433312 582439 304328 856596 404946 471760 479900 277177 496622 440092 634195 343137 277735 369446 631062 790978 373162 411837 47665 497065 469934 74619 394071 605507 738292 363318 108314 586620 172626 780709 192116 716152 813953 643956 442551 227326 337131 659260 137045 268226 380190 554621 523470 183801 673528 725200 483323 487026 39711 577100 637849 862459 203248 446020 752460 353699 219475 178292 127951 145857 503317 345648 442070 445635 492505 559496 796897 634973 576607 898717 763325 336840 227234 323907 514580 843249 281900 741411 820672 487292 557941 567092 114492 334359 408705 213166 516263 470313 522257 369871 476207 443254 308883 860450 161209 408651 296033 163613
661300 999999999 582436 89392 569843 269932 483552 280839 181869 386587 795424 726223 232800 353046 643874 841651 36222 246390 374212 250945 706522 405445 998614 684643 556114 69980 77864 315854 553370 230307 784477 403292 615565 367007 488363 693817 466210 505476 324512 560920 528624 531440 497848 468828 252700 743658 280911 197960 340983 198055 700130 703734 521053 201259 820722 222717 506710 721727 862319 684795 541149 516060 157986 444867 318986 548071 375203 369075 505319 409371 331115 620397 486662 548633 698582 348254 299244 184040 548021 670180 188927 403719 278073 506927 773572 562982 430667 496504 452063 666216 840562 669871 287366 236904 451113 250506 820525 529345 365294 691923
433312 582436 999999999 552696 640279 636027 672994 302068 449817 352467 888558 820287 407382 496539 658035 796869 572700 561749 561355 442412 444756 702370 902907 384297 706319 512747 650364 473583 382820 667519 603834 900655 244441 841269 967227 957506 694020 235696 404685 906136 354630 583505 660768 181292 333076 343998 764196 746796 244148 527047 446842 913909 871356 751170 630788 399761 939955 186182 629059 594488 425949 370548 473429 592257 590463 38670 215621 256196 966405 810175 296047 1086407 936118 655051 640133 447513 289693 747024 607364 1013564 652072 188374 673579 813529 517165 661388 641825 261926 163239 85045 258999 122650 295103 502189 195453 658949 550872 703186 381054 584752
582439 89392 552696 999999999 480471 352968 396288 254622 113258 312764 708334 638502 262580 264894 554526 752282 53539 319498 284860 170775 628565 324581 909355 610905 468429 83141 159430 229199 475517 165360 699266 374102 553588 326724 454226 618437 380925 443903 245832 494066 452999 442234 409678 464739 242770 677254 239679 194474 323152 108787 621736 622910 453742 283170 735397 162369 458214 675029 778639 597330 459485 438735 86869 355586 231202 521462 360423 370489 465399 348014 338250 584928 442376 459547 610003 263633 288898 261701 458663 606084 277314 387765 205811 431846 693158 473868 343211 431592 441192 637693 806306 627760 263563 148772 399737 336906 739931 442275 288227 604984
304328 569843 640279 480471 999999999 823951 126992 518567 424096 314054 260733 187704 653618 228925 79827 273339 533778 775766 195655 351217 342083 241744 432192 376769 90794 541227 634186 272082 274226 400065 297453 532482 447674 472669 545331 341696 166799 405586 310045 361941 293280 57928 99924 692663 558371 486035 459068 547663 567358 372314 332728 281510 346208 751685 326185 422391 472398 626452 385693 176098 224558 273814 435126 125597 257999 635863 594502 651913 521884 372829 649122 611317 489185 37794 158272 259382 575412 725147 33378 437619 756905 604212 353679 275317 357407 30559 161592 378871 652887 703259 798746 622250 527949 337627 454466 813447 391356 111062 299922 193273
856596 269932 636027 352968 823951 999999999 748544 392939 403279 583785 1060389 989763 236891 597366 893294 1090274 304464 74352 631004 478963 896822 675206 1243427 861089 820050 282978 241032 555574 750093 498316 1002495 634652 758974 613183 721294 962868 733887 657253 540657 825838 719593 779541 760610 467990 341713 893070 533213 425727 412062 455130 892260 973613 786563 220045 1038633 419978 756081 811438 1071578 916725 751600 713181 389325 701943 583390 597368 427856 379864 744871 672241 340324 850027 732013 806834 938007 579159 367452 241990 798775 932208 99236 451604 547439 776187 971028 820863 695388 658484 474307 706838 884462 750093 391639 486517 582075 40037 1017443 794631 573188 920680
404946 483552 672994 396288 126992 748544 999999999 493728 366374 322776 312046 242860 606215 191798 204162 384391 447479 708594 131313 303966 447730 115718 543356 472059 73168 467652 540020 230695 347295 288159 422786 405495 515534 345835 420639 285210 40255 449378 290025 256370 355834 138259 27356 692185 524574 578051 336599 432576 553279 294698 438350 253522 232958 651388 452499 379491 351238 692247 511297 301090 298905 333834 370335 80743 165179 661411 585586 634735 398926 246197 623845 494800 365772 90358 285205 237920 550932 623208 131420 349912 672462 600761 238162 162520 474310 102796 53158 422741 654251 745024 861948 677305 504191 270617 478351 733161 511503 46120 298128 317393
471760 280839 302068 254622 518567 392939 493728 999999999 165895 217787 778111 704549 162621 302992 570336 755387 270782 323168 362927 195489 508972 478347 896724 469601 550819 210949 351136 263046 369516 390275 629296 619213 367281 564816 693441 768431 499327 264323 209361 679248 336803 463424 492936 219367 52010 501234 481683 448908 71136 255783 505232 747004 640396 459537 664462 125260 681025 445964 690455 561755 381785 334718 184279 421048 359041 268764 109142 142355 698606 556254 131143 819918 671343 515788 593073 261776 57438 451681 487022 792590 378266 134763 409429 596386 585080 527277 447439 266546 190268 386405 559750 391259 10935 247562 190680 403700 630615 535487 221567 561447
479900 181869 449817 113258 424096 403279 366374 165895 999999999 204742 671386 598707 240425 195441 490834 687253 154058 351820 238160 75853 524840 326917 840174 503016 432874 127788 259475 152838 371789 224647 608772 455306 440579 399542 527994 623691 362497 330760 144458 521412 346757 377181 372615 385131 174525 565400 317744 300247 236997 91590 518555 612955 481761 383098 645108 50847 515543 563423 684076 515691 361752 334396 26390 306865 211212 421102 274962 301409 532726 392090 278247 654043 505479 410791 535079 176512 213775 365362 397283 635258 348280 299796 244402 443971 592719 424252 314939 319007 355855 534739 699207 517868 176426 96751 287744 397442 639717 411618 183933 520907
277177 386587 352467 312764 314054 583785 322776 217787 204742 999999999 574450 501713 372853 145705 356902 537999 358204 521333 209448 144345 321039 352440 679149 298522 364160 328644 464215 131864 168918 358632 419351 583424 252903 519801 638523 607986 341831 151907 72500 554656 142197 256539 313235 379010 265372 367448 455493 477913 256155 231651 315130 570519 520853 587756 455318 168847 599733 405905 488138 344377 168438 131386 229413 242328 247539 338919 281107 340877 632119 469936 343176 748890 600079 319149 375337 98020 271225 570034 281023 661196 543766 290159 348247 461386 391164 328413 289420 131169 339482 428527 564515 375763 225432 191546 157014 585310 438113 356525 32341 344837
496622 795424 888558 708334 260733 1060389 312046 778111 671386 574450 999999999 73592 907431 481069 230784 198304 759407 1018843 433477 602579 517510 402601 312010 570109 240434 778750 849909 524103 508182 589933 393886 636433 674021 592463 612535 255886 331218 653028 568880 382810 534268 317922 300316 952330 816250 675701 615226 725190 828049 605735 509600 174691 395145 957316 401001 676417 525869 847442 458784 319162 462821 518035 678349 364775 477185 887894 855182 912555 579044 483951 909004 624255 553535 263193 270563 517048 835212 928155 293489 388519 984272 864510 537734 348641 494353 251067 365141 627241 912387 944642 1017998 854461 787696 578309 709821 1045201 507064 266108 560607 335593
440092 726223 820287 638502 187704 989763 242860 704549 598707 501713 73592 999999999 834164 407693 165817 196204 690097 947086 361147 529393 465293 340220 336990 514474 170114 707574 782612 450785 442396 525872 356870 590940 611187 542635 575570 249574 265544 584592 495298 350926 467023 245226 229153 880056 742670 622134 557949 664655 754785 534720 456888 167016 356413 892262 369975 603049 490522 786768 430627 266506 395674 449924 606187 291885 407351 818450 782187 839236 543975 433729 835465 601858 516092 189678 219982 443456 761668 863533 220701 377791 915150 791861 474109 301404 450889 177478 295566 558483 840193 878507 958307 790749 714150 506251 639136 975379 469268 197589 487366 284260
634195 232800 407382 262580 653618 236891 606215 162621 240425 372853 907431 834164 999999999 426560 713267 904308 245077 164065 476522 304914 671592 563810 1050230 631581 671161 182690 275884 383393 531013 426997 789706 630465 523626 587508 713370 861660 602892 424756 347059 749895 498696 601971 611128 256423 110739 657601 500096 430176 175286 323789 667844 853276 709617 353685 825176 231378 720782 577093 852568 716443 540250 495544 241201 542993 450903 369157 193742 157270 726624 608655 115319 844986 704514 644724 744479 394898 130631 355635 624171 863236 245192 219457 462601 678879 747664 657528 555192 428586 251801 483695 662634 516832 159175 337138 347154 254248 793235 651078 370101 717551
343137 353046 496539 264894 228925 597366 191798 302992 195441 145705 481069 407693 426560 999999999 295928 493131 318122 547261 65477 122445 390800 206743 647881 389488 248255 316140 423891 43293 246980 243831 438128 452104 382753 387351 500150 473165 202970 292710 98810 409620 237203 182175 189949 501187 336842 479056 333941 382917 361491 157464 382650 445275 375320 546512 473863 195356 456315 546867 520652 332653 215191 216730 208094 118395 107693 480556 393895 443247 491106 327291 433775 605965 458475 218165 345651 49184 360384 523020 201860 517549 535440 409616 219716 317239 445419 231017 149790 268773 463743 573883 708797 520219 313286 116188 301545 589038 490858 232565 115580 340901
277735 643874 658035 554526 79827 893294 204162 570336 490834 356902 230784 165817 713267 295928 999999999 197855 608026 842327 271053 416110 307469 319781 355205 352351 152551 611653 710040 338015 277513 479672 231747 608383 445375 549694 616684 373591 242928 422737 366339 420826 303553 113753 177829 729231 613435 461278 538545 627385 613058 445832 298574 301688 410154 828758 256729 483836 540531 621142 317961 116627 232129 287716 503999 202916 336167 658222 637103 697772 591415 447670 698956 674559 559347 113934 84851 319121 625974 802644 95884 483764 829540 643790 433497 340824 306878 101504 241359 397224 689046 713985 792876 625082 579036 408969 482399 884519 334797 179756 348794 135369
369446 841651 796869 752282 273339 1090274 384391 755387 687253 537999 198304 196204 904308 493131 197855 999999999 805758 1037967 468224 611992 375041 497539 159390 435009 316921 809175 907227 534701 419664 670206 224139 771760 560859 718389 764665 443119 418427 570808 557805 544716 451933 311201 361322 894406 801123 529705 719989 816387 791268 643634 369130 359854 546588 1025024 220015 677445 681371 719882 271318 204105 386475 442441 701189 398864 531195 804331 811389 875057 734599 611034 880678 797437 705316 300436 163896 513283 809205 998424 293639 573228 1027376 814288 621680 485788 331049 286125 429515 548557 854341 839202 883600 739280 763325 606773 642229 1082083 332004 347938 535239 212255
631062 36222 572700 53539 533778 304464 447479 270782 154058 358204 759407 690097 245077 318122 608026 805758 999999999 277030 338130 219494 676719 370773 962886 656710 519984 65520 107671 281712 523508 199323 751242 385602 592605 345086 469228 660932 430513 482482 293931 530600 499718 495773 461656 469103 248799 718962 257964 187639 334910 162326 670125 669251 490528 231991 787434 198593 482477 705304 829869 650328 509551 486394 128806 408729 282817 539510 370626 371023 484134 380502 335098 601140 463854 512433 663422 315118 295791 212235 512155 640898 225071 398852 245397 473982 742668 526787 394557 472101 449513 657172 829442 655261 278354 201936 432149 286148 789552 493309 335496 657755
790978 246390 561749 319498 775766 74352 708594 323168 351820 521333 1018843 947086 164065 547261 842327 1037967 277030 999999999 586182 426228 830141 643999 1188953 792580 778599 241487 239787 504556 685512 476122 940684 636233 687454 607619 722865 937296 697302 587220 483156 807176 654282 728813 718544 394863 271408 821489 523738 425245 338700 413941 825901 942075 767225 256291 976631 362089 749436 737168 1007530 859122 689732 649018 341352 656468 544525 523096 353698 305629 743460 655729 265977 853801 727544 761148 882745 524835 294651 271546 749096 916556 126574 377291 522267 750420 905173 774876 655601 589595 400254 633009 810900 675762 321118 440932 510754 101005 951293 754667 513117 862114
373162 374212 561355 284860 195655 631004 131313 362927 238160 209448 433477 361147 476522 65477 271053 468224 338130 586182 999999999 172892 420336 144527 626244 427546 194814 348055 439047 100080 287397 222436 444246 408720 436582 343894 449284 408737 138246 352509 163594 345210 283805 161773 134644 565340 393264 523622 301955 369159 423901 177056 411589 384106 311749 557908 478683 248363 399421 605227 530351 329961 247983 262071 245054 71044 72252 545852 457167 504434 437285 272575 492710 549236 404112 175850 333607 114580 419992 532152 175383 452356 561619 473712 186609 252179 466659 189948 85273 327554 528255 637973 769478 581342 373476 145255 366094 619036 510145 174957 180329 341322
411837 250945 442412 170775 351217 478963 303966 195489 75853 144345 602579 529393 304914 122445 416110 611992 219494 426228 172892 999999999 457828 283226 764465 440849 366708 202563 327043 79172 304745 228140 534784 460332 393567 399576 524853 573490 305739 286753 75097 485645 282565 302693 306950 408979 221158 511642 326077 335397 261885 90825 451055 555362 447420 451377 571101 75530 500015 532932 611544 440044 290239 267979 94333 238091 163866 418649 297937 337799 524319 371452 322368 644773 494499 340214 459240 100713 251135 431505 323416 598465 423452 318586 231224 401170 523175 353261 255030 270413 374990 525603 680149 493746 206364 59784 261004 473273 570058 347834 117825 445523
47665 706522 444756 628565 342083 896822 447730 508972 524840 321039 517510 465293 671592 390800 307469 375041 676719 830141 420336 457828 999999999 542440 460735 61936 432629 649682 783735 410687 153214 634278 161424 827387 200316 762919 859462 678422 485953 255724 382912 700465 179254 309989 422400 577572 560918 158380 721010 772781 515921 534088 9408 608953 680237 907766 186168 489604 796763 345300 189699 199057 175611 190462 548610 390975 489525 460770 522445 589427 841816 680541 608875 942272 808264 376079 247079 371130 549373 888953 321923 779686 863426 515136 605406 609248 77813 372488 453754 245320 540243 473648 508920 369438 512799 490359 338249 901791 121787 448923 341300 182004
497065 405445 702370 324581 241744 675206 115718 478347 326917 352440 402601 340220 563810 206743 319781 497539 370773 643999 144527 283226 542440 999999999 655706 558402 180904 403994 451902 230118 423032 187748 534039 292639 579346 231372 317033 297911 79116 497036 298802 204845 423659 242317 142034 691388 498887 659410 222481 324595 545036 240034 533244 298536 169005 555284 564959 354530 258358 749514 622586 412698 378982 401537 322699 151470 119363 684857 580740 620348 300259 138239 602206 407548 266690 205862 399923 255228 532979 525854 241327 316090 591569 600335 135382 118057 577414 218508 89123 472040 656309 780469 913995 725797 489262 232690 507922 655339 617095 149876 322107 428108
469934 998614 902907 909355 432192 1243427 543356 896724 840174 679149 312010 336990 1050230 647881 355205 159390 962886 1188953 626244 764465 460735 655706 999999999 522598 474815 963884 1065244 688528 542685 829582 299597 924933 659525 873457 912514 567893 576678 689815 706311 687129 576429 467201 520588 1018359 944394 599307 878169 975630 926677 800580 457466 486337 693376 1183709 276303 827085 827489 799716 299735 335038 517922 570942 855337 557485 690185 915475 943472 1008870 880947 765285 1018153 934545 853032 459820 306346 664516 948545 1157315 451027 700527 1183198 943394 780941 636474 396814 445514 588887 670449 978913 934320 952012 829375 903955 762723 766769 1236644 378563 505856 680149 336661
74619 684643 384297 610905 376769 861089 472059 469601 503016 298522 570109 514474 631581 389488 352351 435009 656710 792580 427546 440849 61936 558402 522598 999999999 465694 624504 762409 403191 142551 632706 223360 836231 140156 771368 873995 717431 508496 208611 365967 727796 158593 337521 448237 522416 521563 109571 723249 766024 470058 522617 66304 651364 704842 885528 247528 463788 815766 284881 246115 251077 180057 175557 527907 408026 493295 401630 473548 540186 858643 695243 562118 963339 825082 408146 299930 362747 506131 868375 352833 812675 833430 464208 608340 634577 133407 406463 471375 203061 485963 411741 450785 307550 472421 479580 290459 868364 171452 478793 323025 235402
394071 556114 706319 468429 90794 820050 73168 550819 432874 364160 240434 170114 671161 248255 152551 316921 519984 778599 194814 366708 432629 180904 474815 465694 999999999 538321 613152 290025 355339 360277 382495 460026 528329 403745 464530 257634 101999 475465 342815 271987 370323 131647 60287 740909 584956 574533 403354 503245 606758 365301 423257 207650 258444 724437 408894 441744 387992 707099 469729 262845 305370 349437 438670 129872 237250 698244 637235 689815 438899 298626 681813 523462 406930 57713 237296 289929 608255 696164 113153 347354 745040 650285 309590 188495 447539 60246 125485 448506 702037 773913 878847 698547 560965 338593 514804 805327 480333 31043 343607 280772
605507 69980 512747 83141 541227 282978 467652 210949 127788 328644 778750 707574 182690 316140 611653 809175 65520 241487 348055 202563 649682 403994 963884 624504 538321 999999999 144010 275490 497200 248245 736558 448269 549625 404861 530750 699694 455815 439808 272029 577124 470692 498008 478536 403990 184798 679181 317445 253103 272219 173041 643723 701304 536790 262629 772895 160729 539249 652177 811619 642405 489157 459671 108934 418971 303161 478638 307159 305591 544004 430983 269587 662308 522257 523867 660134 303042 231693 249036 516621 689221 220918 335563 288741 513530 718963 537887 414562 432263 385230 596699 770698 599999 217644 203629 382748 272912 765969 513765 310403 648073
738292 77864 650364 159430 634186 241032 540020 351136 259475 464215 849909 782612 275884 423891 710040 907227 107671 239787 439047 327043 783735 451902 1065244 762409 613152 144010 999999999 388627 630535 266735 858593 397114 692798 372412 483861 729257 518764 582779 401231 587489 606148 598957 556595 525364 317619 821315 292324 186370 406738 266726 777247 746857 548791 124340 894749 300498 515244 795278 937495 756509 617188 593305 235154 508606 378455 614916 438907 424535 505719 433330 384349 614342 491646 610628 768171 422632 362748 106186 614234 692202 145646 467452 318344 544084 850166 625081 488043 574162 512527 733129 909237 742079 356671 307994 526755 212389 897073 585022 442435 764338
363318 315854 473583 229199 272082 555574 230695 263046 152838 131864 524103 450785 383393 43293 338015 534701 281712 504556 100080 79172 410687 230118 688528 403191 290025 275490 388627 999999999 261417 232137 470260 452304 381098 388371 506682 508139 237769 283614 68941 434919 246331 224344 230987 466340 295013 486293 327017 363075 323926 125351 403029 483984 398876 512203 506331 152359 469580 537768 550665 369021 236390 227767 166809 160465 117438 454996 357514 404373 500704 339527 393234 618200 468895 261353 384776 40513 320237 489808 244594 545188 495702 374731 217118 345068 469905 274270 185145 261863 429788 553258 695330 506633 273540 81760 280885 548120 516109 272966 99545 376091
108314 553370 382820 475517 274226 750093 347295 369516 371789 168918 508182 442396 531013 246980 277513 419664 523508 685512 287397 304745 153214 423032 542685 142551 355339 497200 630535 261417 999999999 490177 260644 695393 173516 630480 736024 612825 380619 151301 229756 603156 33961 223768 326296 476578 420627 236662 580842 624490 388267 382783 146770 555718 576950 754597 295316 337763 681375 352391 322064 215559 49992 37547 395429 275983 351469 386551 402054 468267 722321 558001 481237 830244 688867 298417 258848 221149 415635 735743 244290 695644 712589 400839 466120 508313 222288 300597 338634 129047 436834 436477 524598 349426 374823 339308 224340 753098 269211 362286 188102 208849
586620 230307 667519 165360 400065 498316 288159 390275 224647 358632 589933 525872 426997 243831 479672 670206 199323 476122 222436 228140 634278 187748 829582 632706 360277 248245 266735 232137 490177 999999999 666618 233138 611245 175098 303364 464631 260444 509136 286918 331286 477684 379250 309306 608998 392197 718371 98003 148121 461410 140472 625996 480143 291205 367552 700894 270937 295696 759599 752772 551122 458773 458316 206737 279647 150220 641347 499416 521366 308764 182749 493422 429962 282736 369955 550602 272344 435176 338231 388047 442028 409655 524440 52392 278273 686055 384169 240697 489723 580439 751600 908274 721772 400654 170248 489132 475033 730489 330247 326971 563163
172626 784477 603834 699266 297453 1002495 422786 629296 608772 419351 393886 356870 789706 438128 231747 224139 751242 940684 444246 534784 161424 534039 299597 223360 382495 736558 858593 470260 260644 666618 999999999 826654 360026 765052 842718 595909 463017 398322 464993 652540 294254 293366 395431 726703 679895 308418 740557 813231 648472 594622 157888 517854 640926 982406 36337 583509 769431 504411 88573 121696 251002 294583 629109 392313 516403 617622 660553 727253 819268 668840 741610 905802 786625 335243 148123 436232 676251 960014 292764 712697 956652 657095 627760 570850 106995 325962 447260 381882 688054 635036 663515 530771 634968 551704 478577 1002235 113222 407302 429646 105966
780709 403292 900655 374102 532482 634652 405495 619213 455306 583424 636433 590940 630465 452104 608383 771760 385602 636233 408720 460332 827387 292639 924933 836231 460026 448269 397114 452304 695393 233138 826654 999999999 832881 64917 86767 426557 365819 735287 513848 268051 688801 534628 432671 835800 615199 930412 137602 210989 690060 373609 818434 479903 244369 440911 857351 503128 140229 988302 915210 705228 656663 667798 435012 439896 344837 874287 728023 743923 112343 161422 712345 217833 109531 495507 690610 490289 660221 410746 533901 339881 535802 753955 235222 289579 867553 507057 380476 714108 809304 984721 1140117 952820 629239 401344 720824 601545 908345 430265 551146 720738
192116 615565 244441 553588 447674 758974 515534 367281 440579 252903 674021 611187 523626 382753 445375 560859 592605 687454 436582 393567 200316 579346 659525 140156 528329 549625 692798 381098 173516 611245 360026 832881 999999999 768549 882881 785948 546247 110144 325267 769021 159727 396978 496268 386472 417556 134098 707593 728956 352828 483261 202547 729183 740393 811809 386399 394012 836000 178894 385970 363570 223420 181702 466889 439928 490291 261613 349663 414549 873064 708581 441164 985807 840129 471695 411555 342596 393805 798534 417783 865329 743705 336306 597985 673719 273470 474095 500315 123158 351614 278365 351087 180859 367645 444238 176927 770951 309480 533916 284289 351309
716152 367007 841269 326724 472669 613183 345835 564816 399542 519801 592463 542635 587508 387351 549694 718389 345086 607619 343894 399576 762919 231372 873457 771368 403745 404861 372412 388371 630480 175098 765052 64917 768549 999999999 128740 399490 306773 671707 450815 241834 623936 472307 372749 782939 564127 865516 87416 188657 635912 314813 753994 444092 211055 433481 796248 446011 142912 925161 853541 643908 591864 602907 380709 376482 279988 815811 673930 693323 139169 108925 663438 258240 119968 436164 630941 426017 608187 402532 472544 330789 515842 699234 171647 243862 803919 448192 318039 650234 755076 924937 1078343 890632 575084 340137 659211 582528 845080 373396 487484 659087
813953 488363 967227 454226 545331 721294 420639 693441 527994 638523 612535 575570 713370 500150 616684 764665 469228 722865 449284 524853 859462 317033 912514 873995 464530 530750 483861 506682 736024 303364 842718 86767 882881 128740 999999999 382153 380431 790008 571734 230636 733001 556499 447893 911672 692759 972609 214624 297657 764554 442155 850273 446048 219161 525329 871307 573961 87114 1044391 931023 721140 694016 711337 509407 468488 392838 942582 802571 821920 36790 178986 791696 132044 59484 507572 700953 542368 736911 495499 551980 277763 622374 827765 294055 279846 893124 517481 405933 767410 883681 1050411 1200745 1012400 703739 465109 782496 687978 931582 437024 606223 737789
643956 693817 957506 618437 341696 962868 285210 768431 623691 607986 255886 249574 861660 473165 373591 443119 660932 937296 408737 573490 678422 297911 567893 717431 257634 699694 729257 508139 612825 464631 595909 426557 785948 399490 382153 999999999 270499 730406 571957 158813 627839 389058 296888 974076 793275 826948 450713 568873 831795 537925 669265 83271 189088 816565 613462 647538 296091 964732 675104 489546 562835 606799 620483 365789 412946 946542 865653 910726 346045 303646 895644 372316 326961 314440 449915 521052 824581 785668 369148 132672 873707 882449 415749 186950 679969 313226 323529 703506 936874 1027995 1136456 955466 779204 527980 763318 939464 705030 255202 582988 508310
442551 466210 694020 380925 166799 733887 40255 499327 362497 341831 331218 265544 602892 202970 242928 418427 430513 697302 138246 305739 485953 79116 576678 508496 101999 455815 518764 237769 380619 260444 463017 365819 546247 306773 380431 270499 999999999 475119 301650 222906 386987 177455 67596 703585 526798 613498 301571 401698 561640 284411 476596 250550 196687 626808 492625 380840 311743 721572 551517 341322 333140 364812 363592 106443 153502 680553 595241 641363 358985 206091 627938 456322 325764 129688 324797 251359 555972 598002 171562 321971 654567 611956 208978 127764 514004 141436 53184 448830 666472 768087 890084 704090 510010 265757 498662 716653 551508 71065 314980 357647
227326 505476 235696 443903 405586 657253 449378 264323 330760 151907 653028 584592 424756 292710 422737 570808 482482 587220 352509 286753 255724 497036 689815 208611 475465 439808 582779 283614 151301 509136 398322 735287 110144 671707 790008 730406 475119 999999999 222292 694804 120464 349485 434120 328897 315839 240340 606506 621770 261506 377265 253956 682252 663181 702201 430249 283892 748996 254520 444427 366731 191049 135028 357109 369693 397941 236119 266721 333708 782827 619714 353879 898573 750507 422315 410061 247873 297845 688597 372969 797089 637080 260136 500139 599981 333530 427795 425310 26959 289893 298540 417009 229350 266114 339972 82539 667093 376508 475208 184233 359332
337131 324512 404685 245832 310045 540657 290025 209361 144458 72500 568880 495298 347059 98810 366339 557805 293931 483156 163594 75097 382912 298802 706311 365967 342815 272029 401231 68941 229756 286918 464993 513848 325267 450815 571734 571957 301650 222292 999999999 503488 207554 256174 286272 402419 248410 439174 384215 405692 264121 159465 376231 543178 467679 525477 501323 121097 537350 474454 539633 376249 217307 192903 166645 213773 185944 386122 295657 347008 567156 407267 340450 685464 535732 306430 399966 52887 266646 506126 279174 613244 491667 310880 279219 412929 449061 317946 248498 202980 364934 484641 629082 440666 219140 119049 212625 538140 496013 329448 43157 380030
659260 560920 906136 494066 361941 825838 256370 679248 521412 554656 382810 350926 749895 409620 420826 544716 530600 807176 345210 485645 700465 204845 687129 727796 271987 577124 587489 434919 603156 331286 652540 268051 769021 241834 230636 158813 222906 694804 503488 999999999 609879 391033 279561 894602 695731 834318 300086 417868 747303 430598 691058 215641 40354 666558 676949 554269 143562 943668 738526 534335 555141 587694 512802 329094 322582 889348 783575 820271 196392 154271 799494 255442 172613 325722 505213 458624 732451 635503 378704 113860 733079 803934 288486 95317 719321 331537 269816 668958 860131 983182 1111175 924152 690183 431737 711130 799654 752273 251966 525180 552461
137045 528624 354630 452999 293280 719593 355834 336803 346757 142197 534268 467023 498696 237203 303553 451933 499718 654282 283805 282565 179254 423659 576429 158593 370323 470692 606148 246331 33961 477684 294254 688801 159727 623936 733001 627839 386987 120464 207554 609879 999999999 239929 336604 443353 388140 241853 570437 608268 354419 364144 173758 573837 581984 729848 328716 310410 681667 337459 353898 247945 71452 22239 371087 280902 343969 356542 368096 434309 720902 556209 447446 831151 687626 314495 290121 205826 382219 711801 261942 705602 684263 367006 456850 514638 251533 318037 342152 96785 403517 411743 508701 329123 341876 321273 190979 723452 298159 374675 164796 241929
268226 531440 583505 442234 57928 779541 138259 463424 377181 256539 317922 245226 601971 182175 113753 311201 495773 728813 161773 302693 309989 242317 467201 337521 131647 498008 598957 224344 223768 379250 293366 534628 396978 472307 556499 389058 177455 349485 256174 391033 239929 999999999 112451 634892 504479 445367 448079 527284 510692 333447 300590 334077 370258 719005 325729 371537 489197 575837 381618 173646 173781 219626 390253 100151 230943 578476 537318 595354 536145 379369 593534 633024 502806 74728 172085 207090 519964 693604 24583 475864 716327 546655 337012 299261 336787 78449 154269 322648 595079 647715 747791 568936 472603 295701 396741 770905 375235 141422 243461 187592
380190 497848 660768 409678 99924 760610 27356 492936 372615 313235 300316 229153 611128 189949 177829 361322 461656 718544 134644 306950 422400 142034 520588 448237 60287 478536 556595 230987 326296 309306 395431 432671 496268 372749 447893 296888 67596 434120 286272 279561 336604 112451 999999999 686823 525987 554954 361511 455064 550371 305600 413005 257981 257841 669825 425168 382166 377949 673820 483941 273735 277288 314832 378417 72566 178919 650577 581683 632821 425949 273537 623702 520765 392852 63903 258194 233509 550333 642064 104347 369419 686705 595737 260360 186928 447632 77004 69190 407301 648384 731205 844272 660810 503209 278336 467096 746435 484508 43476 290452 290057
554621 468828 181292 464739 692663 467990 692185 219367 385131 379010 952330 880056 256423 501187 729231 894406 469103 394863 565340 408979 577572 691388 1018359 522416 740909 403990 525364 466340 476578 608998 726703 835800 386472 782939 911672 974076 703585 328897 402419 894602 443353 634892 686823 999999999 222077 506506 698683 655209 148657 475087 577360 944665 856379 610098 757856 343610 900386 367304 767150 690930 508137 451966 402348 614359 572321 144864 111320 100864 917626 775252 141913 1038902 890604 697942 731212 454265 175909 611324 659457 1007225 498277 91632 628747 808832 654490 707401 650559 347996 40230 240899 416838 303689 208731 464511 252399 494985 693830 730268 397328 685281
523470 252700 333076 242770 558371 341713 524574 52010 174525 265372 816250 742670 110739 336842 613435 801123 248799 271408 393264 221158 560918 498887 944394 521563 584956 184798 317619 295013 420627 392197 679895 615199 417556 564127 692759 793275 526798 315839 248410 695731 388140 504479 525987 222077 999999999 551633 478713 433530 89120 265999 557128 776507 656178 419686 715215 145992 686878 487617 741953 609744 431348 385447 186677 455185 380742 297319 122512 129246 700628 565593 103765 821549 674925 553150 639691 299339 46994 414254 527580 809543 331389 151018 417457 616651 636929 565198 476168 318502 200722 415515 592073 430647 49939 266205 240643 353674 682530 567733 265929 610055
183801 743658 343998 677254 486035 893070 578051 501234 565400 367448 675701 622134 657601 479056 461278 529705 718962 821489 523622 511642 158380 659410 599307 109571 574533 679181 821315 486293 236662 718371 308418 930412 134098 865516 972609 826948 613498 240340 439174 834318 241853 445367 554954 506506 551633 999999999 811985 844710 485980 598611 166112 760858 810172 941791 324441 521026 917647 202102 304192 356781 281040 262623 591391 510857 585655 370133 480798 544351 958955 794663 572871 1066174 925487 516888 405155 446027 527584 927392 461481 921091 876907 465476 698679 740428 203538 515574 573991 247156 474625 349730 355129 242071 501713 557239 311020 904933 223215 586788 396307 340108
673528 280911 764196 239679 459068 533213 336599 481683 317744 455493 615226 557949 500096 333941 538545 719989 257964 523738 301955 326077 721010 222481 878169 723249 403354 317445 292324 327017 580842 98003 740557 137602 707593 87416 214624 450713 301571 606506 384215 300086 570437 448079 361511 698683 478713 811985 999999999 118219 552583 237577 712443 482847 263475 366658 773603 365823 225962 857488 828149 621724 546491 550412 297443 348336 231501 737300 590564 607733 226573 147224 577124 345322 205987 425126 615277 366642 523342 335637 452801 400804 437487 616405 115622 275416 768575 438508 297845 586662 671835 848518 1006150 819762 491747 268220 587081 504347 811792 372314 423592 635319
725200 197960 746796 194474 547663 425727 432576 448908 300247 477913 725190 664655 430176 382917 627385 816387 187639 425245 369159 335397 772781 324595 975630 766024 503245 253103 186370 363075 624490 148121 813231 210989 728956 188657 297657 568873 401698 621770 405692 417868 608268 527284 455064 655209 433530 844710 118219 999999999 516679 246265 764856 599166 381625 248693 847814 351082 331323 862623 898735 698721 597404 590470 275025 427765 297329 715874 553534 558102 319454 265443 522670 428631 306433 516759 698721 403384 480340 217636 536148 516066 327714 581232 194710 391636 828213 530835 387258 605807 633721 831830 998998 818073 457655 287596 587034 394232 873384 472594 448419 710433
483323 340983 244148 323152 567358 412062 553279 71136 236997 256155 828049 754785 175286 361491 613058 791268 334910 338700 423901 261885 515921 545036 926677 470058 606758 272219 406738 323926 388267 461410 648472 690060 352828 635912 764554 831795 561640 261506 264121 747303 354419 510692 550371 148657 89120 485980 552583 516679 999999999 326500 513408 806765 708784 507522 682489 194982 751847 403811 702645 592425 408755 356731 255286 477893 425708 208204 38017 84763 769721 626598 93309 891036 742385 568068 627569 316966 46633 502900 534888 860301 413673 64613 480155 662870 593479 578728 509067 270776 119252 326395 503133 345077 60849 316317 179847 429022 637361 593482 267442 590016
487026 198055 527047 108787 372314 455130 294698 255783 91590 231651 605735 534720 323789 157464 445832 643634 162326 413941 177056 90825 534088 240034 800580 522617 365301 173041 266726 125351 382783 140472 594622 373609 483261 314813 442155 537925 284411 377265 159465 430598 364144 333447 305600 475087 265999 598611 237577 246265 326500 999999999 526688 532697 390775 389052 630546 132487 425360 623565 675776 490070 361019 347442 82919 248058 130974 501044 364245 392927 444722 300776 369639 565959 416529 352614 501573 163326 305199 365671 349995 544456 384621 388056 153660 355510 594884 366819 241667 360231 444498 611156 769052 583489 266517 43841 350583 442150 641219 340796 202327 498343
39711 700130 446842 621736 332728 892260 438350 505232 518555 315130 509600 456888 667844 382650 298574 369130 670125 825901 411589 451055 9408 533244 457466 66304 423257 643723 777247 403029 146770 625996 157888 818434 202547 753994 850273 669265 476596 253956 376231 691058 173758 300590 413005 577360 557128 166112 712443 764856 513408 526688 999999999 599975 670841 901345 183985 483849 787450 350833 190606 190859 167514 184182 542174 381785 480945 462136 520593 587606 832556 671365 606482 932912 799007 366688 239076 363602 546306 882346 312518 770337 858017 513780 596829 599848 80145 363124 444525 242647 539784 477286 515359 373649 509232 482926 336392 896870 125438 439519 334842 174013
577100 703734 913909 622910 281510 973613 253522 747004 612955 570519 174691 167016 853276 445275 301688 359854 669251 942075 384106 555362 608953 298536 486337 651364 207650 701304 746857 483984 555718 480143 517854 479903 729183 444092 446048 83271 250550 682252 543178 215641 573837 334077 257981 944665 776507 760858 482847 599166 806765 532697 599975 999999999 235594 842782 533877 630744 358937 907952 595216 415728 505973 553697 613279 330325 402762 905838 838835 888224 411199 339936 876737 449843 388254 260097 373823 490723 804098 812351 311949 214771 888682 853454 428636 207556 605457 255802 300339 655306 906326 980791 1080255 902944 757520 516204 722351 953089 628362 214505 548396 434380
637849 521053 871356 453742 346208 786563 232958 640396 481761 520853 395145 356413 709617 375320 410154 546588 490528 767225 311749 447420 680237 169005 693376 704842 258444 536790 548791 398876 576950 291205 640926 244369 740393 211055 219161 189088 196687 663181 467679 40354 581984 370258 257841 856379 656178 810172 263475 381625 708784 390775 670841 235594 999999999 630121 666880 515286 134787 913662 727972 521076 529771 559750 472825 301292 285068 853789 745240 781128 188043 116500 759941 265172 159693 309021 494990 424050 693268 599108 359978 153822 694286 765934 248135 71188 702940 316327 240080 637645 822237 949203 1080051 892440 651328 392834 676768 760764 737564 235157 490852 538809
862459 201259 751170 283170 751685 220045 651388 459537 383098 587756 957316 892262 353685 546512 828758 1025024 231991 256291 557908 451377 907766 555284 1183709 885528 724437 262629 124340 512203 754597 367552 982406 440911 811809 433481 525329 816565 626808 702201 525477 666558 729848 719005 669825 610098 419686 941791 366658 248693 507522 389052 901345 842782 630121 999999999 1018514 422345 573536 905474 1061677 879107 741528 717307 359171 626235 494056 714257 536041 510367 553246 513744 468571 648709 546068 726295 889357 546716 461530 31073 733270 763601 129828 564044 419901 636180 974469 740764 600706 694889 603380 831547 1009733 849876 463560 431108 642294 180754 1021385 695277 566503 887339
203248 820722 630788 735397 326185 1038633 452499 664462 645108 455318 401001 369975 825176 473863 256729 220015 787434 976631 478683 571101 186168 564959 276303 247528 408894 772895 894749 506331 295316 700894 36337 857351 386399 796248 871307 613462 492625 430249 501323 676949 328716 325729 425168 757856 715215 324441 773603 847814 682489 630546 183985 533877 666880 1018514 999999999 619765 796714 523706 61972 152432 287063 329779 665428 425271 550732 645931 693832 760653 847096 698694 775712 931194 814690 363851 171926 472470 710916 996025 323711 733071 992984 689733 661357 597372 120997 353854 478980 414690 719505 658706 678977 553282 669998 587709 511162 1038494 112423 434771 465885 138290
446020 222717 399761 162369 422391 419978 379491 125260 50847 168847 676417 603049 231378 195356 483836 677445 198593 362089 248363 75530 489604 354530 827085 463788 441744 160729 300498 152359 337763 270937 583509 503128 394012 446011 573961 647538 380840 283892 121097 554269 310410 371537 382166 343610 145992 521026 365823 351082 194982 132487 483849 630744 515286 422345 619765 999999999 557509 513030 655458 497297 333379 300225 76407 312624 235645 371722 232427 266133 577154 431666 248182 698415 549011 413483 520781 164715 178513 406671 393322 667751 375174 255716 285769 472555 559977 426203 330449 273911 312230 484582 648407 467079 136171 122550 237487 418730 606939 423265 153910 500823
