NAME : synthetic_000858
TYPE : CTSP-D
DIMENSION : 100
GROUPS : 8
RELAXATION_LEVEL : 1
EDGE_WEIGHT_TYPE : EXPLICIT
EDGE_WEIGHT_FORMAT : FULL_MATRIX
EDGE_WEIGHT_SECTION
999999999 719214 427955 1010434 750018 224901 736834 577103 422881 377817 491623 558608 653794 279450 185201 879513 473306 901695 387294 565726 565445 866721 163693 635126 787158 800143 582951 205259 204995 809773 277860 358173 342211 823904 11998 106426 510911 257766 427602 474490 574231 504678 471956 818982 542414 146896 539310 620316 98788 188030 250056 454518 634997 505676 643358 775931 382958 558553 990004 429960 788911 633486 784626 890012 763566 777109 216914 320924 200669 352099 142895 509162 685060 245924 190810 516770 524086 804693 721143 386312 817041 610268 571494 505495 102491 717972 608556 229241 221214 415559 280954 651616 661146 190852 816650 239857 520503 790038 633058 832851
719214 999999999 317864 783939 855760 921332 1060479 860530 602573 907445 228263 178835 444678 496010 812841 915464 805213 900047 356502 158120 238995 695754 615945 1116350 502382 510961 181269 858395 915799 1260496 487505 897272 931456 554063 709460 816240 1054349 499300 338991 854779 1051006 426254 1032845 930950 1071074 610564 226093 852148 697629 882058 656146 443365 850247 1023669 479977 1113325 781193 441814 716426 428811 730517 501094 578013 880153 595592 900797 917926 621797 914188 457475 623224 606850 941499 527878 562749 889225 1073318 585285 417641 894306 404142 124885 802435 281599 815720 245463 640780 912171 939689 1025694 724757 608336 435671 646014 711504 680852 1020938 418385 771868 702259
427955 317864 999999999 906187 826372 646739 952305 751119 487941 700631 134652 216198 505286 178530 497712 924455 666939 925170 196640 161223 286985 781875 370621 943896 621444 633982 257579 600074 632320 1107873 170882 685792 702978 673150 420103 532268 852141 278501 35497 702874 876686 391375 822139 906329 876008 301319 111451 764639 433605 607756 451197 369690 769972 830345 522505 1002663 610797 441257 855979 336941 764570 530917 666426 907324 666040 867913 640749 452529 611686 304503 312910 536973 852871 211472 251936 744798 869632 681759 530421 694816 581129 245169 708550 257924 529674 427013 613738 600428 641565 793805 524356 614167 503983 329016 766419 469601 834759 573164 716047 768797
1010434 783939 906187 999999999 406672 1071720 688387 602871 591883 864546 780371 716356 402157 1001433 1190094 329977 656088 284200 735439 817500 627609 143917 847460 888340 289990 278929 676517 982632 1100094 931551 987390 871968 936014 236607 998861 1040454 932310 784304 941669 703837 854075 538776 943394 418831 922478 1017850 905451 547574 920283 1046628 771527 580939 529601 889762 391900 725733 724596 481243 77035 614018 248151 391727 241958 271909 251975 428131 1078602 695345 1180296 687348 1030230 506114 580954 1009604 997980 698187 948011 225104 382255 839076 382199 724786 551480 648268 1047391 539565 411416 1234712 1176850 1000532 777829 359789 402467 1092751 204949 790524 868833 365655 458460 182587
750018 855760 826372 406672 999999999 741108 287476 215289 356311 498464 739095 713100 418343 848299 934560 133132 299136 166931 629734 810910 626357 305926 606515 482226 432642 434725 687991 656720 778027 532683 835271 510645 574465 411226 740329 744280 537502 598790 857775 331649 451657 449200 554558 79966 523608 810757 875503 156880 651321 725262 501833 458688 137753 495710 379956 330836 387177 417595 442628 490016 184810 356683 350304 163308 314494 45055 750799 440433 878747 529489 819939 290419 174286 842040 809950 312870 551600 359980 473693 473220 559655 749396 186454 607751 753044 638918 219148 948958 864394 622323 474181 248707 429530 887910 233764 510161 472772 521325 119256 261016
224901 921332 646739 1071720 741108 999999999 641946 534759 490908 261968 693576 750850 769675 504352 304773 874108 441974 906012 571128 773806 739162 929896 309888 482986 894943 906890 768382 89176 45913 651753 502599 244198 192807 921677 230222 118907 345814 427838 649397 416154 434461 632566 303926 795607 380109 370821 757181 589592 224024 39376 320858 583523 607698 356758 749133 669395 356190 677001 1067013 569142 830006 732854 871584 898733 843309 756439 13448 394138 164935 500913 365293 571405 628655 470707 415706 448026 353307 891754 846056 282902 951604 804930 554943 678685 124555 881114 660883 250752 134396 226340 295193 717933 779580 401197 867762 296186 378633 919015 637900 889135
736834 1060479 952305 688387 287476 641946 999999999 203429 471112 381409 898529 896015 657737 919849 904950 369627 288163 416414 766297 981377 821622 593332 638650 230524 703384 707652 881163 576794 686405 245208 909121 400403 449696 689782 730574 690781 336802 682957 977681 266370 232576 634238 369871 273260 309851 841699 1026787 210065 644874 641387 529243 622145 215677 304742 618402 52854 363720 624328 729215 644146 471078 592830 626873 422908 589613 260356 654460 503314 802838 650686 846833 453642 126502 902877 857710 222409 343352 639186 726629 363600 824483 941887 258068 786222 700578 873798 438635 885199 776201 454655 468427 493621 670310 911862 520633 522885 279003 784731 304665 548078
577103 860530 751119 602871 215289 534759 203429 999999999 267704 284438 695100 693760 476215 729537 756449 344900 103821 381977 563320 778082 621550 479869 456628 303439 544567 551339 680286 454229 574239 409315 718060 297722 360746 542455 568998 552907 329449 486443 777429 119054 256789 434742 342323 261218 320501 664020 823650 58444 479745 522907 345616 419796 77590 286923 438028 255567 194844 430421 624537 440983 357788 412465 479325 378491 442134 223206 545324 307537 681205 448173 670821 255617 109686 715552 674104 97891 345199 495320 551016 259549 655695 740560 65137 584072 562247 684729 262649 756594 662737 407302 296672 325977 489076 737907 406214 344985 266092 615676 149050 433140
422881 602573 487941 591883 356311 490908 471112 267704 999999999 345190 427498 430408 291039 492260 606492 474737 202685 489715 296483 511119 365916 448044 264212 516727 407329 418707 421307 402446 514200 658069 479363 342676 397138 431155 411739 448890 474230 242554 516220 253780 453141 188688 462550 434118 484310 459614 556268 276723 329483 461717 179684 159669 282247 437809 264149 523054 196101 209570 579404 175517 366147 245062 380828 475907 353603 393131 495987 103520 588646 183441 469807 86459 365437 485772 455054 286706 493472 401040 371285 324849 481263 479725 220750 321856 455660 458530 185681 643549 586811 483789 197909 232261 302592 537213 394335 199638 430144 444646 238326 411676
377817 907445 700631 864546 498464 261968 381409 284438 345190 999999999 696911 728623 634000 612907 530615 629259 208678 665389 556607 784474 685554 729652 333528 258922 740235 750287 731823 196513 305615 433212 605428 19944 76363 754617 374317 314268 151586 426368 716181 166893 196489 528196 125454 544446 176251 505984 798834 342154 301023 259995 254760 488852 361111 132800 603798 412196 152360 554688 873300 490302 616592 581996 696513 660744 662953 507425 274088 288408 421437 449982 507480 402308 369788 587460 534749 190756 169439 715557 714626 25615 824931 782805 318538 631141 324079 798579 469812 504007 395603 141255 183193 534416 645996 565760 660418 232871 143830 787407 409545 685000
491623 228263 134652 780371 739095 693576 898529 695100 427498 696911 999999999 83371 383755 291717 596199 825914 623423 821820 140964 87711 154648 661404 390623 922152 492695 504892 123502 632706 687547 1076880 280580 684933 713751 545217 481681 587984 846944 276451 168832 667136 855370 290828 822025 818579 866672 390434 136847 699070 470263 654255 442322 283254 701415 819571 405729 950546 583658 332456 727113 256255 656295 417682 543599 803157 546885 782533 689952 420769 688182 255357 403680 458005 789207 318769 344907 705809 865484 557702 400724 686398 446780 123521 644690 137782 587510 292771 520909 690971 712524 807599 513966 510558 380826 435594 652762 465455 819806 439926 636507 652407
558608 178835 216198 716356 713100 750850 896015 693760 430408 728623 83371 999999999 329878 374205 673676 789307 632110 780923 180593 103401 92157 604547 442414 940340 426569 438115 42334 684273 748553 1087934 362731 718444 753130 479828 548066 650397 875776 324570 249172 680050 874541 266753 854034 791255 892883 467128 189144 690729 526880 711855 477540 273970 690798 845488 357341 948665 603820 296450 659290 254978 612434 373144 485104 761672 492813 757561 748319 443477 757713 278679 480629 445141 780928 400225 423226 715904 894711 497480 334162 715612 369337 54934 638606 109807 650794 211116 494099 765465 779747 847375 545926 473819 324781 516040 603463 502415 843249 365891 618472 600195
653794 444678 505286 402157 418343 769675 657737 476215 291039 634000 383755 329878 999999999 602603 821440 470818 460317 456832 334904 433278 237763 277686 492335 771033 134235 147462 294973 683646 786858 884611 588621 632754 688154 177578 641804 707933 753295 404956 540685 516923 713978 150221 746646 490126 758346 633471 515118 449568 576912 736881 448845 199585 442161 713962 39472 709538 482262 95376 358512 227404 287050 64912 161167 437112 163485 463176 772962 376649 843257 305763 646617 236865 532010 613424 607619 537221 772221 177071 80641 612358 190968 352296 411460 248073 712834 220864 219103 883035 849428 773895 485219 170348 12882 704986 273949 473590 702074 153648 353786 270389
279450 496010 178530 1001433 848299 504352 919849 729537 492260 612907 291717 374205 602603 999999999 320210 962201 632752 971521 268105 338422 422926 866424 285711 869192 731379 744570 411376 474869 482265 1040858 14050 595329 597730 779298 274592 385716 759987 249793 164104 656075 803536 463355 724951 926376 788066 135949 284146 756064 316890 467220 391306 425359 765515 745706 609537 966450 558579 520405 961114 390938 824783 610938 759771 955636 751260 885355 496222 422757 444424 327158 144722 562462 837862 35610 88678 700131 775663 777542 646084 613211 715843 413390 700313 376101 381089 576196 654555 425168 477808 681519 457768 672586 604764 150576 836948 401046 755114 700619 730580 844834
185201 812841 497712 1190094 934560 304773 904950 756449 606492 530615 596199 673676 821440 320210 999999999 1064473 653107 1086889 522774 654723 700393 1046845 343513 777076 955657 968851 705193 336367 262659 949601 326875 510715 478151 995482 195636 216424 643437 416702 484145 648832 721951 671219 601956 1002578 677154 206651 604312 801957 283409 284588 435256 622345 817217 647451 814933 940398 561605 727382 1166195 594240 972618 807302 959948 1075207 940979 960818 291801 505433 164753 515712 193073 692422 862815 286289 251373 689406 653112 979768 883524 544240 972699 719669 754521 643681 206640 856755 792071 110570 206975 529631 462791 832878 827602 170705 999042 424598 666218 949142 817998 1014384
879513 915464 924455 329977 133132 874108 369627 344900 474737 629259 825914 789307 470818 962201 1064473 999999999 432148 47162 729071 890746 698766 273767 732186 587105 445967 444029 759370 789850 911150 607318 948806 642072 705498 410468 869556 876709 657698 714685 957356 462911 565569 536089 678073 97248 640651 933622 962657 287159 781064 858394 630126 554965 268311 616916 436594 401383 520275 494552 384235 588395 187478 417611 359384 58372 330674 124285 883858 565384 1011641 637599 943385 399742 282158 958552 929693 441152 670450 361883 508504 604232 574822 819251 319587 689940 885394 683029 311460 1081265 997507 749401 605907 315983 479856 1011123 219855 639890 592862 540371 246475 240398
473306 805213 666939 656088 299136 441974 288163 103821 202685 208678 623423 632110 460317 632752 653107 432148 999999999 464518 486479 709008 568460 522526 355396 316481 550771 559567 623958 358112 479251 455824 621753 217411 281912 558686 465178 451706 296656 395000 691200 56692 255475 387575 296934 356381 298711 562017 746598 150743 375934 426806 244528 362280 167692 255725 425399 336862 91886 396682 666866 377232 408025 401204 498115 458027 462924 316061 451719 215562 582610 369874 568457 224023 212695 617070 573932 84021 315037 516316 539672 183124 648797 682098 113316 524192 460898 652343 270210 656088 566358 345210 192891 336283 473034 635239 452370 242164 242153 609560 201497 477358
901695 900047 925170 284200 166931 906012 416414 381977 489715 665389 821820 780923 456832 971521 1086889 47162 464518 999999999 731380 883321 689483 238590 750838 632336 419584 416474 749242 820611 941975 654479 957937 677469 741359 380586 891434 903698 699666 726234 958698 498552 609130 534432 718826 143421 683542 949306 958092 323662 803769 888863 651678 557277 304570 658496 424779 448533 550545 489374 340864 591347 169788 407788 333646 20037 308092 166448 915394 584222 1039993 645078 959517 410707 325822 969565 943019 479238 712857 333885 487864 640129 547239 808159 351240 684723 912176 663556 317146 1107730 1027324 788428 631979 311733 464949 1026910 193190 663000 634790 514332 271385 210195
387294 356502 196640 735439 629734 571128 766297 563320 296483 556607 140964 180593 334904 268105 522774 729071 486479 731380 999999999 228659 179170 603322 261994 781631 463328 476537 197878 503681 570515 937841 254198 545032 576010 511241 376131 473681 706267 144005 228538 528308 714753 202065 681888 709691 725762 319499 260617 572468 347483 532309 302457 174224 576711 678638 344067 817707 443195 256748 693315 140731 574099 347962 493484 713936 487346 671342 568992 280285 587928 116610 333289 340571 661728 281403 284428 567876 724869 510779 379031 545680 455675 235328 516877 120971 474762 334540 417843 604817 606846 670150 373485 422157 336755 382893 580148 326231 678855 436819 519921 585264
565726 158120 161223 817500 810910 773806 981377 778082 511119 784474 87711 103401 433278 338422 654723 890746 709008 883321 228659 999999999 195534 707621 474785 1009482 527510 538723 141094 715930 765418 1163296 329622 772365 800369 580901 556420 665278 934611 362508 185816 753599 942768 362016 909520 889691 954383 452898 92546 779543 551825 734430 529807 361548 780962 907281 460432 1033648 671002 396591 758711 337324 715219 475713 588053 864167 596181 855012 769546 508174 758389 342392 465440 535925 869841 369910 404830 791793 953132 600094 435336 774079 461248 99598 725932 203169 664145 296997 591790 754415 785080 894047 601598 574855 428145 488102 706803 552745 907463 461965 712507 703593
565445 238995 286985 627609 626357 739162 821622 621550 365916 685554 154648 92157 237763 422926 700393 698766 568460 689483 179170 195534 999999999 513134 429902 882047 338787 350795 61649 665542 742516 1022774 410063 677444 718257 391644 554103 647974 828161 313576 322021 619410 817604 187414 809914 703724 842497 495268 278864 613714 518325 701165 443486 206252 612328 795210 265385 874458 550955 208769 572894 196393 520686 281757 393968 670148 400853 671105 738271 397147 766089 242993 509071 368084 703352 443737 456495 652442 847344 406891 246534 670085 295811 123223 563556 60667 649755 156554 408210 783958 783656 811917 506340 384055 232870 553666 511307 469572 790576 286202 536140 508124
866721 695754 781875 143917 305926 929896 593332 479869 448044 729652 661404 604547 277686 866424 1046845 273767 522526 238590 603322 707621 513134 999999999 703919 775826 195072 188638 567181 840737 957483 838509 852378 735933 799450 148042 855175 896748 807160 643499 817143 572906 735641 403157 815057 341601 800162 877075 791764 428073 776370 904125 627714 442642 411487 764580 260073 636402 586218 346752 145022 476430 124208 255685 119796 219889 116161 337971 936505 551477 1036571 547702 889261 362435 475754 872832 858838 571725 823723 110479 278833 704410 316021 620636 423462 525548 903633 451383 269016 1090798 1033517 867726 635369 215883 280836 952586 74313 646901 745079 287330 331483 46845
163693 615945 370621 847460 606515 309888 638650 456628 264212 333528 390623 442414 492335 285711 343513 732186 355396 750838 261994 474785 429902 703919 999999999 585786 624999 637887 458638 242452 312981 756123 276586 317468 332433 660768 151903 221667 484088 118137 383789 372894 519493 344664 452490 679708 509777 207837 474059 491205 89262 271499 111025 294225 503484 465526 480450 683724 275181 396959 826324 272508 629791 470042 620948 737953 599957 637705 308514 166824 351943 197469 215494 349485 566292 265317 219094 417069 501035 641025 561992 330891 661216 496930 438015 369294 224964 575268 449226 391932 361925 423971 172387 489452 500204 283329 655545 116149 472866 632342 487558 670931
635126 1116350 943896 888340 482226 482986 230524 303439 516727 258922 922152 940340 771033 869192 777076 587105 316481 632336 781631 1009482 882047 775826 585786 999999999 847413 854459 935642 441548 528865 174648 861086 277959 299038 845854 632237 562245 138203 665536 962625 262989 67242 703696 179736 489995 104029 764874 1035551 348948 559837 494429 492822 676001 364665 130116 734277 228209 338495 712576 918659 687658 651803 709171 782659 635637 745391 467508 496395 501395 647752 667175 766398 537962 308806 844892 792849 234769 135131 798430 848519 256060 955451 992084 367454 834768 571810 968572 564129 733726 614091 264006 419963 628611 783891 824207 701520 475872 115094 915595 450379 729028
787158 502382 621444 289990 432642 894943 703384 544567 407329 740235 492695 426569 134235 731379 955657 445967 550771 419584 463328 527510 338787 195072 624999 847413 999999999 13316 386544 807597 914388 942039 717501 741333 799961 53421 775180 838368 847424 539189 656910 606968 795839 284444 845651 491113 848300 767137 615711 506252 708367 863447 575252 333572 494549 806368 146243 752468 588037 228765 234588 361625 261367 162434 86604 399702 118846 474146 898966 500816 974841 439997 780353 338146 577457 743940 740274 619874 865788 86538 92432 717072 129261 435318 480023 364542 843607 257172 283912 1016352 979643 881423 605024 218808 128864 838013 226747 599068 791575 94749 403628 210247
800143 510961 633982 278929 434725 906890 707652 551339 418707 750287 504892 438115 147462 744570 968851 444029 559567 416474 476537 538723 350795 188638 637887 854459 13316 999999999 397868 819420 926590 947139 730697 751615 810527 43202 788168 850934 856206 552416 669437 615627 803471 297650 854914 491606 856671 780444 627254 512054 721080 875548 587422 346707 499990 815015 158638 756388 598193 241846 222236 374864 260842 174117 85758 396681 120243 475702 910995 512803 987546 453211 793657 348481 581986 757200 753587 627819 874500 82590 104265 726995 130879 445952 487006 377288 856215 265534 291694 1029321 992166 891513 616509 226137 142173 851328 224305 611130 799953 98946 409233 206509
582951 181269 257579 676517 687991 768382 881163 680286 421307 731823 123502 42334 294973 411376 705193 759370 623958 749242 197878 141094 61649 567181 458638 935642 386544 397868 999999999 698694 768382 1079239 399486 722658 760376 439910 572076 671452 876847 340557 290949 673734 870560 247545 856880 765291 892510 498574 229834 673892 545112 729724 484428 262149 672878 845123 324559 933964 601701 270412 618469 247992 580035 341918 447477 729797 456809 732748 766522 444253 783081 283287 512220 428034 763722 436075 456129 707974 895931 459206 294293 717546 327015 61656 623140 101322 672391 169434 469850 794419 803494 854482 550428 445201 288999 550562 568918 509971 841595 323965 597447 564540
205259 858395 600074 982632 656720 89176 576794 454229 402446 196513 632706 684273 683646 474869 336367 789850 358112 820611 503681 715930 665542 840737 242452 441548 807597 819420 698694 999999999 121368 615104 470759 176951 142678 833490 205944 120698 310786 359727 607077 337088 385584 549258 270357 713758 343670 349279 708166 507501 166523 68756 235828 500984 525189 311570 662102 608672 270071 591867 977879 488774 741351 645309 782886 812796 754372 673916 96231 307210 228544 424119 346964 482389 552274 443842 388288 372202 322434 803032 760829 213204 867366 738952 470272 605601 130285 803200 571721 308715 208563 210307 206107 628809 693816 395339 778786 210348 329886 834057 551267 800053
204995 915799 632320 1100094 778027 45913 686405 574239 514200 305615 687547 748553 786858 482265 262659 911150 479251 941975 570515 765418 742516 957483 312981 528865 914388 926590 768382 121368 999999999 697357 481666 287378 237999 943165 212273 100349 391594 429172 632586 456245 480295 646246 349709 834424 425904 346922 743486 628183 224192 53692 339184 596483 646022 402644 768197 714516 391431 693022 1092758 579741 860606 753040 894843 934113 867712 794799 32596 414528 119027 508489 340048 596756 670116 447759 393764 489506 398867 915086 861774 325746 965659 801969 591591 681855 102679 887963 688701 204861 90011 271268 322277 743895 796300 370114 897008 315973 424434 934179 672467 917662
809773 1260496 1107873 931551 532683 651753 245208 409315 658069 433212 1076880 1087934 884611 1040858 949601 607318 455824 654479 937841 1163296 1022774 838509 756123 174648 942039 947139 1079239 615104 697357 999999999 1032356 452410 472427 931567 806869 735715 306495 829562 1128259 409745 237796 838616 348271 513458 272529 938871 1195485 437292 733763 665782 658851 817150 447747 304438 845986 206115 497363 838815 974112 833040 715992 820327 868284 662902 830807 504521 665201 658715 815532 821728 940615 663006 366464 1017395 965924 372103 298500 881454 957683 428993 1059555 1137776 473418 979881 745204 1093875 667742 901734 780090 427405 587150 727383 897430 998778 765660 643814 289526 1019548 538797 793150
277860 487505 170882 987390 835271 502599 909121 718060 479363 605428 280580 362731 588621 14050 326875 948806 621753 957937 254198 329622 410063 852378 276586 861086 717501 730697 399486 470759 481666 1032356 999999999 588041 591788 765358 272455 384278 753138 237037 158904 645816 795238 449306 718491 913452 780901 136991 278312 744042 311077 465107 381072 411361 753336 738212 595496 955966 548440 506356 947133 376928 810918 596889 745736 942007 737211 872489 494773 411003 447251 313409 146776 549082 826203 40592 88187 689821 768993 763516 632339 605239 702577 402766 688212 362748 379971 563718 640927 430586 479836 676438 448255 658691 590816 158509 822974 391433 747240 687127 717688 830820
358173 897272 685792 871968 510645 244198 400403 297722 342676 19944 684933 718444 632754 595329 510715 642072 217411 677469 545032 772365 677444 735933 317468 277959 741333 751615 722658 176951 287378 452410 588041 999999999 64513 757076 354790 294391 166646 412881 700749 179162 216061 523371 137335 558470 192930 487182 784962 354937 282398 241032 242637 482856 373762 150717 603387 431724 153672 551713 879068 482966 624341 582054 699689 672357 666629 520924 256112 280675 402600 440071 488502 403187 385797 569503 516528 205852 183862 718920 713298 39006 823509 772819 328877 622311 304205 793191 473953 484832 377389 141162 172524 537950 644598 546412 667453 219827 162898 786343 418870 691674
342211 931456 702978 936014 574465 192807 449696 360746 397138 76363 713751 753130 688154 597730 478151 705498 281912 741359 576010 800369 718257 799450 332433 299038 799961 810527 760376 142678 237999 472427 591788 64513 999999999 817334 340946 263312 168970 437998 715004 242816 244818 572557 129790 620794 201305 480492 806020 418353 280839 197510 275982 529720 437273 169305 660125 476591 214815 604378 942229 526681 688544 639508 760758 736469 728211 583779 205636 325493 356224 477145 479985 462179 445237 569353 514739 266948 181884 780160 768418 101277 878314 807923 393311 661366 272835 840355 536138 440800 327197 94245 212902 599524 699730 533021 731371 250745 188805 841779 483381 755414
823904 554063 673150 236607 411226 921677 689782 542455 431155 754617 545217 479828 177578 779298 995482 410468 558686 380586 511241 580901 391644 148042 660768 845854 53421 43202 439910 833490 943165 931567 765358 757076 817334 999999999 811974 870464 854547 580141 708638 613972 797194 325809 855371 463606 853280 810339 668956 499851 742094 891438 604308 373450 486601 812849 180715 737341 603407 268565 183134 403291 231692 191370 63492 361026 101045 450559 926344 528638 1008195 480906 823386 355870 565269 790773 785122 623186 872517 51260 145673 730745 168147 488695 479181 415694 876109 308610 288556 1052693 1011193 895798 628841 222415 174565 882341 190975 627195 796684 139802 396908 170568
11998 709460 420103 998861 740329 230222 730574 568998 411739 374317 481681 548066 641804 274592 195636 869556 465178 891434 376131 556420 554103 855175 151903 632237 775180 788168 572076 205944 212273 806869 272455 354790 340946 811974 999999999 112683 509305 245950 420536 467484 570805 492680 470735 809671 540491 143956 531350 611639 89663 192677 239757 442522 626157 503087 631415 770157 375208 546567 978227 417971 777831 621594 772799 879639 751831 767766 222757 310025 211991 340129 141048 497963 677222 241608 186180 510011 522800 792858 709150 382086 805104 599913 562436 494088 109596 706427 597420 241232 231684 416139 272535 640157 649151 192384 805345 230240 517427 778064 623140 821439
106426 816240 532268 1040454 744280 118907 690781 552907 448890 314268 587984 650397 707933 385716 216424 876709 451706 903698 473681 665278 647974 896748 221667 562245 838368 850934 671452 120698 100349 735715 384278 294391 263312 870464 112683 999999999 430805 334510 533194 440279 505940 563210 389950 807110 463968 251914 643339 602398 132782 83732 269307 512878 618945 432262 692350 724955 360035 612961 1027487 493250 807599 679174 825606 894024 800839 766089 110515 345869 139855 419111 246489 534341 656114 351898 297040 478954 441811 845879 780328 328481 881572 703439 559384 587346 9825 796054 630564 204768 141527 324101 271916 681119 716627 285171 840437 250025 450373 851677 632314 859279
510911 1054349 852141 932310 537502 345814 336802 329449 474230 151586 846944 875776 753295 759987 643437 657698 296656 699666 706267 934611 828161 807160 484088 138203 847424 856206 876847 310786 391594 306495 753138 166646 168970 854547 509305 430805 999999999 577793 867367 240684 104502 662121 41889 563714 34347 647175 950339 385611 444441 359327 405557 626740 404154 42603 719807 349120 279096 681850 952159 631836 686488 696198 793280 699315 757437 533633 359254 432718 510259 597315 647303 516593 376813 733121 679302 235451 19268 811011 833457 160603 943290 929492 383759 775664 440144 932643 566040 596359 476103 126276 333077 632215 765810 701596 734212 384245 64876 904450 475856 760718
257766 499300 278501 784304 598790 427838 682957 486443 242554 426368 276451 324570 404956 249793 416702 714685 395000 726234 144005 362508 313576 643499 118137 665536 539189 552416 340557 359727 429172 829562 237037 412881 437998 580141 245950 334510 577793 999999999 299061 426787 598307 254805 550178 676656 600127 233601 372616 508885 205112 389255 173388 206766 517453 553874 400330 731837 333000 311586 754394 177593 586874 394923 548132 711097 532567 635581 426141 179680 456673 99273 245926 315594 592982 243886 218349 469578 595803 567518 467383 418636 560214 379225 452747 252918 336531 462346 411065 484467 471575 531560 246705 437321 410934 309311 604746 193550 557221 534475 480835 616115
427602 338991 35497 941669 857775 649397 977681 777429 516220 716181 168832 249172 540685 164104 484145 957356 691200 958698 228538 185816 322021 817143 383789 962625 656910 669437 290949 607077 632586 1128259 158904 700749 715004 708638 420536 533194 867367 299061 999999999 725429 895520 425439 836268 937695 892121 294231 120236 792627 441275 610789 469935 402397 798464 846955 557648 1027617 632060 475912 891454 369233 798787 565801 701837 940965 701261 898967 642756 475983 605306 332983 304889 567859 880307 198901 244650 767840 884548 717211 565834 711490 615602 274987 736402 293412 529973 460269 646305 589184 636830 804618 542663 648035 539437 313880 801170 487065 852307 608122 746472 803781
474490 854779 702874 703837 331649 416154 266370 119054 253780 166893 667136 680050 516923 656075 648832 462911 56692 498552 528308 753599 619410 572906 372894 262989 606968 615627 673734 337088 456245 409745 645816 179162 242816 613972 467484 440279 240684 426787 725429 999999999 200333 440892 243050 380267 242047 575343 786908 175794 380216 405527 264773 413224 194600 199401 482084 310839 97725 452124 717705 426006 455797 457895 552956 493856 517391 342107 426915 250697 565089 412041 580573 280444 216018 637822 591759 44175 258882 570901 596341 141578 705489 730977 153314 573252 449829 707309 325422 642296 545216 297022 202058 391588 529627 645898 501549 256858 185467 666249 245844 527167
574231 1051006 876686 854075 451657 434461 232576 256789 453141 196489 855370 874541 713978 803536 721951 565569 255475 609130 714753 942768 817604 735641 519493 67242 795839 803471 870560 385584 480295 237796 795238 216061 244818 797194 570805 505940 104502 598307 895520 200333 999999999 640985 140389 469804 77974 701275 968352 307801 496170 442233 425660 611878 325062 78355 677987 245216 271793 652132 879820 622593 612531 653206 734473 610423 697576 442720 447700 434605 599251 600568 703218 478931 283434 779733 728138 177002 111023 751000 792419 191204 900430 926566 318229 769519 515637 907581 511927 684577 567721 226891 352882 577347 726784 762146 661620 408927 56038 860778 405791 688817
504678 426254 391375 538776 449200 632566 634238 434742 188688 528196 290828 266753 150221 463355 671219 536089 387575 534432 202065 362016 187414 403157 344664 703696 284444 297650 247545 549258 646246 838616 449306 523371 572557 325809 492680 563210 662121 254805 425439 440892 640985 999999999 648705 528341 672889 484665 427646 426395 431029 597999 313669 50450 425364 626259 147923 687080 383148 57914 502866 77486 373392 147583 298141 516332 287924 493116 634722 248523 696513 155567 497652 180671 516178 470829 460911 470944 681385 316725 217376 509539 319421 308846 376183 158956 567574 270789 230365 733848 704644 663113 361459 222914 156727 557356 378092 339645 618831 288499 351729 383437
471956 1032845 822139 943394 554558 303926 369871 342323 462550 125454 822025 854034 746646 724951 601956 678073 296934 718826 681888 909520 809914 815057 452490 179736 845651 854914 856880 270357 349709 348271 718491 137335 129790 855371 470735 389950 41889 550178 836268 243050 140389 648705 999999999 585706 76199 609857 922071 399912 408498 317678 379714 611173 418832 65317 714392 385490 266466 671682 960018 614137 696175 691420 795029 717416 759843 553789 317365 412937 468398 575371 609576 511058 399769 697378 643147 245403 52172 813249 827159 139952 937360 908171 392263 756041 399220 919488 567066 554486 434382 86605 308600 633055 758976 662786 742963 357148 91176 898999 485184 768998
818982 930950 906329 418831 79966 795607 273260 261218 434118 544446 818579 791255 490126 926376 1002578 97248 356381 143421 709691 889691 703724 341601 679708 489995 491113 491606 765291 713758 834424 513458 913452 558470 620794 463606 809671 807110 563714 676656 937695 380267 469804 528341 585706 999999999 545553 885366 955088 206260 720201 782514 573043 538580 188717 523518 452588 307366 447331 495157 466413 569974 231917 430262 405919 149791 372320 42025 805972 514761 938990 608971 894190 370168 186993 919372 886116 354186 575897 412739 540422 519965 619919 826519 248368 686603 816137 709476 298010 1011803 922275 659428 540153 322632 500782 962202 275876 579583 499041 582801 195835 301017
542414 1071074 876008 922478 523608 380109 309851 320501 484310 176251 866672 892883 758346 788066 677154 640651 298711 683542 725762 954383 842497 800162 509777 104029 848300 856671 892510 343670 425904 272529 780901 192930 201305 853280 540491 463968 34347 600127 892121 242047 77974 672889 76199 545553 999999999 677223 972699 374905 473607 393260 427072 639338 392984 47405 723931 319159 291632 689937 944955 646130 678283 699864 791372 684077 755067 517129 393546 449411 544594 615095 677692 521516 358663 761802 708364 230541 33753 808666 838060 181492 947413 946193 377990 791200 473365 942681 565387 630686 510440 160047 353988 631473 770985 732869 726663 406820 56725 908239 468757 753499
146896 610564 301319 1017850 810757 370821 841699 664020 459614 505984 390434 467128 633471 135949 206651 933622 562017 949306 319499 452898 495268 877075 207837 764874 767137 780444 498574 349279 346922 938871 136991 487182 480492 810339 143956 251914 647175 233601 294231 575343 701275 484665 609857 885366 677223 999999999 411717 699011 205112 334656 318556 438575 711137 637548 631928 884918 478397 542316 986772 407287 817229 627765 780830 935296 766027 843452 362107 370613 311103 331078 13810 540454 773705 100956 49608 619303 661582 800012 689803 510237 773674 513716 645593 439761 246676 651814 638789 301620 342955 558978 373333 669477 638275 77606 837159 320159 649800 752422 691506 849208
539310 226093 111451 905451 875503 757181 1026787 823650 556268 798834 136847 189144 515118 284146 604312 962657 746598 958092 260617 92546 278864 791764 474059 1035551 615711 627254 229834 708166 743486 1195485 278312 784962 806020 668956 531350 643339 950339 372616 120236 786908 968352 427646 922071 955088 972699 411717 999999999 830835 541686 718083 545699 418279 834056 926333 539456 1078282 698634 468771 848254 389624 791860 552631 672786 939322 678600 918763 751435 536787 722555 376940 422950 592470 920612 318628 362163 827287 968266 685736 523297 791216 553347 192136 775760 273389 640880 389474 657597 708896 752827 898019 618942 647120 511064 434114 786706 566136 929055 553056 771614 785169
620316 852148 764639 547574 156880 589592 210065 58444 276723 342154 699070 690729 449568 756064 801957 287159 150743 323662 572468 779543 613714 428073 491205 348948 506252 512054 673892 507501 628183 437292 744042 354937 418353 499851 611639 602398 385611 508885 792627 175794 307801 426395 399912 206260 374905 699011 830835 999999999 521997 576257 381086 418181 19146 343254 410476 262722 242392 414391 572043 442890 304738 384810 436379 320050 398868 166880 599847 333775 733092 460139 706613 245908 90312 744401 705670 156255 400825 451272 520889 317081 622280 735029 56357 581035 611561 664086 231082 806828 716029 465720 339486 290141 462269 774275 353937 383737 321600 582266 102999 381230
98788 697629 433605 920283 651321 224024 644874 479745 329483 301023 470263 526880 576912 316890 283409 781064 375934 803769 347483 551825 518325 776370 89262 559837 708367 721080 545112 166523 224192 733763 311077 282398 280839 742094 89663 132782 444441 205112 441275 380216 496170 431029 408498 720201 473607 205112 541686 521997 999999999 184975 152859 380624 536493 433007 562797 685835 286563 481691 903288 360505 694368 550759 699456 792357 676386 678324 221524 226283 266475 286465 207282 415934 588260 288881 234862 423277 459606 719673 648333 305195 748958 580911 472811 457665 136635 664486 514616 314430 273785 365963 183108 560580 585298 268788 723805 141206 444790 719363 534589 741000
188030 882058 607756 1046628 725262 39376 641387 522907 461717 259995 654255 711855 736881 467220 284588 858394 426806 888863 532309 734430 701165 904125 271499 494429 863447 875548 729724 68756 53692 665782 465107 241032 197510 891438 192677 83732 359327 389255 610789 405527 442233 597999 317678 782514 393260 334656 718083 576257 184975 999999999 288304 548608 593939 365865 717371 671496 338357 643568 1039783 533262 806928 701750 842512 880853 815043 742658 37207 362933 161638 463934 329720 543771 620349 433928 378687 440007 368602 862737 812539 278574 917330 765867 538808 640623 90758 844097 635270 244250 139835 245825 268804 690815 746548 368671 843425 264447 386197 885250 619083 864162
250056 656146 451197 771527 501833 320858 529243 345616 179684 254760 442322 477540 448845 391306 435256 630126 244528 651678 302457 529807 443486 627714 111025 492822 575252 587422 484428 235828 339184 658851 381072 242637 275982 604308 239757 269307 405557 173388 469935 264773 425660 313669 379714 573043 427072 318556 545699 381086 152859 288304 999999999 266009 393891 380633 429112 575262 167391 356277 758320 256619 542195 413883 557403 639957 531850 531024 324166 76604 408994 201322 325735 265564 455287 373634 329449 308827 423843 577680 525320 245660 631548 532235 328715 385821 275991 572487 363132 464924 408124 370156 73317 411943 458722 393253 572861 26441 383851 598420 383906 590924
454518 443365 369690 580939 458688 583523 622145 419796 159669 488852 283254 273970 199585 425359 622345 554965 362280 557277 174224 361548 206252 442642 294225 676001 333572 346707 262149 500984 596483 817150 411361 482856 529720 373450 442522 512878 626740 206766 402397 413224 611878 50450 611173 538580 639338 438575 418279 418181 380624 548608 266009 999999999 419414 592283 193619 674754 347922 105038 548205 34662 402021 189509 342318 539958 329048 501313 585432 204308 646063 107698 451346 174823 508493 430349 417055 446286 645998 361441 267824 471369 369263 321420 365165 164293 517192 310699 244052 683732 654283 621387 317355 249518 206642 512384 411739 292221 586423 338800 353387 419546
634997 850247 769972 529601 137753 607698 215677 77590 282247 361111 701415 690798 442161 765515 817217 268311 167692 304570 576711 780962 612328 411487 503484 364665 494549 499990 672878 525189 646022 447747 753336 373762 437273 486601 626157 618945 404154 517453 798464 194600 325062 425364 418832 188717 392984 711137 834056 19146 536493 593939 393891 419414 999999999 361857 402876 267822 258935 410804 555100 445174 287808 377271 423110 300905 385557 148787 617861 344090 750295 465580 718976 245674 91512 754588 716736 175387 419217 437568 512075 335995 612142 734209 65659 581305 628051 658301 223101 823516 733654 484860 354478 280052 454769 786760 337246 397473 340002 572186 91050 364649
505676 1023669 830345 889762 495710 356758 304742 286923 437809 132800 819571 845488 713962 745706 647451 616916 255725 658496 678638 907281 795210 764580 465526 130116 806368 815015 845123 311570 402644 304438 738212 150717 169305 812849 503087 432262 42603 553874 846955 199401 78355 626259 65317 523518 47405 637548 926333 343254 433007 365865 380633 592283 361857 999999999 680021 321778 244449 644187 909575 598831 643887 656198 751412 657840 715459 492723 370053 402020 521661 567755 638569 477110 336913 720155 667244 192895 59703 769047 793924 135534 903551 898789 341205 743816 441854 896308 524438 607209 489670 150284 307425 590610 726542 695318 691613 360845 25859 864553 433258 718128
643358 479977 522505 391900 379956 749133 618402 438028 264149 603798 405729 357341 39472 609537 814933 436594 425399 424779 344067 460432 265385 260073 480450 734277 146243 158638 324559 662102 768197 845986 595496 603387 660125 180715 631415 692350 719807 400330 557648 482084 677987 147923 714392 452588 723931 631928 539456 410476 562797 717371 429112 193619 402876 680021 999999999 670155 451583 90011 355034 224788 255479 25678 150434 405279 143921 424877 752998 355023 829207 301314 644788 203401 492608 618169 608820 501045 738624 168822 114438 581609 223530 383419 373128 268287 697685 259906 179781 872292 833545 744330 460827 131477 51911 705098 247256 453086 667487 184688 314346 246937
775931 1113325 1002663 725733 330836 669395 52854 255567 523054 412196 950546 948665 709538 966450 940398 401383 336862 448533 817707 1033648 874458 636402 683724 228209 752468 756388 933964 608672 714516 206115 955966 431724 476591 737341 770157 724955 349120 731837 1027617 310839 245216 687080 385490 307366 319159 884918 1078282 262722 685835 671496 575262 674754 267822 321778 670155 999999999 408564 677068 769717 696504 515506 644626 674754 456792 637683 299881 682215 552408 832198 701847 889593 506492 177600 948623 902496 266667 352891 686496 777716 396491 874582 994659 310902 838883 734778 926111 490463 915744 803772 471781 512350 544506 722066 953883 564600 567645 296808 834936 356025 591823
