NAME : synthetic_000407
TYPE : CTSP-D
DIMENSION : 100
GROUPS : 8
RELAXATION_LEVEL : 1
EDGE_WEIGHT_TYPE : EXPLICIT
EDGE_WEIGHT_FORMAT : FULL_MATRIX
EDGE_WEIGHT_SECTION
999999999 282133 284722 402086 179737 742066 382904 409150 386839 350729 424749 531132 372438 369710 677993 590641 542009 579634 402936 454129 661529 289960 626512 537292 310532 496892 432331 389367 413278 219137 417123 566509 402430 399475 397755 611418 543203 717642 456101 255039 628325 622704 429640 188888 732061 803525 569638 208995 326885 275935 477136 530515 451794 562893 573936 538014 47650 433635 536026 690997 497816 519847 142396 194946 472169 518259 581898 412359 283921 321947 629553 344417 382861 524123 507875 345436 111690 391917 293689 263581 478016 279444 336159 186949 571453 382597 459296 475333 585841 198073 371838 421227 677345 326718 409663 494434 304501 294582 629290 274999
282133 999999999 566121 442445 341393 460306 660264 189468 149693 433723 696373 283400 569033 88731 408161 399051 352122 536233 301964 733673 560832 513125 416307 571539 325322 232800 564561 546742 438877 89230 416379 400516 371117 572369 557095 336962 266084 444315 178149 331618 669463 350576 706307 467297 449928 533182 291171 256840 594228 264515 236203 352673 544147 490545 627214 412390 263956 354149 336045 434128 435181 271443 422423 458823 343125 454579 334258 410870 558218 210573 378716 139934 499449 366661 264818 547109 250293 658320 57567 514721 512237 212504 494490 464037 436554 125980 197940 317969 398462 363352 443261 458210 435340 48772 303645 256087 314838 494694 565335 467933
284722 566121 999999999 515406 345105 1026401 108615 671436 656668 488740 164854 796923 308596 654165 951856 848733 802100 717438 614283 171306 830684 280064 890473 665081 481152 779872 489881 431411 535455 502409 598569 788309 571437 416090 433843 888854 822853 1001461 737006 408167 733776 906509 154317 102338 1015739 1086391 849907 414385 111813 506598 742512 786709 546685 725233 677719 739457 305164 625674 800143 970382 701823 799187 155541 140535 685470 719727 845741 556666 65648 558721 893537 622000 475723 745803 772594 287161 358886 155086 572004 209240 572889 510691 400816 107896 805384 658255 733428 728049 842468 344143 468396 530915 951905 611338 622224 757807 513043 272322 775231 327426
402086 442445 515406 999999999 580310 785104 543867 371790 393442 745728 539282 468284 277077 501626 627797 841346 794566 202077 208135 615350 322026 674865 855882 926142 117807 651146 834397 790226 22689 467980 788463 345456 109425 797511 798224 596402 560166 820482 508095 147642 1021091 740135 573107 434783 761554 910209 585999 212289 453664 628269 427963 794596 851378 218036 968633 272278 356373 176223 778244 843338 843564 700739 477405 379516 252651 864336 498144 62992 460886 249301 537026 579717 784080 312012 446408 276485 493503 491227 395405 628071 77190 231028 737727 426531 872580 422747 461182 756027 840890 599694 49047 19171 859457 482260 214392 430871 671195 257227 260223 673091
179737 341393 345105 580310 999999999 764451 453685 515120 482052 173584 508755 623112 532549 411355 746896 513797 469771 750701 554404 509089 821780 175722 559742 362063 482655 494611 256986 221186 590397 252942 260419 703230 570795 239488 230722 673587 601500 713256 515067 432721 450389 621267 498750 286707 761612 789757 624157 378480 429653 168079 573157 451667 272057 727901 395352 688097 224011 592628 471730 663061 358416 497662 198939 324146 618687 377062 674416 586140 376621 463156 719655 327777 203776 662800 603013 504999 100855 489762 379293 197622 656742 428918 166402 290081 461031 465176 539198 392069 506596 22875 551384 599480 633988 369840 560059 592560 168032 458362 797410 126626
742066 460306 1026401 785104 764451 999999999 1119818 416204 405168 783942 1153689 322890 992955 372360 200314 413631 412545 763034 578706 1193739 699277 939536 371200 835448 692613 273533 921648 926275 770491 529997 700193 512857 679169 959455 936436 193796 226784 115915 298543 734477 915927 160595 1165537 927440 30902 161866 199814 674314 1050670 622539 357350 436598 871894 698213 897001 584443 723485 621411 391134 214207 640050 290886 880693 916036 555300 648080 310455 729058 1017217 549293 294042 437790 857627 518284 341780 975521 692723 1113717 461733 956401 829056 587178 883562 924006 533982 387493 328202 469945 422837 782782 809294 793214 275645 415524 573406 356373 659140 926792 755418 882455
382904 660264 108615 543867 453685 1119818 999999999 749445 738928 594192 60980 875096 295118 748914 1033971 956135 909205 743738 672406 76977 865494 376507 997186 766835 532151 879796 585159 526440 565589 602030 705994 845636 616041 507239 527718 974133 910450 1100274 826318 460226 831386 1005380 46948 194053 1107630 1186421 937950 481870 90241 614911 821104 894211 646090 760597 775904 789617 396413 676097 906697 1072915 809966 901620 262439 207397 741936 827715 922265 593301 103389 628571 969670 724938 576681 804049 850442 281428 464787 76458 660659 306343 590490 580472 500694 196554 913979 744062 817418 835757 950010 452380 494980 556881 1056371 706849 680511 835099 621647 287034 802593 429407
409150 189468 671436 371790 515120 416204 749445 999999999 42700 622151 772970 125731 582486 182017 286613 524034 484174 396119 172962 826173 390157 678072 524028 759735 276578 304030 750642 729054 359078 273958 604095 214574 270399 752311 739262 236177 189599 449441 141314 323220 857333 372990 792142 569117 394660 538719 216402 273086 669957 453980 71690 492579 733096 339327 816104 241632 373408 223516 462957 480318 613033 359867 549314 542264 180589 631292 174445 319637 646541 134617 222304 306709 686248 185556 101216 567261 416624 728897 138397 667285 423346 177271 675546 563649 590658 77735 89399 473482 526555 537856 393413 381621 505191 192991 169798 86414 504306 521538 411426 640788
386839 149693 656668 393442 482052 405168 738928 42700 999999999 583354 765520 144779 588026 139958 295390 484570 443826 432913 203834 815221 431959 648089 486537 718208 290745 268378 713308 693406 382596 236346 562461 257202 297022 717605 703681 236539 179777 427957 114747 329311 815658 346796 782621 554438 386035 518244 207665 271487 662109 413864 91922 451572 693838 377873 774921 283042 354359 256265 422989 451552 570361 323141 528557 531572 219987 588600 196063 345074 635610 146716 243306 264011 648507 228101 122498 571155 385103 722607 102789 640712 449759 182032 640341 549436 548799 36159 79808 431332 486779 504623 410703 404771 472825 150441 201862 110807 464084 523429 450786 608331
350729 433723 488740 745728 173584 783942 594192 622151 583354 999999999 653086 712316 704747 478861 809881 451422 417831 905797 694715 637786 964779 235043 504083 188648 641948 512153 138703 147155 754089 348556 123944 826859 725182 183251 156535 734355 663486 710015 584657 598382 277596 627227 635896 449033 787968 773162 681276 537822 585694 173882 668594 394527 112094 876824 223491 823772 392273 738213 428496 639805 234425 495481 359957 492417 753034 247907 761442 745791 531379 599301 802540 361234 73690 789259 695962 677206 252411 641358 484277 295669 822750 572534 120635 453619 364208 558365 623925 339239 442252 160770 719792 764852 597091 445119 699333 688556 127841 631410 948835 170395
424749 696373 164854 539282 508755 1153689 60980 772970 765520 653086 999999999 898016 274910 785074 1059100 1005873 958426 735385 683601 84269 861062 437285 1045622 827069 540873 920204 646094 587374 561593 643195 763408 854919 619713 568208 588685 1001841 940171 1139117 857720 470984 892227 1044465 42583 237418 1140230 1226344 967918 501474 103479 667306 844601 944215 706703 757295 836687 794868 432962 682539 954977 1115690 866290 944588 313749 237749 751453 884331 943802 592622 140990 647648 990726 768908 637017 814193 873258 266490 513263 48124 692467 366976 579037 600051 561175 238264 967589 773209 844820 886265 1000042 508635 490269 550656 1101489 743850 691725 857607 676293 283334 794340 489430
531132 283400 796923 468284 623112 322890 875096 125731 144779 712316 898016 999999999 699631 237450 164488 531442 499814 443566 260162 951852 397925 791433 518557 831754 387844 301644 846009 829968 452062 372592 676531 204647 360106 855767 840340 129706 118541 382299 141515 441986 927193 325547 917651 694588 296845 465478 135351 397106 795170 539303 54447 513828 820430 379727 890810 266959 497279 299570 476342 436371 666688 358208 672423 667966 232448 682882 51504 409745 772241 253700 98536 366833 780379 200040 24771 686023 527899 853603 245210 785364 507487 299525 777878 689195 618881 157995 88745 509127 536202 645424 497307 474717 474774 267321 254102 40715 588370 642147 442341 749709
372438 569033 308596 277077 532549 992955 295118 582486 588026 704747 274910 699631 999999999 651159 864094 943538 894354 464652 454619 356979 593937 552228 972071 893218 313613 801449 750387 695752 299758 549190 786443 614684 372667 690232 700954 818651 767642 1003454 696357 259357 977011 913189 313626 274183 974029 1094056 795416 320457 211860 648110 650530 886714 790785 492750 920744 546139 348862 440066 884214 1002772 870238 839555 355169 218903 514785 890650 738831 336443 243269 448039 782717 680501 717698 577297 675416 27551 484059 228843 543854 487726 306595 406519 652384 267021 939093 606360 666493 835671 940195 543979 229867 285207 1003444 617297 462411 659231 676322 78718 523354 577604
369710 88731 654165 501626 411355 372360 748914 182017 139958 478861 785074 237450 651159 999999999 336857 348916 306177 567856 333918 822160 571917 586238 356512 594566 387952 152447 614962 604037 494876 162036 439161 394302 417611 632486 614480 262644 190458 356591 106345 405483 690447 263620 794998 555777 363051 446041 212816 333613 682850 305000 201752 312574 585051 515326 653417 422961 352668 387374 286351 352496 435487 199195 508765 547480 358873 452959 284406 462098 646936 255455 323963 130454 548916 367422 224744 630171 327740 746854 109649 593675 566317 271745 554172 552607 408847 104283 149021 291465 350332 432171 508948 515718 360182 43606 333479 220982 352976 578365 588993 536256
677993 408161 951856 627797 746896 200314 1033971 286613 295390 809881 1059100 164488 864094 336857 999999999 533822 515523 576667 420339 1110400 502630 920556 505234 902190 551924 324628 947734 939831 610366 494472 752331 322395 518597 968929 950273 75548 146943 296081 231835 606403 992502 280589 1077325 849699 169623 360942 129075 559675 955901 636847 215508 535354 911597 511381 963411 398533 648370 454634 491482 378483 719144 370303 820372 826574 381839 732002 129852 567497 930729 417836 98715 449056 881662 335113 188873 850494 658419 1015326 384563 922502 660945 462999 890652 844767 641679 295403 218927 548903 541074 768143 659218 632792 431867 377194 413684 205034 682228 806390 563305 872533
590641 399051 848733 841346 513797 413631 956135 524034 484570 451422 1005873 531442 943538 348916 533822 999999999 49191 916378 682834 1017980 911346 664251 54118 443336 724371 229855 574456 597536 837108 395044 337813 723976 764504 634110 606332 470061 423833 308058 397597 726383 512822 261759 1002675 769589 431055 344481 422937 650240 913829 345814 519581 62218 509581 862429 502667 764686 600060 736287 63187 214802 247659 173353 693699 785272 704354 249565 560892 807146 866112 601734 580671 266352 519357 704174 530814 918776 492739 978240 447349 706530 910004 610705 569659 769865 122196 448504 461051 121729 10140 522910 841751 856852 158267 360135 682332 534581 354909 865471 935258 598056
542009 352122 802100 794566 469771 412545 909205 484174 443826 417831 958426 499814 894354 306177 515523 49191 999999999 874013 639688 971795 873200 624155 90080 428116 677340 199551 545418 564825 790762 345956 309873 687916 719500 601075 573959 448324 396868 314502 362661 678108 504283 254568 955835 721832 426877 362463 398837 601909 865793 301730 484224 25118 483849 821186 488873 725590 550986 693153 24149 229083 230850 146401 646841 736758 663809 236747 532279 761481 818423 556797 555217 217829 487803 666360 497413 869585 445166 930307 401676 664112 863881 564288 534057 721978 126318 407669 425562 79887 46634 479842 794143 810281 180185 314634 639479 500085 314577 816281 894508 558486
579634 536233 717438 202077 750701 763034 743738 396119 432913 905797 735385 443566 464652 567856 576667 916378 874013 999999999 235264 813667 134150 863446 919431 1076530 269135 700126 1007663 968081 182164 588810 929399 254706 180644 979109 976760 569713 557436 824981 535017 330281 1173937 760168 770928 635131 735073 909039 577903 372445 653771 767336 423759 879564 1015596 65287 1124442 178779 532107 182255 854106 870228 967105 755704 671760 580850 217896 987173 453160 168875 662789 326470 478075 674992 952532 244779 429000 469253 655855 687686 480031 821539 158621 338747 914133 626947 970825 468605 474890 851907 918079 771775 249893 187357 899615 563433 234816 417226 814684 456732 58964 854592
402936 301964 614283 208135 554404 578706 672406 172962 203834 694715 683601 260162 454619 333918 420339 682834 639688 235264 999999999 748763 270070 692478 688357 855943 143820 471988 808367 775582 192141 361074 704922 174091 100473 792041 785058 388610 355951 620857 314085 212741 954090 545929 710072 516467 554452 709295 380819 203917 585276 544220 221455 644677 806471 189125 907068 135162 357018 53468 620222 653144 735503 526088 524440 474781 71563 755274 291117 150357 574757 96436 331871 440001 748713 131864 238491 445174 454464 636472 245222 664267 251793 125686 720803 509356 735582 238144 260404 616669 684194 576823 239267 214847 676464 328173 8126 223123 593234 408190 263874 670511
454129 733673 171306 615350 509089 1193739 76977 826173 815221 637786 84269 951852 356979 822160 1110400 1017980 971795 813667 748763 999999999 937357 410127 1060557 802441 607952 950472 613341 555168 637360 672765 754043 921745 690655 531875 555064 1050084 985927 1171694 901351 536341 860405 1076743 43354 266384 1182061 1257093 1013342 558846 164239 674012 897813 955837 679033 832868 806084 864801 470342 751508 970416 1141642 860552 970420 326462 283948 818043 877496 999131 666439 179695 705548 1046561 793272 612595 880295 927214 346665 529879 128146 735730 343146 658602 657449 536027 269740 970003 819803 893510 896847 1011483 505189 566323 627638 1123114 779751 756875 911903 676743 358142 872619 468917
661529 560832 830684 322026 821780 699277 865494 390157 431959 964779 861062 397925 593937 571917 502630 911346 873200 134150 270070 937357 999999999 950833 906469 1124543 358562 685098 1077131 1042584 300014 628229 972196 193289 264098 1057371 1051849 512034 516455 775985 515488 428386 1222790 723466 895133 742469 669541 854089 531960 453210 775253 812662 394644 882421 1076504 105482 1176466 149339 614153 229236 851415 834294 995687 742281 768812 691367 217719 1014813 392466 274127 779631 365925 405535 692449 1018195 207214 390125 596511 722746 813061 503304 915546 290719 393647 987899 734525 980742 467772 452032 863213 914489 843905 371069 310479 871541 577728 265619 382448 862103 579216 83316 934324
289960 513125 280064 674865 175722 939536 376507 678072 648089 235043 437285 791433 552228 586238 920556 664251 624155 863446 692478 410127 950833 999999999 713832 392401 596089 668519 209843 151350 689366 426102 357587 852819 689667 138864 154051 847852 775915 885081 688945 533561 454989 794253 413993 278048 937125 959013 799021 497640 388698 328555 739938 603474 269916 850926 399404 827633 336919 723491 629650 829818 467789 668211 203629 334575 761004 482310 842927 694678 335654 608356 889051 502092 202476 810941 770301 526098 263686 434760 546245 70860 746927 568008 125911 285247 591643 634338 709758 544426 656016 156754 637092 693473 796196 544206 699057 758873 309628 491274 915293 66882
626512 416307 890473 855882 559742 371200 997186 524028 486537 504083 1045622 518557 972071 356512 505234 54118 90080 919431 688357 1060557 906469 713832 999999999 496687 740081 221460 628217 650538 850274 423032 391601 716361 774120 687034 659429 445688 406093 261663 390997 747149 564382 226802 1043914 808584 390775 292163 401795 671518 951827 391742 512179 110571 563647 863348 555662 761942 632717 741560 90677 165250 301544 164519 735038 821458 704509 302914 543794 818404 905245 611865 559564 291591 572619 699487 520420 947922 532562 1016549 460477 754188 922321 624877 621663 808460 172867 451012 454441 169426 64104 569918 859268 870671 106103 373808 687219 525755 404203 894605 935018 647982
537292 571539 665081 926142 362063 835448 766835 759735 718208 188648 827069 831754 893218 594566 902190 443336 428116 1076530 855943 802441 1124543 392401 496687 999999999 818298 581699 199343 252449 933033 496605 155865 972049 896908 283309 255372 827824 761623 742383 694018 779827 98275 674932 805823 634328 846136 787477 774099 715400 766955 311883 794998 403079 125347 1042541 61749 979080 577031 902847 447006 655763 197293 547876 545662 679745 908472 193788 877165 921508 712541 759511 913185 465012 190262 937562 819202 865686 433976 819688 627206 461026 1003332 738719 266673 639349 326401 688268 743572 365591 433197 349298 902819 945137 601505 569819 859672 814625 262743 820055 1116072 337779
310532 325322 481152 117807 482655 692613 532151 276578 290745 641948 540873 387844 313613 387952 551924 724371 677340 269135 143820 607952 358562 596089 740081 818298 999999999 539104 739379 699055 117932 350894 676908 314142 94530 710000 707686 510596 465842 718198 404853 73020 914460 634242 568480 387645 671231 808698 492895 104398 443904 515558 340904 677039 750198 255835 863234 258716 262979 144783 661342 734544 728084 587059 410275 340621 210586 748782 425530 103878 436987 144100 469124 462021 685473 273338 364054 302557 390043 493487 280056 557707 191554 116234 645223 379988 754826 316441 364600 638220 723744 503394 121542 134738 747541 366279 151885 347910 560039 264400 319316 585522
496892 232800 779872 651146 494611 273533 879796 304030 268378 512153 920204 301644 801449 152447 324628 229855 199551 700126 471988 950472 685098 668519 221460 581699 539104 999999999 650494 653178 643166 277795 436840 495641 562148 686099 663385 253373 197651 222353 169619 557895 669700 127948 926513 685762 275884 306655 201726 485592 819746 349006 291190 215910 604440 642943 643335 540548 488226 524625 175671 201364 394913 57283 628092 684502 484009 407431 332758 608481 780039 402590 356294 166886 585799 478052 301139 779789 430879 884505 262096 689515 713271 422916 610046 683603 322641 233910 233146 224288 234564 511987 660435 664510 208461 184237 470209 305437 386255 727464 714087 610068
432331 564561 489881 834397 256986 921648 585159 750642 713308 138703 646094 846009 750387 614962 947734 574456 545418 1007663 808367 613341 1077131 209843 628217 199343 739379 650494 999999999 58722 845481 476993 236643 949980 827773 84418 58353 872254 801111 845108 721127 687308 247098 764090 620925 478837 926181 905190 819344 635344 597843 310927 800638 521165 76312 984459 192969 940651 478589 848315 558334 771396 337366 632226 395243 531574 870481 344816 895776 842651 544321 715099 937789 499580 66103 910940 828742 723448 354425 644595 612245 280702 910112 683553 98988 485228 474605 690270 758114 469069 564808 235985 802878 853529 725600 579690 813661 820560 266381 683689 1054304 172790
389367 546742 431411 790226 221186 926275 526440 729054 693406 147155 587374 829968 695752 604037 939831 597536 564825 968081 775582 555168 1042584 151350 650538 252449 699055 653178 58722 999999999 802247 457825 263083 922887 789216 36814 10444 864713 792889 855616 710337 644028 305530 771251 562323 423043 928865 920000 812605 595801 539764 305987 782630 541362 127107 947688 250916 909241 436490 813359 575650 786777 370077 639911 341117 476854 839717 380066 880498 801554 486418 684142 923863 495730 79441 882909 811535 669002 321607 586022 591119 222180 865188 650060 54785 429648 505023 672681 743172 486381 588220 198790 756965 809280 744228 566441 781245 802414 267167 630500 1016249 119887
413278 438877 535455 22689 590397 770491 565589 359078 382596 754089 561593 452062 299758 494876 610366 837108 790762 182164 192141 637360 300014 689366 850274 933033 117932 643166 845481 802247 999999999 468641 793534 324214 91984 810385 810404 580746 546415 808402 496923 158256 1028518 729362 595205 453306 746498 897797 571895 217735 475359 632629 413144 791502 860679 195709 976524 250321 366929 156996 773940 833578 845992 693647 493439 398707 233042 866698 480569 43070 481671 240588 518676 577222 794122 291531 430615 299119 501679 513518 390129 643948 73878 226474 749370 445091 871442 412926 448321 754275 836922 610183 71354 22724 851167 477280 197974 415262 676428 279220 239781 685811
219137 89230 502409 467980 252942 529997 602030 273958 236346 348556 643195 372592 549190 162036 494472 395044 345956 588810 361074 672765 628229 426102 423032 496605 350894 277795 476993 457825 468641 999999999 344079 479365 414100 483184 468157 421868 350085 499052 262864 338161 594880 404100 648777 408025 522864 584449 373802 262305 543704 185065 324812 340132 459984 549500 549870 482497 214046 410064 335079 472815 379719 302207 352213 409136 411867 400144 423487 447251 502679 264929 467881 131863 412357 442945 353758 524905 165726 608676 135765 431652 542413 251309 405370 405984 406930 214923 287031 293779 392208 274661 459437 485478 462633 118924 364300 344616 235133 471583 623883 379277
417123 416379 598569 788463 260419 700193 705994 604095 562461 123944 763408 676531 786443 439161 752331 337813 309873 929399 704922 754043 972196 357587 391601 155865 676908 436840 236643 263083 793534 344079 999999999 816839 751219 299897 271194 677363 609731 615859 539710 644747 253242 540156 749243 547025 708013 671470 623560 576236 688979 162154 639235 285308 174428 892766 214285 825742 451023 753075 324143 537649 110518 409414 458759 583659 755353 124809 722452 778831 635388 608582 759305 310206 183764 782840 663639 759030 306880 747716 472496 415012 865413 590679 244082 550490 242119 532407 588179 235781 328168 256146 769152 807172 489926 413957 708296 658892 117323 709941 966829 291698
566509 400516 788309 345456 703230 512857 845636 214574 257202 826859 854919 204647 614684 394302 322395 723976 687916 254706 174091 921745 193289 852819 716361 972049 314142 495641 949980 922887 324214 479365 816839 999999999 242082 942716 932783 321964 323169 584249 326441 385422 1069974 530179 882545 690092 483997 664261 339031 376241 757878 663284 204501 698841 938739 189490 1027405 79742 522538 174780 665451 641017 827540 552924 694279 648872 103704 845701 202738 282590 748631 244721 223689 521104 887297 42859 197351 608482 602405 807414 345256 829922 357963 287901 868369 683071 800110 290940 262930 684584 727689 726066 387669 344322 678544 407561 166110 190693 713648 575812 242562 824754
402430 371117 571437 109425 570795 679169 616041 270399 297022 725182 619713 360106 372667 417611 518597 764504 719500 180644 100473 690655 264098 689667 774120 896908 94530 562148 827773 789216 91984 414100 751219 242082 999999999 801389 798062 488919 455958 719677 410153 164927 994072 642703 649955 480129 654911 808576 481073 193666 526509 589067 321876 722210 834959 161473 944208 175475 354780 68232 701395 748513 793787 614449 504795 431107 144624 814157 388864 49890 524241 162770 427607 511033 772119 205784 338778 367171 475323 571744 318144 652137 153031 162889 735016 472327 807536 329198 359097 689072 765039 592096 146591 114613 768925 404898 106072 323507 635714 337410 227084 677211
399475 572369 416090 797511 239488 959455 507239 752311 717605 183251 568208 855767 690232 632486 968929 634110 601075 979109 792041 531875 1057371 138864 687034 283309 710000 686099 84418 36814 810385 483184 299897 942716 801389 999999999 29531 894030 822038 890247 738611 652528 329295 805189 541314 416231 961506 955422 842286 607723 526132 337814 807578 577709 158705 960964 276316 926377 447027 828214 611639 822354 406751 674103 338072 471870 857394 416551 906574 811596 473642 702044 950491 527027 116225 902234 836817 663874 340317 569538 614978 207954 871599 666357 78318 423245 541823 698055 769618 522445 624821 216651 762603 816450 780294 594039 797943 827261 300833 627518 1028438 124655
397755 557095 433843 798224 230722 936436 527718 739262 703681 156535 588685 840340 700954 614480 950273 606332 573959 976760 785058 555064 1051849 154051 659429 255372 707686 663385 58353 10444 810404 468157 271194 932783 798062 29531 999999999 875153 803330 865475 720779 652221 305342 781280 563017 427806 939100 929586 823039 604573 542747 316338 792955 550414 130283 956723 251321 918818 444978 822616 584967 796301 377553 649892 346733 482106 849356 387179 890883 810047 489621 693795 934270 506103 87436 892747 821880 674294 331272 588177 601364 224661 873033 659499 64452 434519 512924 683027 753570 495659 596978 208235 764644 817260 753483 576871 790754 812734 277304 636296 1025120 126639
611418 336962 888854 596402 673587 193796 974133 236177 236539 734355 1001841 129706 818651 262644 75548 470061 448324 569713 388610 1050084 512034 847852 445688 827824 510596 253373 872254 864713 580746 421868 677363 321964 488919 894030 875153 999999999 72188 264846 159108 559396 918758 227964 1018261 787111 167193 342375 53804 506788 898390 561394 169864 467058 836090 505095 888922 391413 584084 429200 424180 334039 646450 302061 753728 767020 361749 659814 119609 538696 870745 370659 117396 373510 806190 324946 150141 803372 586685 959111 317889 851673 637109 413043 815787 782537 573831 230622 157021 477339 476728 694617 623575 603444 381858 303763 382850 165536 606688 757213 564078 798834
543203 266084 822853 560166 601500 226784 910450 189599 179777 663486 940171 118541 767642 190458 146943 423833 396868 557436 355951 985927 516455 775915 406093 761623 465842 197651 801111 792889 546415 350085 609731 323169 455958 822038 803330 72188 999999999 268012 87945 508619 853839 207011 955123 721589 206427 354447 27977 450946 836708 490185 135935 413556 766199 494651 822377 383219 517701 401767 372846 317860 584070 251290 685241 703967 341822 598369 137708 505753 807118 322556 158709 303352 735020 316553 128821 750924 515205 898367 250852 780530 607657 361247 743775 717302 520237 167003 101510 417854 429516 622484 582973 569094 356846 231732 351278 140240 536001 703135 559310 726670
717642 444315 1001461 820482 713256 115915 1100274 449441 427957 710015 1139117 382299 1003454 356591 296081 308058 314502 824981 620857 1171694 775985 885081 261663 742383 718198 222353 845108 855616 808402 499052 615859 584249 719677 890247 865475 264846 268012 999999999 313393 750140 818122 94956 1146836 906253 141924 90795 247180 683182 1037691 559291 403606 339427 789889 761688 803305 649247 706198 668446 295469 99413 545241 217425 850276 902215 609834 551113 383818 769053 999648 574512 379017 387343 783128 582333 395985 983651 653045 1102089 460147 909607 872407 605835 816826 903790 430076 402175 360605 380677 317748 729520 838619 830879 161497 396014 616750 408116 590026 932657 824473 824379
456101 178149 737006 508095 515067 298543 826318 141314 114747 584657 857720 141515 696357 106345 231835 397597 362661 535017 314085 901351 515488 688945 390997 694018 404853 169619 721127 710337 496923 262864 539710 326441 410153 738611 720779 159108 87945 313393 999999999 439570 788508 232591 871398 636188 282902 403845 113609 376550 754392 410782 121985 375121 689937 476062 753795 371541 431921 364815 339770 339061 525563 226842 597909 620656 317456 541559 183488 458777 723148 261124 219798 229619 655056 308505 135456 678151 427581 816807 165659 692706 563159 293541 660293 632131 479041 90110 63577 367895 401471 536312 525243 519195 364705 145413 311085 137425 458189 628824 546077 640729
255039 331618 408167 147642 432721 734477 460226 323220 329311 598382 470984 441986 259357 405483 606403 726383 678108 330281 212741 536341 428386 533561 747149 779827 73020 557895 687308 644028 158256 338161 644747 385422 164927 652528 652221 559396 508619 750140 439570 999999999 874260 662299 497388 315326 715046 840934 536322 76274 372621 486324 391858 675103 703744 324238 821490 331688 208894 217765 664173 757461 705292 601583 342348 267632 281718 726164 483245 161413 364228 189017 528469 460328 636497 343986 417530 244259 346417 424028 295889 491497 224430 147374 591115 307579 745004 349481 407318 631495 724741 452241 124623 166812 764726 377159 220866 401373 527450 200667 383690 527897
628325 669463 733776 1021091 450389 915927 831386 857333 815658 277596 892227 927193 977011 690447 992502 512822 504283 1173937 954090 860405 1222790 454989 564382 98275 914460 669700 247098 305530 1028518 594880 253242 1069974 994072 329295 305342 918758 853839 818122 788508 874260 999999999 756166 867805 712429 928407 856530 865213 811136 839429 410129 891438 479755 188210 1140482 56552 1077352 669531 1000817 524947 727529 276662 632398 624993 760833 1006746 267855 971920 1017899 785300 857665 1006997 560390 261134 1035666 915191 949580 527870 888851 725290 525579 1098251 836462 333395 718014 391518 785345 839318 448851 502775 435552 996545 1040146 670424 666785 957856 910978 360857 905576 1213904 408282
622704 350576 906509 740135 621267 160595 1005380 372990 346796 627227 1044465 325547 913189 263620 280589 261759 254568 760168 545929 1076743 723466 794253 226802 674932 634242 127948 764090 771251 729362 404100 540156 530179 642703 805189 781280 227964 207011 94956 232591 662299 756166 999999999 1051963 811348 172489 182606 193472 593585 943210 470850 336497 277964 712544 698622 736518 588689 611622 595685 232295 110911 479913 131866 755444 807751 542637 488454 338503 691368 904864 491800 345135 294135 700791 522428 334678 892817 558821 1007694 369335 816884 795724 520091 730485 808918 378672 318036 286890 309379 270207 638108 755449 751564 153905 302048 542553 344517 504357 841385 764991 734610
429640 706307 154317 573107 498750 1165537 46948 792142 782621 635896 42583 917651 313626 794998 1077325 1002675 955835 770928 710072 43354 895133 413993 1043914 805823 568480 926513 620925 562323 595205 648777 749243 882545 649955 541314 563017 1018261 955123 1146836 871398 497388 867805 1051963 999999999 240754 1153069 1233116 982698 522860 124811 660915 863832 940712 683906 790822 812750 824508 442366 711490 953453 1119821 854021 948529 309000 251260 778881 871549 964352 624843 148347 669543 1011601 771874 615563 841336 892949 303460 511600 84793 705766 344802 615574 621588 539213 243046 959449 788510 861397 882169 996497 496761 524064 585168 1103315 753067 718193 877491 666779 316034 829888 469362
188888 467297 102338 434783 286707 927440 194053 569117 554438 449033 237418 694588 274183 555777 849699 769589 721832 635131 516467 266384 742469 278048 808584 634328 387645 685762 478837 423043 453306 408025 547025 690092 480129 416231 427806 787111 721589 906253 636188 315326 712429 811348 240754 999999999 916046 992376 748776 314558 145521 435261 640175 708197 524471 637470 655881 644219 204386 530999 717912 879464 643800 708210 89115 59197 587935 662900 743445 470065 96666 457575 791252 531970 451341 647402 670266 248162 276919 208973 470841 214428 498583 409705 382203 8333 736616 556490 631414 650785 763991 291954 390260 451648 864250 513411 524305 655497 449696 216336 691718 306728
732061 449928 1015739 761554 761612 30902 1107630 394660 386035 787968 1140230 296845 974029 363051 169623 431055 426877 735073 554452 1182061 669541 937125 390775 846136 671231 275884 926181 928865 746498 522864 708013 483997 654911 961506 939100 167193 206427 141924 282902 715046 928407 172489 1153069 916046 999999999 192722 178788 656587 1036996 623877 333602 450420 878412 670122 907819 556354 711750 596124 404762 238065 651951 298970 871786 902848 528906 660814 282041 704772 1004725 528569 264088 436860 861633 490463 316574 957140 686959 1099612 447763 951749 803973 567673 885009 912377 550081 370438 307829 480651 439989 780474 786856 769220 298561 406560 548947 331523 662099 909004 726513 881260
803525 533182 1086391 910209 789757 161866 1186421 538719 518244 773162 1226344 465478 1094056 446041 360942 344481 362463 909039 709295 1257093 854089 959013 292163 787477 808698 306655 905190 920000 897797 584449 671470 664261 808576 955422 929586 342375 354447 90795 403845 840934 856530 182606 1233116 992376 192722 999999999 331818 773856 1125383 630982 490381 387465 845812 845129 847095 731969 793732 756074 347340 133854 590822 292310 934024 989964 695564 593854 461936 858103 1086430 664894 451405 467719 845235 665107 480776 1074129 734643 1189959 550533 987064 961047 696565 884094 990152 465014 492857 449560 436251 354610 804932 928947 920332 186263 484642 704968 493638 657767 1023009 905998 896725
569638 291171 849907 585999 624157 199814 937950 216402 207665 681276 967918 135351 795416 212816 129075 422937 398837 577903 380819 1013342 531960 799021 401795 774099 492895 201726 819344 812605 571895 373802 623560 339031 481073 842286 823039 53804 27977 247180 113609 536322 865213 193472 982698 748776 178788 331818 999999999 478903 864463 508616 159697 416771 782563 514511 835169 402153 544743 425638 374699 303438 593382 252459 711508 731585 363750 606989 145266 530929 834640 349878 157961 320206 753313 335261 149050 778782 539302 926197 277943 804953 632249 388964 764117 744553 523633 194834 129044 424968 429159 644891 609529 594598 345965 255008 375912 161845 553531 731061 577690 748810
208995 256840 414385 212289 378480 674314 481870 273086 271487 537822 501474 397106 320457 333613 559675 650240 601909 372445 203917 558846 453210 497640 671518 715400 104398 485592 635344 595801 217735 262305 576236 376241 193666 607723 604573 506788 450946 683182 376550 76274 811136 593585 522860 314558 656587 773856 478903 999999999 399191 416017 344300 598830 645835 353902 759529 336259 161387 227187 588118 686106 632606 527758 321150 277510 275401 653439 442347 208239 380621 146722 489260 384106 581109 333430 372336 301642 285728 456626 224723 463937 289178 98732 541743 307791 669234 286882 351142 555363 648540 399391 197777 230942 691331 303256 211490 356537 459007 252487 420728 483573
326885 594228 111813 453664 429653 1050670 90241 669957 662109 585694 103479 795170 211860 682850 955901 913829 865793 653771 585276 164239 775253 388698 951827 766955 443904 819746 597843 539764 475359 543704 688979 757878 526509 526132 542747 898390 836708 1037691 754392 372621 839429 943210 124811 145521 1036996 1125383 864463 399191 999999999 580778 741620 852682 651492 670362 783073 700563 331655 587288 861167 1016519 787812 845749 230745 135479 654195 806649 841299 503156 54423 545699 888369 671180 579414 716594 770426 195244 421670 65048 589250 318340 501216 497896 506056 144325 882129 669739 741371 795622 908419 432877 404803 466784 1004176 641980 593397 754836 594461 197047 712591 431280
275935 264515 506598 628269 168079 622539 614911 453980 413864 173882 667306 539303 648110 305000 636847 345814 301730 767336 544220 674012 812662 328555 391742 311883 515558 349006 310927 305987 632629 185065 162154 663284 589067 337814 316338 561394 490185 559291 410782 486324 410129 470850 660915 435261 623877 630982 508616 416017 580778 999999999 496814 283646 281217 731411 364823 667481 302321 591678 304256 501275 223379 341867 353560 460724 596795 244118 588050 617037 530176 447787 628790 189869 244836 627571 523566 621234 165135 643660 318114 363210 704978 428673 261147 436834 301362 387062 450722 224092 338736 178575 610946 646822 468572 271987 547861 516761 50390 569906 805276 265749
477136 236203 742512 427963 573157 357350 821104 71690 91922 668594 844601 54447 650530 201752 215508 519581 484224 423759 221455 897813 394644 739938 512179 794998 340904 291190 800638 782630 413144 324812 639235 204501 321876 807578 792955 169864 135935 403606 121985 391858 891438 336497 863832 640175 333602 490381 159697 344300 741620 496814 999999999 495998 777925 362179 853137 253534 442930 266011 461508 446851 636585 348471 618228 613887 206735 653653 104766 371765 718164 202885 152449 332174 735360 188601 30764 636117 476782 800435 194034 732454 472602 247520 729995 634802 598804 110376 58663 485357 523418 595636 453924 435867 479256 225975 216358 19962 546511 591285 429574 699598
530515 352673 786709 794596 451667 436598 894211 492579 451572 394527 944215 513828 886714 312574 535354 62218 25118 879564 644677 955837 882421 603474 110571 403079 677039 215910 521165 541362 791502 340132 285308 698841 722210 577709 550414 467058 413556 339427 375121 675103 479755 277964 940712 708197 450420 387465 416771 598830 852682 283646 495998 999999999 459110 827857 463892 734210 541456 698085 45681 254160 205841 165154 631773 724829 671284 212052 547820 763257 804647 559816 572201 215365 464026 676053 510396 861626 431283 916977 404066 644822 864908 565177 511437 708590 106862 415451 437418 59641 55828 460980 792622 810647 204617 317632 644779 512380 293880 808390 901566 537518
451794 544147 546685 851378 272057 871894 646090 733096 693838 112094 706703 820430 790785 585051 911597 509581 483849 1015596 806471 679033 1076504 269916 563647 125347 750198 604440 76312 127107 860679 459984 174428 938739 834959 158705 130283 836090 766199 789889 689937 703744 188210 712544 683906 524471 878412 845812 782563 645835 651492 281217 777925 459110 999999999 987814 131702 935820 495643 849521 498525 712017 267158 581083 437446 573650 865094 272804 868916 854067 597293 711213 908995 462847 73215 901273 804782 763450 360196 701750 595558 339748 928089 683831 145870 530163 404845 667974 731785 410188 499727 254577 823340 870544 663608 553152 811162 797879 232157 720617 1059460 220221
562893 490545 725233 218036 727901 698213 760597 339327 377873 876824 757295 379727 492750 515326 511381 862429 821186 65287 189125 832868 105482 850926 863348 1042541 255835 642943 984459 947688 195709 549500 892766 189490 161473 960964 956723 505095 494651 761688 476062 324238 1140482 698622 790822 637470 670122 845129 514511 353902 670362 731411 362179 827857 987814 999999999 1092413 113775 515289 139734 800680 809028 924607 699098 665798 586022 158935 944349 388130 168645 674199 284609 412790 627440 927153 180209 365929 493944 630407 709225 433411 813541 196084 304577 893225 629490 921581 413925 414860 802843 864545 749631 267027 207753 839984 514199 186948 354673 779863 474791 74799 837153
573936 627214 677719 968633 395352 897001 775904 816104 774921 223491 836687 890810 920744 653417 963411 502667 488873 1124442 907068 806084 1176466 399404 555662 61749 863234 643335 192969 250916 976524 549870 214285 1027405 944208 276316 251321 888922 822377 803305 753795 821490 56552 736518 812750 655881 907819 847095 835169 759529 783073 364823 853137 463892 131702 1092413 999999999 1032092 615764 952931 508082 715888 258065 609617 568484 704383 961343 253305 936687 966884 728913 810754 973228 524420 204583 992204 877792 893330 475134 832805 682185 469843 1045733 787969 277115 661475 384177 745652 802426 427224 492530 380024 943227 987728 660933 627484 911075 872848 314788 849554 1165446 351857
538014 412390 739457 272278 688097 584443 789617 241632 283042 823772 794868 266959 546139 422961 398533 764686 725590 178779 135162 864801 149339 827633 761942 979080 258716 540548 940651 909241 250321 482497 825742 79742 175475 926377 918818 391413 383219 649247 371541 331688 1077352 588689 824508 644219 556354 731969 402153 336259 700563 667481 253534 734210 935820 113775 1032092 999999999 491911 113933 704130 699448 846796 597438 657407 599005 70817 865822 274390 210338 695598 225552 300208 543139 880023 66921 254434 541924 587717 746962 354982 798786 279265 260418 854459 636792 831800 319000 308808 714076 767513 710646 316863 269312 732786 428407 128744 244182 717325 512871 176305 805298
