NAME : synthetic_000621
TYPE : CTSP-D
DIMENSION : 100
GROUPS : 8
RELAXATION_LEVEL : 1
EDGE_WEIGHT_TYPE : EXPLICIT
EDGE_WEIGHT_FORMAT : FULL_MATRIX
EDGE_WEIGHT_SECTION
999999999 635656 436710 724644 267462 548238 705112 388445 895064 777048 660426 409030 831540 183545 651382 126213 756441 694392 476962 760422 545637 539092 977689 684651 669030 396163 806008 967186 680398 246327 278092 834505 862758 1009374 919649 916601 481837 212138 609031 533461 362298 449732 368635 817153 517132 529286 578519 415786 194129 644429 400155 809863 375106 510177 425984 910914 697019 329913 264568 197768 716249 104777 544542 210875 906605 154771 570892 143296 313236 768833 861731 579341 401289 320103 691784 300927 845304 391422 526128 616634 641261 151006 558449 697988 306163 378150 891013 474751 589999 434095 972103 259785 362295 292740 329547 274579 272606 397158 710170 294328
635656 999999999 476094 92849 424538 119557 161987 632244 297482 239429 443728 388333 533110 623555 259443 512102 120835 99246 850139 198077 152424 143727 447378 333527 64238 318864 341028 355624 48061 582448 550831 239702 285322 410943 339959 374344 320727 607428 51904 568611 576395 531454 472693 397862 224511 156721 555826 418307 592178 508394 492212 347473 671783 519874 506797 311321 306700 481390 432695 524357 156650 573889 482400 660630 271012 531775 564421 517425 349904 334132 500375 58157 442615 393893 449855 423687 226924 253355 420374 270629 260770 582027 199769 418101 498099 627981 363848 185090 177824 338650 394970 700411 621064 471996 593580 369523 691173 654221 511463 342971
436710 476094 999999999 527267 202653 475638 624095 715550 771770 472420 781860 95705 927995 291164 316938 387186 567809 572939 876387 479618 503441 332377 920971 309524 464186 179398 791324 822820 497903 584629 172835 715447 761384 705917 815885 579894 158069 258435 488206 776374 129815 698405 68400 433489 534896 488584 150570 597535 262577 810951 40148 449241 727560 80914 666201 784807 337057 575802 469471 238954 624448 463803 732488 303210 701555 283265 147385 303568 232790 405421 921436 447231 49973 165960 803805 161730 696089 392182 108659 278023 306484 510985 288252 286849 130959 172372 834791 443279 321577 139578 870680 660641 691281 536799 164978 378840 294096 192646 851110 349738
724644 92849 527267 999999999 502688 208749 184990 721144 252809 184834 502441 446917 567925 702077 260681 602214 40583 117018 939758 140074 237259 205942 423947 328001 63884 386818 354042 296144 45089 674984 621379 205032 255573 321474 302390 301655 369199 683680 136987 647277 637678 615954 533926 360890 307637 244439 586210 505355 669962 572759 548644 303893 761673 559975 592721 263823 295051 572292 525535 603558 171585 665594 558006 737485 185853 614592 596474 602357 430484 301950 524179 150921 499929 467100 503569 497060 172450 345865 456142 284038 265681 674639 239282 415799 566683 688392 349694 277415 207735 396197 354141 793060 710873 564114 658681 461301 763715 713288 566290 433667
267462 424538 202653 502688 999999999 373919 538066 513250 714218 521386 620513 146197 779584 199448 386810 189583 539685 505491 676258 510658 388959 299885 834687 417226 440975 132414 681790 778170 462198 382308 141915 653604 692005 758475 749570 656100 214380 183249 414416 584560 205884 503631 140339 549787 396114 371863 353148 411175 167686 637429 178565 544244 524940 283539 471800 729179 430416 377484 270773 101049 544000 269177 550841 236122 688519 121388 349918 124201 76582 502566 786047 376468 155676 52729 646279 41184 650039 241883 269159 350823 376419 312560 301834 433270 108472 252378 745715 316647 335910 166644 804791 463373 488804 337205 202114 187677 270859 280851 686139 166901
548238 119557 475638 208749 373919 999999999 164710 512966 348965 352643 350765 380741 467333 565314 336973 422199 227692 146565 731225 313801 38896 173669 461044 410911 180742 299478 316616 419376 166112 468973 512030 287936 321299 529643 379060 491801 336044 554763 71960 452934 554510 412488 455152 496746 108665 37689 582273 298776 536398 407105 482209 451977 553023 534276 387416 364616 391017 363631 323506 467106 172323 475627 369807 605423 369995 465016 588319 445096 297559 431998 450141 71520 433681 356758 362991 384364 297369 156823 446045 335595 334912 477313 246438 487830 465292 606062 372188 74906 240676 337136 433671 587464 502243 356899 564113 274347 644608 633945 421305 255079
705112 161987 624095 184990 538066 164710 999999999 605821 191045 369617 326712 531818 383188 729990 419677 578993 171133 69752 823968 324880 159591 296499 299239 492860 210577 454502 179161 265943 171552 593997 674859 132146 158064 473097 215556 481353 473770 719398 136181 498488 712871 484975 611284 543181 200404 176261 714382 389999 701104 401543 635371 487649 651133 674492 468003 206987 463951 476003 462894 631813 17844 625141 405132 770133 262786 629195 722326 608438 461546 482077 342751 176967 585950 518338 323791 546668 160207 316767 577975 432514 421689 619257 359667 578643 626519 764667 211411 232341 339621 484580 269570 711201 601225 480952 724903 430745 808901 792086 386480 415803
388445 632244 715550 721144 513250 512966 605821 999999999 781477 853338 387950 644080 541614 554562 786384 345640 735639 634970 219380 819349 484451 619723 790371 847265 690795 582627 616783 858306 679073 144973 609306 730977 736821 1042494 783749 997592 674825 574375 584237 183914 694959 132678 653064 964450 417073 476719 865595 217755 551501 334688 691163 933328 48577 796451 139745 796535 842588 158680 252756 515842 622763 293676 248085 590255 863911 473250 862934 441627 495605 902669 596531 578686 667287 552235 418831 553883 765988 412911 765422 765533 779508 240461 677308 896776 608180 727330 719161 451507 693904 638555 824422 175371 26478 186787 673235 350017 652787 751910 406913 386072
895064 297482 771770 252809 714218 348965 191045 781477 999999999 405243 449832 685591 433723 910466 511962 768858 213915 208728 996216 365678 349604 440386 182797 575793 311323 615832 208474 77023 274676 781525 845684 61091 48015 400937 52933 465235 614647 897298 299803 652922 873848 654502 770174 583432 389860 365797 838675 570697 880364 528961 789309 522792 828350 810092 641846 15944 541011 661249 653644 811388 178881 816160 559536 949397 167441 812606 848720 793709 637923 533338 367099 338421 739780 688188 434597 717611 81898 504818 707253 536753 517592 809967 487373 663301 794117 925455 136364 420672 458201 635627 101350 897618 779627 669152 890462 620490 984032 951695 491187 603667
777048 239429 472420 184834 521386 352643 369617 853338 405243 999999999 680340 417876 752719 709923 155747 666319 208024 300776 1066822 44760 389051 245555 586772 190975 175204 389486 537215 423529 204897 782551 608361 371510 421535 238732 458078 145729 329125 684741 291171 805540 598803 762863 502343 179899 460940 390234 484007 646656 676764 747099 504136 120547 888951 478616 736170 411887 154345 696804 628410 618744 356418 740231 721010 738168 270197 642450 496759 639524 464048 128528 708441 281478 461930 473953 683955 501497 324790 446494 375873 194399 166024 761415 219789 272028 551766 644550 521792 403052 187089 371880 502820 896346 839116 679551 628471 545540 749654 664905 746351 511152
660426 443728 781860 502441 620513 350765 326712 387950 449832 680340 999999999 687638 171120 763690 687426 553978 495986 387077 579681 636856 312267 522563 412707 761584 506764 604452 251562 521228 475552 453201 758783 415489 401832 799025 435463 803859 666982 767681 394069 220110 825677 256964 742178 840805 255385 320124 909473 244685 744640 79137 776535 791198 436192 852441 261955 462345 740699 336745 400676 682720 343841 557530 139916 806102 578528 658129 913098 627427 558586 776533 211305 416975 733730 629258 32285 648625 465134 389969 777873 686081 685607 524362 595547 838184 728329 872889 353868 347662 591437 654661 464892 546512 396868 369082 821917 441531 861006 901348 71153 454377
409030 388333 95705 446917 146197 380741 531818 644080 685591 417876 687638 999999999 832486 298641 268313 335068 487061 483270 817999 417487 407954 245311 829923 283230 383098 83813 696936 739979 414136 520824 190813 627997 672698 656123 728086 540216 88799 270492 396587 691382 190845 615896 87624 415231 439434 392988 229007 510796 266059 718818 104031 418038 660560 165963 583616 699133 302466 497602 393079 219443 533000 415074 642995 322684 626709 255809 229864 266733 149737 374701 825757 355554 54382 95999 709092 108480 612047 298803 124054 229295 257472 456953 212764 288961 134525 241494 743032 347632 248087 50728 783220 607848 620943 460641 214443 298287 331847 266759 757247 265998
831540 533110 927995 567925 779584 467333 383188 541614 433723 752719 171120 832486 999999999 931329 790880 724134 549741 452547 712558 707964 432562 639914 328748 865500 590053 748674 230072 490327 552856 620906 919948 421791 389237 824396 400794 857746 800515 933827 490482 360647 982617 416422 894119 925732 393109 444892 1046510 415803 911093 206928 926697 870756 588337 994059 426580 441635 839740 506962 571109 847584 396406 728614 300559 973854 590681 825197 1051571 795109 713362 863799 76654 522582 881555 783159 139940 804748 477583 541669 911467 796653 791050 694810 711724 947882 885963 1031245 305420 485088 700689 794852 410204 708186 554247 540064 981695 606455 1027508 1059808 134759 615832
183545 623555 291164 702077 199448 565314 729990 554562 910466 709923 763690 298641 931329 999999999 565457 219928 739133 701973 660265 703426 575332 498456 1022521 580809 640143 323264 862217 975946 661635 409600 118336 849561 886099 948548 943845 837724 385365 33685 611141 676367 189570 591070 229867 711653 569545 558037 416952 528346 33163 763950 251213 716661 548415 353083 562823 925649 601093 461927 368666 99299 737285 261290 667791 42574 887879 106625 407294 136278 273795 673258 948616 574213 270117 238579 792746 209558 848236 419497 394808 526958 554665 315139 493341 574178 167355 196826 933582 501316 528509 339463 998737 442061 528088 420031 152651 326758 100584 214165 822624 325443
651382 259443 316938 260681 386810 336973 419677 786384 511962 155747 687426 268313 790880 565457 999999999 550957 298197 352137 989866 168875 375771 173252 684484 74724 211752 255373 598594 546445 252174 694767 458932 465704 516177 390107 562537 272267 180189 538369 300501 771793 444181 715464 349991 178594 440361 369994 336329 597755 532499 743381 349473 158958 816018 324584 685641 521910 56786 627758 543265 479065 411865 629110 697372 590920 405437 507793 348185 509592 341111 120292 759817 271349 308894 336043 698153 361193 430388 374482 220788 39425 10843 658051 109081 158969 402823 489227 608223 360036 98166 226276 613179 801814 768539 602757 474922 450732 598327 509273 757609 413892
126213 512102 387186 602214 189583 422199 578993 345640 768858 666319 553978 335068 724134 219928 550957 999999999 632928 568493 489298 646394 419476 423676 853909 592754 548361 301217 683775 841003 557610 204141 263889 708292 736726 894367 793707 808787 393635 233811 483826 456525 350125 371253 320335 723434 392786 403091 537058 312826 210201 547735 357141 709809 348392 466938 342896 784705 600501 242009 153453 170306 590055 80448 450075 260346 782671 127929 532256 95993 210440 670660 748763 455193 343088 239329 584323 229941 719412 265434 458611 519020 541422 123813 451367 618321 267936 381714 766720 348565 480590 348064 846351 274111 319593 200204 327595 148369 320507 406523 609182 169368
756441 120835 567809 40583 539685 227692 171133 735639 213915 208024 495986 487061 549741 739133 298197 632928 999999999 110034 954860 164121 251608 244953 388044 363578 103994 425819 329828 255586 77622 696597 660253 169056 219833 311672 264364 310311 409740 721368 156307 652255 677746 625973 573933 387223 319094 261075 626011 518447 707218 568839 589000 328532 777463 600406 604226 224403 329685 590172 549466 640333 155466 694131 561231 775044 150527 650038 636401 636805 466600 330820 501956 178131 540205 505291 494537 535257 132818 372887 496452 322998 303697 700836 279863 451362 605836 728555 316773 299849 248251 436357 315239 815040 726652 584582 698375 489824 802302 753556 557294 463750
694392 99246 572939 117018 505491 146565 69752 634970 208728 300776 387077 483270 452547 701973 352137 568493 110034 999999999 854313 256122 158464 241108 348705 424687 141554 410018 246762 275145 102033 607531 637659 148227 189808 420472 246235 417028 418909 688577 91082 543648 668936 520901 565863 473493 218514 171786 655070 417218 671730 459122 587299 418212 678320 618658 500684 223750 395123 495218 466958 602822 59783 621965 452006 740740 230309 605036 663659 587163 429203 412325 412383 130324 537652 480150 387080 509409 150919 303067 519575 366918 354655 622124 298995 511027 586800 720719 264626 221239 276107 434392 301654 725957 627700 494270 683913 420856 775430 747496 449851 400535
476962 850139 876387 939758 676258 731225 823968 219380 996216 1066822 579681 817999 712558 660265 989866 489298 954860 854313 999999999 1034340 703484 828397 991282 1046332 907625 767797 822152 1072679 897287 299152 742641 947394 950664 1260861 995412 1211896 862165 687436 802777 359760 829660 341722 809620 1168455 636446 695349 1026356 437120 667543 512913 846258 1141175 178472 956235 356025 1010987 1045095 370390 446700 651306 841077 415313 445316 687018 1083023 605239 1021457 578311 676313 1108331 777087 795699 831487 722424 607705 717319 983950 621772 941948 965826 982230 365664 881217 1088077 755577 851984 925505 667640 900833 821397 1033395 219645 229089 388549 800822 541390 747642 872631 580988 578547
760422 198077 479618 140074 510658 313801 324880 819349 365678 44760 636856 417487 707964 703426 168875 646394 164121 256122 1034340 999999999 349303 222778 546129 217644 134021 380531 492764 388575 161322 753629 606226 329464 379811 249050 418283 178595 329730 679724 249979 766043 603107 725604 503824 223113 421420 351488 504317 610208 670300 704339 508984 164617 856092 493067 699555 373119 181167 663963 599771 609820 311659 718368 680442 733577 239757 630705 516477 625576 449064 168244 663803 243401 464552 465454 640006 493958 284462 416740 388668 204556 177928 736952 210085 302668 549577 650473 479300 367966 175070 369359 464528 868724 805933 648534 630805 520250 748744 672130 702485 486969
545637 152424 503441 237259 388959 38896 159591 484451 349604 389051 312267 407954 432562 575332 375771 419476 251608 158464 703484 349303 999999999 211000 447286 449616 215482 325295 294071 422812 196797 449300 529225 289368 317567 558696 374870 526565 368459 566912 101500 416744 576338 379504 479034 535380 72162 17295 614761 268111 547574 368213 507725 490106 525892 564771 355614 365493 429901 339098 309119 478435 170723 467509 332284 616266 387730 472654 620327 450619 313622 470642 418823 109361 459937 376504 325132 402962 305927 157968 479151 373850 373610 464900 283963 526018 484806 627522 358301 74117 279236 366325 428324 567800 475075 336180 583711 271179 658240 655687 382951 256785
539092 143727 332377 205942 299885 173669 296499 619723 440386 245555 522563 245311 639914 498456 173252 423676 244953 241108 828397 222778 211000 999999999 589759 243806 142615 180903 471139 495180 169735 539165 415441 383288 429009 470861 483638 390719 177929 478819 160984 598550 434738 543245 330813 347068 270445 202455 418517 425402 465958 574298 348925 313613 652065 378282 513861 453847 229839 461254 385180 400906 294802 495776 524670 532791 390655 415999 426104 407544 231500 283912 618403 121786 299419 261701 536122 291611 366945 207049 281815 164603 168844 515882 73003 315970 360884 486050 504767 186992 75731 195240 538568 651631 603335 439849 453930 300077 557818 511849 593492 265605
977689 447378 920971 423947 834687 461044 299239 790371 182797 586772 412707 829923 328748 1022521 684484 853909 388044 348705 991282 546129 447286 589759 999999999 751511 476114 753574 176857 197912 436584 823255 973012 219083 168393 570578 130087 646245 767610 1014092 433343 632532 1012098 657795 910328 765653 461182 464575 1001925 601659 994858 485674 933755 705113 838910 967239 653872 179204 717725 699319 719064 925701 296948 887392 546519 1063544 344726 919150 1010985 895836 758496 714293 252359 474371 884209 817079 387067 845110 261984 603606 867341 705837 689122 870566 646160 839322 925430 1063899 89021 521217 620617 781868 101414 931822 794656 717631 1023959 709222 1104969 1091287 428385 700764
684651 333527 309524 328001 417226 410911 492860 847265 575793 190975 761584 283230 865500 580809 74724 592754 363578 424687 1046332 217644 449616 243806 751511 999999999 283435 291693 671422 604905 323684 748864 468020 532429 583154 404753 627301 272137 202876 551331 375189 840861 439339 781995 355120 132677 513139 443327 295180 664722 548618 816641 346507 139725 874783 298316 751623 584815 36736 689155 600043 501874 484471 672430 768411 601785 457299 535354 308432 541426 382710 95965 833818 345944 313428 364712 772630 386267 493900 438465 202977 82125 76006 705318 174398 87819 414072 479695 677402 430657 170652 250761 676442 852130 828380 661871 473705 505044 601418 496477 831896 467892
669030 64238 464186 63884 440975 180742 210577 690795 311323 175204 506764 383098 590053 640143 211752 548361 103994 141554 907625 134021 215482 142615 476114 283435 999999999 323309 388261 358668 40424 634083 557888 259443 308862 356591 359017 311190 306152 621138 116070 632151 573828 593204 470057 336891 287640 218378 527919 478854 607843 572280 485026 284839 729153 498994 567847 323283 253570 537691 482001 541986 201278 614604 546436 675041 248101 554521 537706 543526 369921 274031 553138 112120 436211 404210 511927 434144 232891 299359 395931 229970 215062 626974 176859 370226 503030 624587 397451 240072 146879 332386 412178 751152 678618 525595 594813 411277 700398 649562 573881 381498
396163 318864 179398 386818 132414 299478 454502 582627 615832 389486 604452 83813 748674 323264 255373 301217 425819 410018 767797 380531 325295 180903 753574 291693 323309 999999999 616088 674030 350001 468657 234580 556901 599808 627225 656127 523715 94542 300984 321039 616399 259019 543657 156783 423072 355622 310026 307838 434866 290223 637251 182752 413701 603376 248087 511485 629940 301347 430738 329872 229508 456900 381169 563888 355072 570991 253801 310120 254239 92565 372823 742390 280304 134642 84924 625584 113738 545380 216870 186624 220550 245166 416258 170637 321046 180080 310837 665897 263882 205467 56615 711504 565276 560832 396456 274722 232677 377219 337899 674292 197328
806008 341028 791324 354042 681790 316616 179161 616783 208474 537215 251562 696936 230072 862217 598594 683775 329828 246762 822152 492764 294071 471139 176857 671422 388261 616088 999999999 273871 348393 646401 822776 191720 161804 594339 185641 632398 646066 856518 310408 466754 870074 484703 771608 714889 293639 310773 889604 424820 836157 329418 798800 657334 665180 846531 478999 218606 641794 522465 544949 767668 186992 713446 377036 904009 360736 757049 896954 731888 607179 655708 173090 349493 750157 670563 231677 696985 247537 443344 752822 611635 600765 694915 537046 757555 778875 921389 103459 365154 518325 652104 213542 755227 619922 541184 877776 542046 949041 949478 284848 537302
967186 355624 822820 296144 778170 419376 265943 858306 77023 423529 521228 739979 490327 975946 546445 841003 255586 275145 1072679 388575 422812 495180 197912 604905 358668 674030 273871 999999999 325844 858114 906444 133863 122198 373707 89745 459394 664813 961412 365143 727647 929911 730959 825979 595871 465769 438594 879484 647718 945258 600175 842846 535256 905252 855802 718636 61771 568920 738104 728821 876669 252633 890183 634579 1014104 158559 880024 890286 862306 702411 551686 419409 401801 793681 749378 504174 779102 128706 576043 751580 574875 553220 885186 535298 691016 853629 981161 184983 492438 503822 689474 96734 974398 856593 745571 948534 692718 1046435 1006734 558697 674448
680398 48061 497903 45089 462198 166112 171552 679073 274676 204897 475552 414136 552856 661635 252174 557610 77622 102033 897287 161322 196797 169735 436584 323684 40424 350001 348393 325844 999999999 630506 584049 221063 269911 363583 321172 333286 340302 644119 95367 610694 604226 576290 500293 372957 268266 202633 566296 464251 629786 543266 517078 319095 719019 535584 552277 287240 293435 528985 480672 562778 161528 620601 522888 697724 227809 572459 575827 559450 388982 311023 514303 105935 467856 428454 479115 458407 198252 300779 433299 270032 255465 629557 212768 410588 530073 655388 357278 233098 184688 363634 374931 748471 668261 519980 623652 416283 725713 680894 541468 388874
246327 582448 584629 674984 382308 468973 593997 144973 781525 782551 453201 520824 620906 409600 694767 204141 696597 607531 299152 753629 449300 539165 823255 748864 634083 468657 646401 858114 630506 999999999 467793 725383 741032 990673 793477 928280 563013 429738 540369 292677 554234 212971 519739 873042 393840 437283 735198 221939 407015 420533 557378 848813 144360 665330 195665 797288 749197 123936 154153 374178 609140 148794 321544 445368 836963 330474 731433 299568 377350 814251 663630 525087 537949 425990 485486 423475 751255 336916 644409 669095 686699 96128 587007 788987 470796 584644 743419 397595 609001 522456 840190 118558 118496 113392 530855 244174 507873 608681 490853 281220
278092 550831 172835 621379 141915 512030 674859 609306 845684 608361 758783 190813 919948 118336 458932 263889 660253 637659 742641 606226 529225 415441 973012 468020 557888 234580 822776 906444 584049 467793 999999999 785757 826277 846807 883455 730379 279558 85738 546911 705301 87162 621587 113452 597396 538027 512272 302912 539862 90862 771254 132880 605725 611736 236841 590855 860231 490491 491833 388025 93618 679677 328623 680951 133803 805459 138279 294326 168240 215629 561989 927722 507413 154806 157517 785362 128383 777753 383793 277401 419759 448089 381062 397897 456969 56668 119945 884208 457710 433544 236972 938856 523116 583364 449718 65666 319233 143180 146852 823003 304561
834505 239702 715447 205032 653604 287936 132146 730977 61091 371510 415489 627997 421791 849561 465704 708292 169056 148227 947394 329464 289368 383288 219083 532429 259443 556901 191720 133863 221063 725383 785757 999999999 50778 402654 100511 448446 559073 836601 239279 610082 815391 606176 711912 551338 332307 305375 787240 517704 819545 494278 731907 491369 777250 756198 591815 76680 498721 606286 594973 750525 118851 756493 516211 888594 169347 751537 796859 732619 577238 497613 361740 278344 682300 628240 403817 657562 56047 443963 654312 488067 470571 751338 433443 620242 734577 867085 150614 359920 405717 578350 155281 842159 727958 612559 831307 559929 923652 893548 463253 542748
862758 285322 761384 255573 692005 321299 158064 736821 48015 421535 401832 672698 389237 886099 516177 736726 219833 189808 950664 379811 317567 429009 168393 583154 308862 599808 161804 122198 269911 741032 826277 50778 999999999 439348 57767 493865 605818 874398 279574 605747 858743 608968 755646 601233 352060 334310 836177 527802 856686 480958 776718 541096 783975 803919 597091 61055 549490 619762 616765 787465 148977 781105 512536 925771 204322 786316 845611 766090 615442 548025 324763 319770 727070 668899 386627 697904 99881 474804 702638 538072 520925 772785 481490 670971 776068 910527 102431 390372 454549 623481 112787 856329 735614 629305 873480 588594 962687 937289 443435 573845
1009374 410943 705917 321474 758475 529643 473097 1042494 400937 238732 799025 656123 824396 948548 390107 894367 311672 420472 1260861 249050 558696 470861 570578 404753 356591 627225 594339 373707 363583 990673 846807 402654 439348 999999999 447254 141962 567324 923472 458264 963849 834078 936609 739690 319947 628580 565790 696787 826806 915385 874601 739411 274178 1082601 702898 913924 398247 372068 892309 838399 856714 455628 964988 872473 976892 235033 879037 710579 874497 698059 313189 763439 466705 698832 711963 793459 739819 346814 655349 604344 429507 400830 981008 456730 466792 790266 878249 537265 595282 422625 610564 470213 1107667 1031844 881812 865021 764284 987619 897191 855378 732341
919649 339959 815885 302390 749570 379060 215556 783749 52933 458078 435463 728086 400794 943845 562537 793707 264364 246235 995412 418283 374870 483638 130087 627301 359017 656127 185641 89745 321172 793477 883455 100511 57767 447254 999999999 516777 659583 932053 336573 645799 914906 654277 811603 636360 407178 391695 886930 577917 914396 514036 832049 575723 831357 856578 644085 49816 592762 671373 671951 845185 206740 837062 553643 983482 216633 844076 896705 823791 673021 586087 330571 376492 782422 726014 417028 755105 133960 532320 754466 586364 567889 827669 533774 714931 832959 966652 95860 447896 505649 678577 55427 907875 783687 682451 930148 645699 1020187 993265 470320 631350
916601 374344 579894 301655 656100 491801 481353 997592 465235 145729 803859 540216 857746 837724 272267 808787 310311 417028 1211896 178595 526565 390719 646245 272137 311190 523715 632398 459394 333286 928280 730379 448446 493865 141962 516777 999999999 452425 810538 426033 942940 709437 904002 619860 178003 598723 529476 558920 788784 804758 874383 615476 135338 1033836 569620 878103 467174 242839 841660 774138 750510 465769 883798 856018 862898 302490 777478 572933 776954 603458 177123 805459 421831 578290 606537 803992 632574 394196 592136 474820 310962 283066 906227 358314 327202 674577 751205 596198 546410 328199 498435 551235 1041971 983834 825033 742438 690795 868190 768490 866777 656098
481837 320727 158069 369199 214380 336044 473770 674825 614647 329125 666982 88799 800515 385365 180189 393635 409740 418909 862165 329730 368459 177929 767610 202876 306152 94542 646066 664813 340302 563013 279558 559073 605818 567324 659583 452425 999999999 358192 337688 699038 274353 629542 174101 335503 412378 355636 246338 517427 352466 707037 181590 333021 696789 200769 597630 627466 217863 521025 422309 300984 472600 473932 640404 410865 544704 332833 252289 338579 186961 290343 786179 297330 135185 161836 685255 184041 538328 291447 111181 141599 169373 510301 130365 226525 223140 323173 682681 319479 164352 47954 714106 659648 653523 488184 301088 324968 420534 346548 737866 288758
212138 607428 258435 683680 183249 554763 719398 574375 897298 684741 767681 270492 933827 33685 538369 233811 721368 688577 687436 679724 566912 478819 1014092 551331 621138 300984 856518 961412 644119 429738 85738 836601 874398 923472 932053 810538 358192 999999999 597527 689540 156184 604411 198456 681582 565314 549645 383271 536133 23763 771367 218381 688015 570494 319470 575371 912307 572513 474509 377560 88856 725974 282823 676580 54094 869204 110712 373638 143071 259375 644456 948430 559714 239254 217306 796107 187593 833237 413174 362999 499580 527546 336790 469835 542527 137259 166126 925075 493273 505245 313186 987167 468454 547955 432282 119856 327469 93861 185273 828235 322325
609031 51904 488206 136987 414416 71960 136181 584237 299803 291171 394069 396587 490482 611141 300501 483826 156307 91082 802777 249979 101500 160984 433343 375189 116070 321039 310408 365143 95367 540369 546911 239279 279574 458264 336573 426033 337688 597527 999999999 516915 580036 480998 477526 446745 173271 107528 579467 368955 580776 457440 500416 397703 624688 538446 456910 314780 350620 435575 393395 511939 136415 541310 430503 649762 301347 514963 587086 497891 338160 382550 462366 41035 450865 389446 401464 418591 238659 219808 442796 307021 300568 545736 227192 457532 496495 631860 346623 143679 211475 348806 391989 658776 573887 428604 594008 337835 684377 658923 462544 314713
533461 568611 776374 647277 584560 452934 498488 183914 652922 805540 220110 691382 360647 676367 771793 456525 652255 543648 359760 766043 416744 598550 632532 840861 632151 616399 466754 727647 610694 292677 705301 610082 605747 963849 645799 942940 699038 689540 516915 999999999 785071 85308 722334 942947 344667 415432 920306 181728 665797 155158 760071 902306 228883 854965 114577 666785 828376 215085 317338 616253 516309 429781 93920 716201 761092 580302 920481 547449 543879 878556 420171 524304 726412 611032 247967 621364 653342 409239 802673 759449 767077 383346 666493 904485 690333 825147 570137 412420 674029 672510 679889 357125 200498 257398 770966 398441 776947 852103 226146 426698
362298 576395 129815 637678 205884 554510 712871 694959 873848 598803 825677 190845 982617 189570 444181 350125 677746 668936 829660 603107 576338 434738 1012098 439339 573828 259019 870074 929911 604226 554234 87162 815391 858743 834078 914906 709437 274353 156184 580036 785071 999999999 702253 103935 562453 594050 559997 229385 615414 169458 843259 94712 579056 698351 170216 671049 887707 466616 573284 468015 180296 715713 415784 755796 188903 817346 225396 218895 254919 269460 535233 985335 539323 139266 201000 850900 177879 801651 441426 237709 404902 433551 468161 402832 412989 97471 51827 924102 508239 437794 241566 970242 610084 669156 531512 39505 392311 167688 79437 891789 372776
449732 531454 698405 615954 503631 412488 484975 132678 654502 762863 256964 615896 416422 591070 715464 371253 625973 520901 341722 725604 379504 543245 657795 781995 593204 543657 484703 730959 576290 212971 621587 606176 608968 936609 654277 904002 629542 604411 480998 85308 702253 999999999 642506 890127 308327 374927 844196 117863 580678 211137 680472 853046 181254 777795 32281 669264 772249 130220 234260 531883 502393 345590 117365 630895 746420 495391 843748 462532 467000 826443 467247 482206 648552 532540 288419 541318 644224 344615 730277 699981 709925 300505 607998 841179 608287 741514 587405 361545 618951 600172 693616 291772 139909 172570 687231 319568 691648 768270 283041 349967
368635 472693 68400 533926 140339 455152 611284 653064 770174 502343 742178 87624 894119 229867 349991 320335 573933 565863 809620 503824 479034 330813 910328 355120 470057 156783 771608 825979 500293 519739 113452 711912 755646 739690 811603 619860 174101 198456 477526 722334 103935 642506 999999999 484008 502266 463142 216758 546036 199514 766098 38227 493456 663314 146645 610496 783967 378618 517416 410704 170883 613576 396140 683661 247149 714270 214912 212027 235306 184387 449625 892680 436666 41743 113734 765787 101212 697740 353070 165064 310585 339188 443999 300360 344313 64276 155312 822680 413521 335626 138147 866894 593169 628384 477407 127109 323929 248453 181662 810125 297997
817153 397862 433489 360890 549787 496746 543181 964450 583432 179899 840805 415231 925732 711653 178594 723434 387223 473493 1168455 223113 535380 347068 765653 132677 336891 423072 714889 595871 372957 873042 597396 551338 601233 319947 636360 178003 335503 681582 446745 942947 562453 890127 484008 999999999 604215 532496 388862 772263 679748 902537 472046 60769 994511 408896 860900 589254 124047 805776 721830 634274 531268 802675 864715 731154 438427 668024 403203 673976 513024 64753 884783 426415 442607 497327 847691 518925 503806 551919 324897 205249 186360 833883 287478 156664 544459 599223 701682 530690 271571 383413 679327 979072 946872 781264 598463 628899 727432 613347 909139 591947
517132 224511 534896 307637 396114 108665 200404 417073 389860 460940 255385 439434 393109 569545 440361 392786 319094 218514 636446 421420 72162 270445 461182 513139 287640 355622 293639 465769 268266 393840 538027 332307 352060 628580 407178 598723 412378 565314 173271 344667 594050 308327 502266 604215 999999999 71803 656517 199487 544350 303853 534079 560382 459928 601899 285397 405758 495580 277752 264786 476554 215313 430510 261222 611596 448575 463878 660816 438310 325082 539473 391285 180184 488527 393211 272878 416762 357678 154238 523489 435020 437343 420725 342940 586242 498919 643962 373970 93064 342578 402882 457682 511441 409257 280646 596723 248687 658559 672480 326513 244147
529286 156721 488584 244439 371863 37689 176261 476719 365797 390234 320124 392988 444892 558037 369994 403091 261075 171786 695349 351488 17295 202455 464575 443327 218378 310026 310773 438594 202633 437283 512272 305375 334310 565790 391695 529476 355636 549645 107528 415432 559997 374927 463142 532496 71803 999999999 601763 261686 530287 373392 492206 488608 517368 550865 350077 381662 424783 329109 295176 461155 186964 452118 332972 598974 399803 455389 607081 433433 296649 467748 433077 108873 444647 359926 334354 386212 320537 140869 466580 366382 367372 450540 275426 518271 468138 611102 375593 56852 272684 352078 445279 555839 466553 324482 567024 254738 641018 639309 391098 239775
578519 555826 150570 586210 353148 582273 714382 865595 838675 484007 909473 229007 1046510 416952 336329 537058 626011 655070 1026356 504317 614761 418517 1001925 295180 527919 307838 889604 879484 566296 735198 302912 787240 836177 696787 886930 558920 246338 383271 579467 920306 229385 844196 216758 388862 656517 601763 999999999 739803 393100 944828 180764 423668 878086 70120 811921 850004 330808 723768 617953 382525 711488 612706 871323 418244 741714 428197 14494 450971 377207 383599 1032405 540117 198319 314091 929051 312123 758648 524566 136828 304907 328297 660754 356108 232712 274051 244552 919604 563459 381629 255055 939829 809816 841487 685480 268613 525323 390767 248386 979911 494272
415786 418307 597535 505355 411175 298776 389999 217755 570697 646656 244685 510796 415803 528346 597755 312826 518447 417218 437120 610208 268111 425402 601659 664722 478854 434866 424820 647718 464251 221939 539862 517704 527802 826806 577917 788784 517427 536133 368955 181728 615414 117863 546036 772263 199487 261686 739803 999999999 512549 235606 583283 735391 261622 675265 89553 586134 654537 98302 159949 455735 406602 312910 141195 570172 646371 425430 740376 393369 364751 708592 449489 367134 547583 433336 276213 445942 550139 228797 621006 582798 592315 281785 490546 725342 518898 658459 522993 244287 501116 490875 622476 331314 211374 125053 605111 223501 627764 686209 296516 248268
194129 592178 262577 669962 167686 536398 701104 551501 880364 676764 744640 266059 911093 33163 532499 210201 707218 671730 667543 670300 547574 465958 994858 548618 607843 290223 836157 945258 629786 407015 90862 819545 856686 915385 914396 804758 352466 23763 580776 665797 169458 580678 199514 679748 544350 530287 393100 512549 999999999 747846 222980 684092 548262 327617 551616 895472 568521 450759 353866 69293 708036 260684 652930 69086 855708 87129 384089 119366 242849 640753 926329 543458 239110 205626 773185 176494 817340 392890 364571 494065 521715 314602 460217 543619 136127 184617 905862 473739 495406 306424 969405 448228 525104 408527 135469 304935 116425 205301 804943 300832
644429 508394 810951 572759 637429 407105 401543 334688 528961 747099 79137 718818 206928 763950 743381 547735 568839 459122 512913 704339 368213 574298 485674 816641 572280 637251 329418 600175 543266 420533 771254 494278 480958 874601 514036 874383 707037 771367 457440 155158 843259 211137 766098 902537 303853 373392 944828 235606 747846 999999999 801924 855008 381522 884727 224871 541437 797971 314644 395469 689731 418973 539843 100138 805773 656335 660719 947369 628811 581757 837911 265067 476293 761756 652370 98963 668930 543390 420383 816707 738869 740724 500899 646719 890015 745901 888350 430857 391879 645991 690042 542178 502328 347577 352255 835852 452102 863280 916484 72323 470719
400155 492212 40148 548644 178565 482209 635371 691163 789309 504136 776535 104031 926697 251213 349473 357141 589000 587299 846258 508984 507725 348925 933755 346507 485026 182752 798800 842846 517078 557378 132880 731907 776718 739411 832049 615476 181590 218381 500416 760071 94712 680472 38227 472046 534079 492206 180764 583283 222980 801924 999999999 486051 701099 110976 648433 802752 372795 555584 448879 202833 636809 432067 720413 263110 726114 248021 175226 270216 220291 442164 923459 459396 49650 150169 799646 139299 715221 386787 147781 310190 338839 480595 311398 326659 94075 141737 846691 444119 345844 153691 887153 629217 666434 515619 127217 361631 255428 165050 844903 335073
809863 347473 449241 303893 544244 451977 487649 933328 522792 120547 791198 418038 870756 716661 158958 709809 328532 418212 1141175 164617 490106 313613 705113 139725 284839 413701 657334 535256 319095 848813 605725 491369 541096 274178 575723 135338 333021 688015 397703 902306 579056 853046 493456 60769 560382 488608 423668 735391 684092 855008 486051 999999999 965432 435028 824641 528530 115571 774864 695859 633988 475123 787723 821579 739247 378041 664640 437649 667643 500067 43900 828059 380745 451713 492757 796764 516685 443361 520605 342485 193430 168786 815672 262379 192627 550958 619234 641846 491748 240351 380588 618561 957915 916883 752760 613267 605688 740623 635589 858671 569267
375106 671783 727560 761673 524940 553023 651133 48577 828350 888951 436192 660560 588337 548415 816018 348392 777463 678320 178472 856092 525892 652065 838910 874783 729153 603376 665180 905252 719019 144360 611736 777250 783975 1082601 831357 1033836 696789 570494 624688 228883 698351 181254 663314 994511 459928 517368 878086 261622 548262 381522 701099 965432 999999999 808396 187312 843488 871783 192176 275450 518157 667913 287674 296404 582020 907872 474006 874660 443507 514080 933553 644255 617233 680279 566855 466932 566003 811339 445065 783302 793537 808744 233704 707033 920867 615093 727890 767454 489178 725304 658537 872419 139992 50822 213264 674347 372320 644584 751461 453579 409161
510177 519874 80914 559975 283539 534276 674492 796451 810092 478616 852441 165963 994059 353083 324584 466938 600406 618658 956235 493067 564771 378282 967239 298316 498994 248087 846531 855802 535584 665330 236841 756198 803919 702898 856578 569620 200769 319470 538446 854965 170216 777795 146645 408896 601899 550865 70120 675265 327617 884727 110976 435028 808396 999999999 745550 822254 331063 656060 549900 313439 673085 542667 808653 357947 725123 358869 66514 381142 311109 392500 983572 498092 129746 246035 873197 242643 731764 464532 105038 288725 315199 590635 322831 253656 204736 195509 882917 509192 352360 199208 910514 739754 772195 617316 209658 458386 336675 205942 922366 428330
425984 506797 666201 592721 471800 387416 468003 139745 641846 736170 261955 583616 426580 562823 685641 342896 604226 500684 356025 699555 355614 513861 653872 751623 567847 511485 478999 718636 552277 195665 590855 591815 597091 913924 644085 878103 597630 575371 456910 114577 671049 32281 610496 860900 285397 350077 811921 89553 551616 224871 648433 824641 187312 745550 999999999 656866 742420 100927 203067 501676 485175 321357 126220 603036 727970 465894 811488 433053 434728 797418 473255 456332 616337 500360 294040 509327 627930 313710 698099 669555 679941 278542 577847 810013 576779 710738 580772 333815 589500 568017 685185 284740 140923 143089 656517 287376 663398 737626 295365 317686
910914 311321 784807 263823 729179 364616 206987 796535 15944 411887 462345 699133 441635 925649 521910 784705 224403 223750 1010987 373119 365493 453847 179204 584815 323283 629940 218606 61771 287240 797288 860231 76680 61055 398247 49816 467174 627466 912307 314780 666785 887707 669264 783967 589254 405758 381662 850004 586134 895472 541437 802752 528530 843488 822254 656866 999999999 549765 676900 669580 826536 194771 832097 573534 964488 166836 828010 860185 809241 652939 540246 373717 353145 753265 702762 446462 732235 91613 520577 719132 547399 527759 825900 499714 672147 808474 939271 140642 436466 470106 649061 91654 913305 794853 684961 904627 636337 998826 965413 502396 619397
