NAME : synthetic_000816
TYPE : CTSP-D
DIMENSION : 100
GROUPS : 8
RELAXATION_LEVEL : 1
EDGE_WEIGHT_TYPE : EXPLICIT
EDGE_WEIGHT_FORMAT : FULL_MATRIX
EDGE_WEIGHT_SECTION
999999999 185198 845321 400242 773336 807159 576352 691445 136418 559828 729241 347986 651365 808515 426032 701147 537668 284819 690834 779451 565889 876077 118650 791066 251511 829796 820928 579563 990548 629099 272072 543247 718761 729732 718433 551224 706186 219368 765638 297927 64937 577046 972162 406253 542519 588689 340018 887378 282493 599225 424371 379822 75165 160655 425146 779561 510369 611522 627875 623109 599285 223823 462896 447555 906680 846586 353161 737955 286660 569360 768266 118642 140611 875790 684285 813378 172663 699343 371356 688811 237264 166339 227965 662184 335286 140390 180529 815211 243761 48616 320009 729742 896385 757040 822254 517067 237329 615656 584662 497017
185198 999999999 723681 356831 705354 629466 460921 567275 271719 623226 750211 495139 497830 801316 513486 822219 373003 226011 738799 676534 607122 775201 294820 795333 190433 784772 744910 693560 915622 609902 315048 673395 823398 575358 619265 477221 808096 344870 648138 141243 228120 524477 900363 222292 478307 535666 217082 863231 339875 546453 484749 503062 251950 260480 284286 752984 641100 680893 709653 581403 715329 301677 284620 395407 876380 825331 229260 554188 314693 564187 686233 299873 236420 823481 511330 663594 218717 533271 477423 541801 409687 345231 138507 653735 455269 91792 227554 699597 113783 139242 137775 685033 794396 575660 640168 533426 281139 665333 706192 562967
845321 723681 999999999 484887 261682 424029 268980 156429 809920 718794 615575 914845 273094 528196 759104 1013334 398972 921789 707112 111461 646252 120086 960274 569850 595084 371545 228820 911660 308624 451581 1037873 956195 951953 232360 159592 333591 932763 807654 80938 767858 908989 365103 311191 654386 357833 358734 511836 486657 683489 354974 684088 851397 866171 976180 439962 437740 940051 757343 810604 379716 930603 1023959 702904 441001 468002 482110 498771 523449 638192 500249 202027 905339 758441 354127 378704 176713 703413 319949 797822 219118 944207 1001255 842026 489363 825733 710836 950883 42444 617168 802557 621900 356866 124351 474434 498504 566317 675632 687462 944711 711040
400242 356831 484887 999999999 373258 620434 238303 349404 332684 348892 410388 437021 389657 445874 314425 624935 351102 582578 427146 398799 302126 489926 502683 443850 168150 434598 422012 500409 590685 253619 647077 521080 592030 455203 337112 158274 573275 322832 404483 473021 464729 177184 572025 450740 144157 188834 186963 506789 199517 199492 245394 384054 400267 554307 225553 396543 497247 406441 451514 227876 522689 613174 529517 48177 521092 468570 185038 618135 153309 214874 372178 432881 285431 477938 491624 513905 234335 472044 332241 399915 459788 536568 495256 299730 350723 295056 550899 447919 250585 368568 347447 333981 510629 606561 668950 208048 193110 363673 527343 306760
773336 705354 261682 373258 999999999 637580 287972 266967 698808 492306 358238 744864 418788 266948 565371 777202 496552 927760 456537 156380 418857 178415 875028 308204 531383 121577 56604 688810 217543 219693 1011942 743819 708873 424515 150414 228359 690217 671202 226140 793100 837930 198482 198836 718124 231631 187104 493476 239513 543293 177273 494465 670149 771443 925444 460011 176144 733301 521167 573506 170122 705359 982654 785377 325782 229771 226352 483215 707299 509972 283789 61987 800672 655471 131671 551620 411593 606639 499389 618208 380359 807351 906838 840892 243438 655760 660280 917023 222733 591663 740080 646668 100643 195094 668385 708992 359152 557283 448977 723238 499624
807159 629466 424029 620434 637580 999999999 416242 373653 841782 957285 936358 1025341 242596 889253 933870 1243893 284376 742718 999314 490624 896927 542995 922591 919204 616435 759037 627357 1120732 732641 746668 892205 1139550 1204573 213259 488145 550589 1185326 880401 417382 589581 856954 621511 734514 444465 579084 623163 504321 877093 789868 626930 865821 990442 860444 879739 419970 800192 1114046 1010505 1060256 670943 1142924 905033 444732 602554 865777 861454 494403 130585 739287 762734 577627 908558 789031 757141 131337 247858 738641 152969 942542 262592 994237 972358 689829 798155 949762 672066 831212 442985 571162 758575 491914 706421 548374 76701 74481 799934 751327 953573 1147746 923637
576352 460921 268980 238303 287972 416242 999999999 116997 546509 546702 524075 674952 173650 495157 545132 839244 211400 670058 583100 217063 483096 315446 691595 517292 326562 399562 309865 721678 472555 333592 775957 751307 793750 224677 164137 134349 774347 553075 189807 523575 640019 206484 461465 433844 162940 209354 245313 508869 435571 214491 471953 621788 598838 708877 184656 413063 729681 597651 648635 260534 743034 758417 498464 204628 507709 483094 232534 450822 386672 346520 247655 639318 493859 419481 300895 275853 438389 263374 569440 167714 686779 733188 586526 386437 589023 442284 686443 240392 351129 533662 374802 320153 334162 423197 477121 387416 418012 538345 751391 519600
691445 567275 156429 349404 266967 373653 116997 999999999 663430 630505 572035 786100 154631 516016 646219 926499 258396 767434 646675 139545 562022 227875 807417 547632 442827 388356 266749 814529 407245 386922 881607 850152 874264 160954 116594 216500 854797 668319 84114 615161 754647 272049 401302 508506 245162 270090 355847 505615 548550 270826 571647 729229 715553 820095 283802 426594 830506 676844 729391 309680 835065 867561 563375 310668 496710 488259 342733 440852 500612 417578 210081 756264 610845 392998 285359 178017 555382 232422 676188 113421 802835 849543 686706 435083 698832 555650 794454 135311 460947 647902 467933 333059 243476 401432 443528 471372 533780 612104 845748 611246
136418 271719 809920 332684 698808 841782 546509 663430 999999999 428108 608531 224296 654533 698486 291025 567753 559666 418823 561594 730230 440829 822509 187320 676168 231352 739337 750497 444334 915634 529896 403351 411904 582763 731036 668391 490898 569978 83227 728984 406426 178990 500430 895489 487839 475888 511731 341730 784279 166828 521548 296542 245228 84292 285687 430223 679897 379046 477934 492296 537278 464469 349424 555291 380529 806460 742735 353331 791441 189421 464996 703628 102073 54094 788662 712705 806923 109168 716673 234949 683255 152477 210107 354149 556187 199647 188263 315409 775382 274979 151098 384266 641775 843199 801752 868050 404092 141572 486898 450946 365615
559828 623226 718794 348892 492306 957285 546702 630505 428108 999999999 215843 327237 717348 342300 144277 296361 698446 824935 136779 609221 73603 666886 605971 301464 452867 459814 547742 196505 668815 273443 830843 255569 247386 770753 560742 416785 228082 353147 651027 761506 607087 359947 644812 778111 387425 363877 523741 445941 286806 365793 139246 244432 510870 713795 574232 373074 251056 59200 103284 339530 213499 777513 857194 356358 476983 406763 525369 965485 309014 218555 533662 510313 421685 513844 832392 808430 411770 805142 213318 713731 446850 612247 746444 253820 261755 534778 740295 676406 548783 557621 666874 395792 685229 950767 1011187 159743 343980 68826 230963 62830
729241 750211 615575 410388 358238 936358 524075 572035 608531 215843 999999999 541296 695371 134554 351480 442977 717306 969033 110742 505035 171105 535066 794258 87728 562045 284226 405632 386167 489300 190483 1000278 457195 365177 729826 473390 392622 348074 543930 564313 877745 784199 318054 465166 860355 367071 314721 596623 238864 446899 309987 315132 457988 692803 888974 618002 195156 459169 208830 250917 265416 396170 952671 938665 391111 271877 203804 593435 973512 448056 197238 414191 701082 588823 333720 824965 743495 563302 784979 420979 675611 653305 807559 884570 138205 469249 671410 905611 574398 654594 716449 757750 259135 550019 947271 1000219 217423 494437 147746 420191 263380
347986 495139 914845 437021 744864 1025341 674952 786100 224296 327237 541296 999999999 814119 660168 192909 361249 741222 631778 459985 818421 375415 898812 336456 624163 412272 749119 801020 253103 949124 537220 585071 200643 394951 885402 759168 581255 386474 153496 836092 630717 366649 561025 926350 706856 557637 570280 522585 760107 240783 577540 253227 83366 275475 465108 605376 671597 168662 355619 346818 574823 268691 523413 776936 476204 788593 719036 531653 990804 291332 467632 767713 247999 261338 802928 894081 949675 298012 887848 128494 832126 140713 323559 574451 542245 89843 408304 511160 875474 481471 373099 599110 664377 919162 994411 1060392 391979 274019 396005 248591 279266
651365 497830 273094 389657 418788 242596 173650 154631 654533 717348 695371 814119 999999999 655954 703820 1007125 133794 671486 756722 292165 655466 371883 770013 682638 423213 539237 421344 886499 557801 505177 801438 910605 964722 78385 269622 307994 945386 678446 226294 513411 709999 379236 553430 388194 336537 381251 315436 655106 573826 385444 633092 770136 690462 758219 227285 569259 886893 769560 819926 430241 908332 797618 431239 365966 648230 634819 302962 289273 523002 520162 363891 735868 600441 546804 133925 166022 546069 89850 719768 54201 803841 816610 598300 557247 732854 510980 722488 270162 408002 604038 375984 474845 384443 254657 304876 558961 543881 711490 914880 686607
808515 801316 528196 445874 266948 889253 495157 516016 698486 342300 134554 660168 655954 999999999 467462 575811 702494 1025896 244776 422839 284821 432889 885804 50858 610975 166316 303736 520202 360868 192562 1074544 590164 496031 676970 405232 377836 479635 642726 490158 918206 867622 305174 337050 879668 359045 297433 621764 104682 532053 288979 418676 577043 781595 969133 624037 91231 590572 342267 385449 242730 530600 1031858 955296 413757 137375 69824 615870 943263 521882 240525 328294 796141 670923 208997 789454 675145 637024 742962 535131 626924 762178 904549 939158 148240 582120 731403 978363 489673 696433 789022 785973 182966 445095 910579 957672 294403 571265 277039 554388 381234
426032 513486 759104 314425 565371 933870 545132 646219 291025 144277 351480 192909 703820 467462 999999999 322250 658408 700561 281054 655844 183021 728387 463651 432500 365711 559584 621963 192534 762861 350918 694160 206820 310870 767337 599941 431185 294974 212215 683922 654521 468917 395154 739642 692311 404036 402776 457508 567202 176006 408339 75096 110422 371639 575536 524804 479971 184617 188108 202122 397490 215304 638853 769627 340701 595792 526161 462495 922663 215091 282639 594856 367727 293099 613731 804067 819477 295123 786391 69759 711170 303401 468327 626648 351198 118303 422093 606153 717920 456990 429846 579458 479101 748188 915962 979714 206554 234308 210607 215563 88121
701147 822219 1013334 624935 777202 1243893 839244 926499 567753 296361 442977 361249 1007125 575811 322250 999999999 974947 985808 332434 902946 367445 954737 697533 525843 687236 724072 830658 130387 931607 563390 946317 160635 86147 1063890 856192 711732 98367 485366 946930 963069 726406 656308 907415 1012148 682478 660166 779346 677673 495090 661870 381111 322729 632287 826276 843672 634196 192735 256745 203850 633625 107831 884596 1088505 641685 711403 645625 783930 1241057 537041 513949 823471 608722 588724 775388 1116202 1104285 604963 1093275 345061 1006880 499391 681631 921309 533790 369523 730599 870910 970892 776642 718374 899444 677458 972144 1231395 1293870 455146 551455 328403 116866 320545
537668 373003 398972 351102 496552 284376 211400 258396 559666 698446 717306 741222 133794 702494 658408 974947 999999999 538050 760943 396284 645527 486083 655709 720798 332297 610596 511735 848614 663725 529364 670322 861888 943015 206623 358461 327363 924189 596087 340460 379746 592910 402453 656109 256044 350853 408143 220076 720213 507369 415348 593979 708529 584420 633002 136289 622965 835185 754827 801556 462264 871157 669322 305446 343785 718993 693849 210030 267130 457193 526588 450334 631668 506375 628173 153602 297469 455026 161727 661922 185782 711845 704001 466223 583130 666862 398485 594019 389200 295126 489334 245081 530914 501062 257659 322133 548020 467220 705535 873778 657854
284819 226011 921789 582578 927760 742718 670058 767434 418823 824935 969033 631778 671486 1025896 700561 985808 538050 999999999 948461 887104 818190 985309 324985 1018147 415209 1010198 965017 863155 1134809 835130 155938 828060 1001026 744031 832601 700526 987750 501957 850812 158911 271627 750090 1120556 299833 703091 761205 434770 1089181 538300 771968 685896 663864 356340 205631 486138 978927 795184 880167 902241 807370 883250 191579 306526 621401 1102382 1051147 445678 637667 524012 787368 905107 389368 407484 1048015 646972 835198 413584 683938 651587 721622 510821 366893 87586 877938 618452 297623 141959 902421 337578 271081 299915 910701 1003673 674919 731485 751611 482479 873666 869200 762680
690834 738799 707112 427146 456537 999314 583100 646675 561594 136779 110742 459985 756722 244776 281054 332434 760943 948461 999999999 595683 131814 634864 741705 196064 558383 392637 507081 279586 599305 260490 962715 353162 256071 799359 557515 448760 238453 488676 649544 873425 740430 378817 575130 874441 420512 378529 612534 348379 411810 376472 266468 378356 645087 846933 648599 302870 358547 107871 142486 337448 287918 910785 953691 420048 381726 314333 611714 1024210 425407 237022 508683 646279 551092 443274 881374 822514 535316 846474 349926 743435 583153 748860 867352 217802 398254 653624 870737 665122 654123 685155 766426 355927 650907 1002873 1059356 219123 466094 75258 312882 197011
779451 676534 111461 398799 156380 490624 217063 139545 730230 609221 505035 818421 292165 422839 655844 902946 396284 887104 595683 999999999 536327 98668 890804 462440 528069 273716 136798 803145 267835 340458 991243 849764 840797 280551 61843 241459 821640 719999 73267 739566 844119 260711 261810 641652 261855 253194 459708 391574 593298 248303 581199 751666 792544 919448 401313 331709 834749 646652 699889 269708 821721 971220 699821 352230 377151 381929 447324 572175 550817 390921 94579 828721 680804 266701 418413 256603 627047 362306 698158 245157 857557 928909 803527 377916 728739 650977 900401 69508 565110 739625 590888 247172 118067 528804 563701 458955 591871 576451 836508 603897
565889 607122 646252 302126 418857 896927 483096 562022 440829 73603 171105 375415 655466 284821 183021 367445 645527 818190 131814 536327 999999999 593283 625122 249640 426817 390276 474423 270023 598465 199843 837913 326948 312347 705792 488757 350888 292876 373591 579526 741622 618314 290273 574590 745082 321539 293434 484823 385869 284206 294690 144974 292233 525060 724104 526757 305401 319949 115025 167371 266643 287094 787980 824386 301753 415465 345375 484831 911577 294405 146522 460099 531192 425374 444547 774249 740034 405983 744187 251639 648897 482647 637041 736406 182232 299457 522486 744652 603830 522691 557338 636130 322887 611630 894102 953127 97715 336557 61715 304389 96478
876077 775201 120086 489926 178415 542995 315446 227875 822509 666886 535066 898812 371883 432889 728387 954737 486083 985309 634864 98668 593283 999999999 986357 478465 625017 268916 130043 863110 190554 393478 1089891 915026 887177 344343 157873 331653 868473 808016 146361 836902 940864 337810 191531 735663 348689 328570 558355 378444 680263 321627 654957 828622 887008 1017441 499281 345871 902499 698277 750908 332218 880371 1069576 791239 442410 356645 379480 545986 638093 639924 452690 134115 922010 774114 242714 489074 296477 721035 430853 775511 320434 945710 1023532 901972 421359 808974 748845 998929 103403 663707 836893 688377 279051 20720 590676 617406 525432 682773 626339 897244 669171
118650 294820 960274 502683 875028 922591 691595 807417 187320 605971 794258 336456 770013 885804 463651 697533 655709 324985 741705 890804 625122 986357 999999999 863205 365197 922738 924650 586759 1092559 715500 249601 536904 728911 848377 829346 657895 718942 253036 880141 385578 67627 676920 1073269 509322 646672 688458 458088 971046 353964 698692 480172 391422 105294 131821 543684 865896 505107 651568 658688 718294 603820 187139 557959 550761 992728 929582 471184 848757 371875 651568 874275 95979 221011 970914 801161 931859 268463 817431 399223 807242 199658 50637 296568 743153 354746 259040 187368 929126 362354 166472 432298 824018 1006834 870331 934969 591411 322078 668009 584796 544695
791066 795333 569850 443850 308204 919204 517292 547632 676168 301464 87728 624163 682638 50858 432500 525843 720798 1018147 196064 462440 249640 478465 863205 999999999 605063 214757 348631 473660 411698 196482 1059708 544920 445567 708245 440158 393661 429330 616346 527571 916715 848536 319008 387858 886136 372100 312735 625034 152368 511107 305471 389179 540808 759999 951632 634431 132875 546748 296548 337809 258555 483261 1014871 962958 416201 185860 120301 620125 967662 505534 231157 368406 771809 651876 259248 815268 711421 621330 770839 501279 656623 731374 879533 932150 145107 549018 721650 964011 530384 693691 774326 788796 217233 491447 937099 986250 274015 553983 234326 507562 344988
251511 190433 595084 168150 531383 616435 326562 442827 231352 452867 562045 412272 423213 610975 365711 687236 332297 415209 558383 528069 426817 625017 365197 605063 999999999 601281 575873 556919 746705 419921 481486 554234 673904 499929 467229 304642 656890 264138 514961 316388 316070 341535 729556 327820 300034 353041 112252 674815 193185 363857 319960 389934 273338 395382 199646 564594 524519 511907 547226 395410 579604 451423 406157 210188 689226 636333 122968 578772 150769 373907 520817 315952 177274 642873 485899 577322 123591 486452 349778 453080 381741 406717 328228 463310 344805 129015 385965 564126 96138 212094 215289 500810 645242 582444 648556 346749 141816 487052 576219 396707
829796 784772 371545 434598 121577 759037 399562 388356 739337 459814 284226 749119 539237 166316 559584 724072 610596 1010198 392637 273716 390276 268916 922738 214757 601281 999999999 142862 652016 209453 214197 1081672 715322 648632 546047 271902 314351 631090 699105 345565 884106 892982 260384 185316 820771 307694 249123 581527 118246 575421 238326 496215 669174 817563 987050 560432 89877 710032 475726 524751 207159 665671 1046941 891099 391120 109193 110964 572690 828176 551005 283719 181810 841038 701820 54351 672489 530304 658183 620740 620631 501776 830279 949444 922655 209302 663331 729423 985489 335905 672698 801631 741163 100619 279948 789781 830554 357769 600670 404326 686817 482157
820928 744910 228820 422012 56604 627357 309865 266749 750497 547742 405632 801020 421344 303736 621963 830658 511735 965017 507081 136798 474423 130043 924650 348631 575873 142862 999999999 744200 171080 275790 1054451 799909 760960 416527 153933 271236 742482 725129 210062 826262 885723 250400 155563 743619 278467 239337 530291 258221 596990 230022 550950 726593 821711 971021 489330 215905 789655 575223 627240 226199 760482 1027197 807897 374041 241470 253705 519356 706121 562315 340357 62211 852117 706068 129920 551253 391691 656210 496423 674560 377894 861693 957573 878770 297099 711801 704237 960251 194271 631151 786257 678460 153240 144387 664116 700287 415756 608932 502884 778704 556027
579563 693560 911660 500409 688810 1120732 721678 814529 444334 196505 386167 253103 886499 520202 192534 130387 848614 863155 279586 803145 270023 863110 586759 473660 556919 652016 744200 999999999 861468 469813 832796 77321 142190 946107 752629 598199 133440 361224 841545 834640 609562 548701 837330 881801 569373 553888 650031 624825 364706 556924 255102 199875 513462 712263 716128 563525 94978 178246 137490 534022 22771 772516 958257 520562 657505 588349 654922 1113918 406879 412440 729628 494459 461758 705467 991991 991264 475649 971312 216169 889288 393804 576495 796041 449213 244715 601814 753305 869421 646284 593743 769079 591993 881569 1105738 1168852 345935 421186 247897 34809 203283
990548 915622 308624 590685 217543 732641 472555 407245 915634 668815 489300 949124 557801 360868 762861 931607 663725 1134809 599305 267835 598465 190554 1092559 411698 746705 209453 171080 861468 999999999 412273 1225528 924384 854450 534629 309260 442148 837363 885206 331811 993920 1055219 415801 24215 905111 448187 404335 700368 271499 758004 394292 696080 871128 988884 1141641 655481 298538 918414 685046 733671 381098 875082 1198101 965894 543053 239841 292697 689199 828537 726455 481579 229712 1017608 872847 156475 678651 485202 824181 620720 820944 508043 1020144 1124106 1048877 416426 861447 875202 1131316 293491 801908 956617 845527 284757 184325 781227 807112 557546 774232 613764 896270 688573
629099 609902 451581 253619 219693 746668 333592 386922 529896 273443 190483 537220 505177 192562 350918 563390 529364 835130 260490 340458 199843 393478 715500 196482 419921 214197 275790 469813 412273 999999999 890103 524143 500374 542070 298123 202838 481195 485819 390170 725645 690554 127848 389286 689985 178544 124239 430045 258584 364121 119762 284009 458856 610236 788811 438155 150656 514040 306701 359834 77241 486903 850481 766586 221497 277789 218400 424620 783322 344421 69794 260627 630837 495837 266968 634483 562101 456439 594888 408866 487049 616151 739625 748082 53768 450306 542727 793629 409201 504045 605612 594175 128220 411788 756788 809942 145317 394491 236023 504083 280664
272072 315048 1037873 647077 1011942 892205 775957 881607 403351 830843 1000278 585071 801438 1074544 694160 946317 670322 155938 962715 991243 837913 1089891 249601 1059708 481486 1081672 1054451 832796 1225528 890103 999999999 785711 974539 876787 933426 783941 963652 482882 962962 302705 225667 822767 1209231 447741 781218 834320 531536 1148484 554159 845121 696301 634616 323349 120546 597920 1039126 753648 881280 894550 874835 850672 63895 461522 691235 1165540 1108502 543953 790993 554197 834144 997210 338415 412543 1124198 790472 967134 438381 823200 635049 848842 449253 275362 205173 926911 594207 352596 96497 1014478 426382 285566 425539 981057 1109199 826374 884397 786267 506273 887585 832621 768128
543247 673395 956195 521080 743819 1139550 751307 850152 411904 255569 457195 200643 910605 590164 206820 160635 861888 828060 353162 849764 326948 915026 536904 544920 554234 715322 799909 77321 924384 524143 785711 999999999 204032 974018 796610 633995 200011 331003 883370 813106 566408 591170 900376 872306 606001 597494 654613 694824 361549 601652 279391 170379 473126 665730 726923 628108 32896 248382 212607 583299 80944 723961 946730 547188 727028 657318 660914 1123948 408572 462336 780959 448343 437463 769282 1009295 1024773 459904 992825 204456 917750 339040 521620 766049 508967 218198 582627 710967 914345 638286 562998 760590 649495 934045 1119523 1183849 390962 413681 314318 54389 246161
718761 823398 951953 592030 708873 1204573 793750 874264 582763 247386 365177 394951 964722 496031 310870 86147 943015 1001026 256071 840797 312347 887177 728911 445567 673904 648632 760960 142190 854450 500374 974539 204032 999999999 1017400 797081 662763 19471 499549 888712 964607 750744 602313 830329 1001575 633381 604988 757915 596483 486809 605574 356527 340413 654164 853993 815591 558916 230977 197421 145238 573631 126702 914494 1079429 602903 630308 565799 761135 1210121 523359 457300 757944 636342 596235 698842 1079211 1052250 604685 1052511 349879 960418 535652 718483 931523 466069 383519 731720 894061 909566 766846 730498 888806 608402 903914 1196929 1257876 406351 545177 264694 150114 285834
729732 575358 232360 455203 424515 213259 224677 160954 731036 770753 729826 885402 78385 676970 767337 1063890 206623 744031 799359 280551 705792 344343 848377 708245 499929 546047 416527 946107 534629 542070 876787 974018 1017400 999999999 274889 354922 997963 752512 208034 585349 788372 420772 533588 454945 384255 420841 393214 664000 644657 423289 695072 838410 768351 835828 305372 587456 951444 820696 872177 465221 967551 874394 490765 426922 653229 648210 380617 294031 594082 565455 364992 813526 676950 545813 146373 91258 622269 87607 787184 57034 879540 894908 672843 592018 802586 589349 799174 241138 486386 682421 451308 494011 353369 248552 284580 611154 617349 759374 975536 744252
718433 619265 159592 337112 150414 488145 164137 116594 668391 560742 473390 759168 269622 405232 599941 856192 358461 832601 557515 61843 488757 157873 829346 440158 467229 271902 153933 752629 309260 298123 933426 796610 797081 274889 999999999 180219 777764 658690 92071 687546 783174 205520 299405 595865 201696 199194 402186 389451 532301 195709 525005 693739 730832 859665 348517 314608 780505 601139 654382 223451 771788 912125 657512 290748 380124 373425 390071 557285 489376 342318 94406 766895 618973 277194 401681 271486 565261 349004 640171 229952 796177 867233 748164 340594 669642 591032 841862 118000 507047 679042 538794 223115 178018 517977 559024 406981 530142 532411 785517 551577
551224 477221 333591 158274 228359 550589 134349 216500 490898 416785 392622 581255 307994 377836 431185 711732 327363 700526 448760 241459 350888 331653 657895 393661 304642 314351 271236 598199 442148 202838 783941 633995 662763 354922 180219 999999999 643308 478545 255228 570169 616141 75191 425361 509623 29384 80951 267991 409599 352105 88873 356273 518900 556879 699883 249794 304473 614941 465834 517526 135516 618873 755971 582559 110963 415382 377868 258692 580935 309394 212226 217043 590741 442988 348219 433863 393163 390663 397717 465405 298073 616100 693407 613381 256466 492205 433055 689353 294525 363658 515433 426839 219638 352356 555948 611034 257050 351224 404857 629283 394938
706186 808096 932763 573275 690217 1185326 774347 854797 569978 228082 348074 386474 945386 479635 294974 98367 924189 987750 238453 821640 292876 868473 718942 429330 656890 631090 742482 133440 837363 481195 963652 200011 19471 997963 777764 643308 999999999 486835 869368 949249 739352 582850 813219 984655 613927 585540 739993 580667 470696 586147 338824 329076 642466 843123 797075 541308 225198 177953 125790 554315 120390 903994 1062648 583790 614460 549445 743086 1191309 506500 437860 739021 625780 582178 681569 1060079 1032784 589441 1033223 336215 940984 527142 709693 917484 447259 371240 716501 882277 890368 750161 716971 871937 589802 885286 1177911 1238772 386938 529210 245415 145635 267375
219368 344870 807654 322832 671202 880401 553075 668319 83227 353147 543930 153496 678446 642726 212215 485366 596087 501957 488676 719999 373591 808016 253036 616346 264138 699105 725129 361224 885206 485819 482882 331003 499549 752512 658690 478545 486835 999999999 727117 483087 257269 475547 863971 553671 459424 486247 376086 733548 128304 495230 228817 162638 159690 363653 461726 633032 298286 400254 411669 504119 381498 426784 624522 368031 757861 691757 386116 840397 169568 417853 683122 157928 108837 750440 749622 822703 145436 747484 152628 701528 137699 263649 435960 505705 116509 256152 397092 770717 328393 233017 445616 604843 828715 846116 912320 350344 135670 415023 368503 291671
765638 648138 80938 404483 226140 417382 189807 84114 728984 651027 564313 836092 226294 490158 683922 946930 340460 850812 649544 73267 579526 146361 880141 527571 514961 345565 210062 841545 331811 390170 962962 883370 888712 208034 92071 255228 869368 727117 999999999 699077 829522 292918 328447 592236 280620 287726 434333 463700 603424 285262 608827 774026 785543 898443 365971 398953 866162 692448 745654 315177 861051 947277 645876 361143 450028 452483 421384 500873 557744 433005 164303 824515 677542 339954 348275 185502 622549 291283 720497 176314 863513 920799 769523 432449 747269 632090 874742 51657 540018 723337 551591 310507 160628 456553 490546 495610 594819 624106 874073 639515
297927 141243 767858 473021 793100 589581 523575 615161 406426 761506 877745 630717 513411 918206 654521 963069 379746 158911 873425 739566 741622 836902 385578 916715 316388 884106 826262 834640 993920 725645 302705 813106 964607 585349 687546 570169 949249 483087 699077 999999999 319226 627430 981090 145218 577023 637919 302630 971756 480267 648410 623796 642977 371899 303958 339032 862272 780641 819644 849708 687788 856344 318486 174200 505170 981721 935795 311487 491630 452493 686458 765104 416523 375643 917935 489341 676561 359946 525206 618475 564157 534029 435131 102488 772742 595268 233021 247603 750467 223376 260914 148773 786850 854645 524664 584087 663121 421448 800942 846857 702021
64937 228120 908989 464729 837930 856954 640019 754647 178990 607087 784199 366649 709999 867622 468917 726406 592910 271627 740430 844119 618314 940864 67627 848536 316070 892982 885723 609562 1055219 690554 225667 566408 750744 788372 783174 616141 739352 257269 829522 319226 999999999 641317 1036735 441696 607283 652952 401491 948385 337753 663449 474797 410359 97684 106738 485082 841173 533858 656466 668927 686599 628103 170434 490909 512177 968322 907377 414689 781594 346696 629551 833181 119372 196776 939428 736663 873186 234886 754572 409387 748892 239644 118236 233540 722182 368962 200422 144564 879287 302092 107056 365838 793135 961151 803779 868216 574681 296803 665610 611264 544604
577046 524477 365103 177184 198482 621511 206484 272049 500430 359947 318054 561025 379236 305174 395154 656308 402453 750090 378817 260711 290273 337810 676920 319008 341535 260384 250400 548701 415801 127848 822767 591170 602313 420772 205520 75191 582850 475547 292918 627430 641317 999999999 396349 576695 53891 11652 325367 344964 347255 22368 320490 491884 573090 731469 319132 236779 575006 404912 457609 62734 568360 790105 651256 131548 354325 310660 317723 655515 311932 145643 208315 602235 457049 301433 507255 449968 408735 469082 438525 364663 612650 708368 662517 181364 471183 470187 726889 323435 412813 545734 488178 160618 358207 629510 683510 202810 358872 340244 581159 346639
972162 900363 311191 572025 198836 734514 461465 401302 895489 644812 465166 926350 553430 337050 739642 907415 656109 1120556 575130 261810 574590 191531 1073269 387858 729556 185316 155563 837330 24215 389286 1209231 900376 830329 533588 299405 425361 813219 863971 328447 981090 1036735 396349 999999999 894898 430282 384816 685847 248888 737030 374632 673221 848100 969345 1124078 643283 274333 894535 660857 709459 359901 850909 1180967 956881 524613 217707 269128 674883 827611 706178 458730 215997 997516 853225 132261 676444 487857 805030 618921 798092 504691 998570 1104298 1034333 392631 838863 858272 1114713 292928 786589 938817 832976 262139 187874 781178 808911 534598 754218 589603 872131 664952
406253 222292 654386 450740 718124 444465 433844 508506 487839 778111 860355 706856 388194 879668 692311 1012148 256044 299833 874441 641652 745082 735663 509322 886136 327820 820771 743619 881801 905111 689985 447741 872306 1001575 454945 595865 509623 984655 553671 592236 145218 441696 576695 894898 999999999 523227 585791 263852 919200 517214 595448 647530 703193 474241 443546 260429 812982 841104 837308 874386 639317 904318 462745 79306 470795 924493 886741 267024 348092 478217 663451 681428 522118 445578 847913 347849 545898 413349 387869 669536 441328 630886 559904 246575 741189 655816 299681 390416 642316 235531 361391 112853 729052 751865 379613 439722 656268 460816 806539 898991 723661
542519 478307 357833 144157 231631 579084 162940 245162 475888 387425 367071 557637 336537 359045 404036 682478 350853 703091 420512 261855 321539 348689 646672 372100 300034 307694 278467 569373 448187 178544 781218 606001 633381 384255 201696 29384 613927 459424 280620 577023 607283 53891 430282 523227 999999999 62565 274442 397159 331983 72379 329002 493634 544425 693826 265270 289829 587369 436471 488144 116578 589958 751088 597532 95986 405150 363659 266199 607176 291303 183666 228064 576635 429457 345178 461318 422191 378446 426147 440071 327381 597122 680708 615641 232311 468243 429032 685944 317945 365521 508540 436186 209843 369401 583218 638922 227699 335063 375725 600615 366092
588689 535666 358734 188834 187104 623163 209354 270090 511731 363877 314721 570280 381251 297433 402776 660166 408143 761205 378529 253194 293434 328570 688458 312735 353041 249123 239337 553888 404335 124239 834320 597494 604988 420841 199194 80951 585540 486247 287726 637919 652952 11652 384816 585791 62565 999999999 335663 334964 357982 10824 328329 500488 584579 743116 327589 227290 581802 407702 460585 54733 573329 801734 660020 143126 343805 301138 327834 659392 323095 147734 198244 613572 468515 289878 510244 447718 420308 471042 447218 365060 623233 719795 673640 177233 480452 481733 738462 316852 423843 557381 498153 149594 348888 632549 685878 207992 370189 342066 586570 352403
340018 217082 511836 186963 493476 504321 245313 355847 341730 523741 596623 522585 315436 621764 457508 779346 220076 434770 612534 459708 484823 558355 458088 625034 112252 581527 530291 650031 700368 430045 531536 654613 757915 393214 402186 267991 739993 376086 434333 302630 401491 325367 685847 263852 274442 335663 999999999 670230 294171 346069 401543 494893 375146 464346 88731 561329 626176 582670 623560 386483 672799 513121 342555 208844 679404 635106 13213 470981 246043 399954 470676 420438 287919 616172 373672 474333 235423 374969 451232 349601 493165 503247 348521 479933 451372 201175 441215 485387 105817 294441 164209 484285 577680 471955 537847 393644 249264 546523 672099 473683
887378 863231 486657 506789 239513 877093 508869 505615 784279 445941 238864 760107 655106 104682 567202 677673 720213 1089181 348379 391574 385869 378444 971046 152368 674815 118246 258221 624825 271499 258584 1148484 694824 596483 664000 389451 409599 580667 733548 463700 971756 948385 344964 248888 919200 397159 334964 670230 999999999 617498 324826 514197 677360 866036 1047289 659295 110257 694981 446943 489737 283969 635034 1109049 991934 468439 33854 41801 662687 944340 601757 319519 300056 883870 752803 136471 788740 648162 714768 737775 633707 618998 857168 992695 1001736 228290 679874 799786 1051993 452415 754115 864184 833105 190996 386785 906844 948407 383207 651763 381411 658964 482286
282493 339875 683489 199517 543293 789868 435571 548550 166828 286806 446899 240783 573826 532053 176006 495090 507369 538300 411810 593298 284206 680263 353964 511107 193185 575421 596990 364706 758004 364121 554159 361549 486809 644657 532301 352105 470696 128304 603424 480267 337753 347255 737030 517214 331983 357982 294171 617498 999999999 367023 147624 201296 249542 442087 371120 513605 332418 342967 369820 377170 387291 505772 594083 242548 639929 575931 301316 764967 50907 298390 554848 266831 141947 625819 658576 709388 124972 649206 157344 591355 265708 375685 459747 389365 159998 249564 460494 645702 281688 273427 404431 479443 700944 763738 829033 237850 58824 336623 383165 224976
599225 546453 354974 199492 177273 626930 214491 270826 521548 365793 309987 577540 385444 288979 408339 661870 415348 771968 376472 248303 294690 321627 698692 305471 363857 238326 230022 556924 394292 119762 845121 601652 605574 423289 195709 88873 586147 495230 285262 648410 663449 22368 374632 595448 72379 10824 346069 324826 367023 999999999 334162 507051 594716 753792 336861 217537 586446 408494 461519 46917 576143 812463 669446 153911 333344 291332 338141 665053 332727 148384 190372 623441 478613 279077 515202 448005 430628 475133 453893 367845 632052 729815 684406 172037 487748 492536 749252 312904 434581 568055 508366 138894 341838 637512 690252 211344 380045 341999 589818 356119
424371 484749 684088 245394 494465 865821 471953 571647 296542 139246 315132 253227 633092 418676 75096 381111 593979 685896 266468 581199 144974 654957 480172 389179 319960 496215 550950 255102 696080 284009 696301 279391 356527 695072 525005 356273 338824 228817 608827 623796 474797 320490 673221 647530 329002 328329 401543 514197 147624 334162 999999999 175775 380622 581040 462688 420615 258859 196174 227503 325373 277480 644928 726075 268157 540951 472561 405100 859947 171969 214503 521808 386251 284733 549881 736904 745535 272557 716950 124871 638647 343534 492429 607198 290979 167395 395769 604310 642963 414849 419621 535213 411411 674892 850822 913789 138753 204793 191289 282079 78239
379822 503062 851397 384054 670149 990442 621788 729229 245228 244432 457988 83366 770136 577043 110422 322729 708529 663864 378356 751666 292233 828622 391422 540808 389934 669174 726593 199875 871128 458856 634616 170379 340413 838410 693739 518900 329076 162638 774026 642977 410359 491884 848100 703193 493634 500488 494893 677360 201296 507051 175775 999999999 313799 514107 572332 590263 138349 275689 272077 500744 219469 575275 777004 418740 706122 636413 502390 965870 251356 389744 696161 297186 267406 723205 859246 897635 290101 848047 53580 783646 209196 386694 598587 461278 47820 412248 553700 811117 470346 395651 592035 586704 848746 965034 1030307 313632 248155 313088 205865 195969
75165 251950 866171 400267 771443 860444 598838 715553 84292 510870 692803 275475 690462 781595 371639 632287 584420 356340 645087 792544 525060 887008 105294 759999 273338 817563 821711 513462 988884 610236 323349 473126 654164 768351 730832 556879 642466 159690 785543 371899 97684 573090 969345 474241 544425 584579 375146 866036 249542 594716 380622 313799 999999999 203968 463229 760668 440357 559441 571291 613454 532426 267216 534118 448441 887542 824621 387819 798169 266621 546523 772409 48673 116209 865920 734594 848684 166217 745016 311703 724023 162345 136555 302908 638303 271614 188590 239903 833591 289869 113292 381367 718995 907588 814084 879898 487338 216900 570581 516434 448643
160655 260480 976180 554307 925444 879739 708877 820095 285687 713795 888974 465108 758219 969133 575536 826276 633002 205631 846933 919448 724104 1017441 131821 951632 395382 987050 971021 712263 1141641 788811 120546 665730 853993 835828 859665 699883 843123 363653 898443 303958 106738 731469 1124078 443546 693826 743116 464346 1047289 442087 753792 581040 514107 203968 999999999 540860 939049 633556 763172 775164 779955 730189 63893 477232 600535 1066080 1006643 477412 791407 447254 729780 916191 217951 300240 1031906 767162 923852 332649 792322 515351 801510 330790 165437 203083 822638 473971 268679 63877 949263 359233 185739 391643 886653 1037353 820084 882054 677619 397983 772034 712289 651280
425146 284286 439962 225553 460011 419970 184656 283802 430223 574232 618002 605376 227285 624037 524804 843672 136289 486138 648599 401313 526757 499281 543684 634431 199646 560432 489330 716128 655481 438155 597920 726923 815591 305372 348517 249794 797075 461726 365971 339032 485082 319132 643283 260429 265270 327589 88731 659295 371120 336861 462688 572332 463229 540860 999999999 554031 699800 631968 676521 381847 738783 585650 332778 229130 664119 627577 76894 397870 321049 421685 427614 508875 376312 588632 288709 388261 323227 286805 526073 263821 581304 589751 403741 490958 530573 284999 511827 417620 183531 378424 190301 468827 517549 393029 458037 430866 331371 587991 740367 529758
779561 752984 437740 396543 176144 800192 413063 426594 679897 373074 195156 671597 569259 91231 479971 634196 622965 978927 302870 331709 305401 345871 865896 132875 564594 89877 215905 563525 298538 150656 1039126 628108 558916 587456 314608 304473 541308 633032 398953 862272 841173 236779 274333 812982 289829 227290 561329 110257 513605 217537 420615 590263 760668 939049 554031 999999999 623980 386593 435174 174869 576748 1000476 886773 358344 127149 73883 554113 857696 495064 215491 237211 780435 646461 142125 703093 584025 606901 655274 543525 538327 760395 889291 891488 129637 587917 689815 942630 398834 644038 755317 724711 94414 359286 823543 869303 284589 545134 315636 598297 399408
