NAME : synthetic_000020
TYPE : CTSP-D
DIMENSION : 100
GROUPS : 8
RELAXATION_LEVEL : 1
EDGE_WEIGHT_TYPE : EXPLICIT
EDGE_WEIGHT_FORMAT : FULL_MATRIX
EDGE_WEIGHT_SECTION
999999999 792092 497717 900644 326149 873950 285190 833418 933652 1109088 783145 893519 835338 655464 676006 963009 682419 212396 1115950 525275 233256 801906 468671 480699 747736 575574 732494 946258 617619 423563 573966 847640 1050664 855847 1170344 882069 290025 164543 970348 1053337 698874 956041 870763 632606 758797 762172 273275 890731 892694 167006 896740 794474 799210 678784 625716 378487 1012156 719670 545689 506160 453211 625217 454991 996404 1008864 1066211 1029128 391752 1131388 593462 653394 459649 1153376 761216 729644 730236 901628 1016271 584318 986397 918799 167548 598197 656800 618491 761509 891378 861268 619646 854845 608083 444521 720058 381541 931949 802862 592115 1011918 886870 533026
792092 999999999 341376 534346 584579 484392 655296 387483 294984 331407 153143 385905 242580 212491 675715 399018 119113 579828 428080 319661 722433 715714 501186 655855 805186 525823 515968 157708 429717 385678 220768 190909 329875 780300 465395 609865 606709 629064 242308 294062 384351 195718 792198 211693 75272 277425 547882 147040 349300 722946 878217 257964 395561 138034 168110 420456 222137 512120 616464 498313 600237 220092 354441 271680 217948 311218 362450 533802 351966 314800 347811 552950 424543 563522 434010 175390 295462 264633 273561 361762 906671 796339 201220 802077 205078 282222 135557 294468 446136 157814 774107 366054 401867 430480 392048 372479 342041 220012 97105 259149
497717 341376 999999999 466717 418026 665370 315189 581449 436292 624704 407689 615516 337828 324884 420135 475213 269938 302066 618464 27585 385200 507692 427824 334608 548327 250847 339950 497405 201407 227510 142483 351599 554184 576852 672645 489712 268184 336118 476631 563317 492869 470337 591775 142019 342725 269081 227728 404880 403560 395219 661189 476920 333403 205836 185822 214702 542306 596112 317759 189809 273567 294478 220617 501422 541028 574697 531807 406577 647450 105589 183602 227589 656445 387293 547874 374726 566651 525441 86923 491189 689960 466444 147415 514283 266891 269178 469340 542197 214855 363030 476027 225424 519468 249484 446599 329042 376260 547585 437305 151127
900644 534346 466717 999999999 884680 1010877 630880 914475 300992 560478 682973 919453 296749 683400 331999 208454 575489 744310 394249 447481 703940 273627 883118 476413 411135 332282 174283 607165 286622 688242 524786 356641 418876 312340 445614 98408 612616 761185 416022 489266 877345 468628 317780 420632 597142 264572 639359 443205 205348 750904 407669 785759 148215 460657 519286 681179 571639 1000286 398352 394888 469410 667393 674203 413510 577725 484807 336912 871083 577732 365477 284126 447685 473984 167285 932968 687287 829022 462913 412720 279203 431441 801531 501302 471075 637457 260398 647831 828459 282124 397263 477225 681646 900595 715118 185792 166451 787298 592721 575170 570172
326149 584579 418026 884680 999999999 551999 442342 521261 809262 915944 524489 584774 715210 396685 774527 873500 465466 209034 981559 438543 447395 886507 145136 610310 883365 621904 748083 719955 609688 212160 405457 703932 896070 952334 1028792 902070 406254 247047 808039 875322 385053 774958 967906 502099 529106 668525 314049 715293 802650 392697 1020567 506777 749598 513862 444370 204767 802922 393702 643237 543412 555978 374650 238374 837218 797394 891427 900468 69520 936282 521389 601413 533121 997415 791458 408952 469082 611417 842505 482555 873344 1047359 445800 434608 814735 381626 670002 648738 567956 619947 695872 766217 227361 403393 174435 848792 742798 296886 796158 666775 352697
873950 484392 665370 1010877 551999 999999999 896119 96959 775148 702006 331331 121426 726190 345593 1080893 882399 440029 701986 876144 661625 934266 1151604 406929 990927 1211134 912804 958560 493608 839853 507088 532980 675107 772966 1220115 897723 1076860 846449 755931 697944 707990 184732 636401 1233815 614082 415199 746827 752064 615169 833509 899028 1312334 226612 865715 556023 512615 556401 586585 174472 982853 855087 928176 372699 487956 723372 577499 726317 828453 483604 712215 710133 775789 885893 844115 1008735 144495 324180 228175 695338 653302 839399 1341382 965747 543813 1179326 402261 751192 413197 202690 856313 640043 1139672 492146 159390 531016 876423 845022 308311 565801 484049 514286
285190 655296 315189 630880 442342 896119 999999999 828958 717057 933360 701073 876562 623318 593006 391213 723647 571124 233319 896260 339472 76649 516876 541923 197178 471194 299258 458226 812138 360707 389038 442300 651273 847916 572005 953101 602642 51270 204715 778223 868248 711518 779870 587092 455246 648170 539475 144972 715217 657511 122137 618504 749291 548216 520983 492677 340224 856576 778938 260574 240126 169050 559632 409410 800208 855592 877824 809793 479568 956169 379829 416950 183195 946651 482015 758114 658246 850044 830041 394743 759488 642124 172597 455983 387664 539930 537504 779272 818172 358482 669422 338021 404347 737414 368901 690700 557002 587869 862492 751825 424143
833418 387483 581449 914475 521261 96959 828958 999999999 678858 616663 234390 66310 629232 257459 992876 785723 345825 648625 783861 575655 872425 1060001 378254 911496 1123635 825837 865528 403983 749591 442589 445205 578257 680641 1128201 807494 981470 778405 703737 603840 618046 136208 543020 1141703 521566 318329 650682 686953 519534 736557 842348 1221380 129653 769733 461379 421154 493153 498749 195727 899132 771127 848947 286978 419772 629814 489807 636502 733877 451741 628299 619854 683203 805402 755057 915590 127039 228804 148713 603553 563445 743480 1250413 911580 453876 1095606 315239 655088 321388 113898 766189 543410 1057330 425568 120027 472050 779528 748813 246363 478981 390258 431318
933652 294984 436292 300992 809262 775148 717057 678858 999999999 267604 446349 668899 98541 494303 563866 111713 383670 736128 182328 408858 793309 551416 759027 632418 674619 472356 374367 318734 375162 597108 403872 110902 139702 602639 237571 396089 679936 772371 115031 194040 677532 170529 610491 311688 369508 177594 661571 162585 98677 818562 701214 550490 218858 298100 369454 612862 271606 805456 566319 491335 596481 491561 571836 115179 278139 193618 95515 773252 287335 342736 302236 556096 230865 405916 728409 469541 567882 163689 350567 68090 726732 884872 374720 707824 467408 179697 375572 577549 385033 137268 697144 582452 696076 636805 118856 196217 619588 293427 300173 456734
1109088 331407 624704 560478 915944 702006 933360 616663 267604 999999999 427313 581554 329772 532918 829195 353398 450506 899018 217468 598124 1006841 818611 826860 879647 942037 723858 640519 217974 622555 715446 536770 286217 143834 868204 213081 658069 889867 944576 163993 73801 669051 154390 875390 482911 391260 417683 849580 219968 365629 1019905 966025 509180 485171 430321 486774 747068 121636 788733 819650 728636 836306 546960 684685 153170 129725 75671 229501 864082 22810 555354 540851 792180 154126 673415 706994 474816 473866 108932 540150 282397 990835 1091005 511297 972237 535310 421438 303499 502827 634964 263993 958697 696295 678717 759971 374862 461565 659671 138408 256074 582601
783145 153143 407689 682973 524489 331331 701073 234390 446349 427313 999999999 237356 394985 129714 791835 551897 139037 574664 564924 393745 759099 845892 412698 741036 922982 631163 647638 211209 543999 359585 265679 344023 462824 912613 595410 753925 650059 628789 380181 410780 244944 323507 925367 312391 86194 421058 573444 290364 502186 745822 1008557 104821 540388 242898 224244 405815 305868 369942 714421 588799 680868 158079 328230 407986 298221 429211 507235 463060 443798 417488 469345 634338 547889 696882 289280 55419 162095 389317 365161 512098 1037400 819290 262300 907678 166795 425640 129222 148472 560819 309916 874428 338624 258401 402249 545180 518506 239935 292183 174915 276953
893519 385905 615516 919453 584774 121426 876562 66310 668899 581554 237356 999999999 628160 291353 1019288 778270 364619 704513 760247 607138 923180 1079890 442758 948759 1150482 854416 882840 376179 773210 494287 475503 573792 657337 1147275 779718 991279 825609 759901 585363 590074 200387 522758 1160324 542221 323544 658346 736486 506963 733842 895958 1242194 141287 777653 476911 445343 545080 467494 258122 931702 803947 886643 323334 469465 609699 458348 608259 716442 515311 591335 644238 702441 841990 725312 932442 193052 247072 108062 579258 589041 731254 1271144 966210 480513 1127588 349050 662945 298802 91773 789973 536681 1091031 476209 185905 526436 774900 755601 302686 446208 372124 468130
835338 242580 337828 296749 715210 726190 623318 629232 98541 329772 394985 628160 999999999 421383 505585 167705 309124 637638 280643 310367 699174 513458 672067 551226 625090 394215 321366 314793 293362 503202 310996 61095 224949 571663 335214 380696 584713 673868 165838 257673 611258 195002 581548 214764 311527 88476 563571 152248 107953 722315 671221 499580 173322 210398 281347 516703 297322 738424 489922 403842 510734 414016 479136 181861 301362 263184 194028 681891 351698 245987 213974 468339 323570 361170 664510 408322 534163 220880 252026 158385 698373 789526 282010 646431 387532 91950 351085 536517 305367 101801 630408 489437 631866 541813 153348 148146 541655 314785 278822 363845
655464 212491 324884 683400 396685 345593 593006 257459 494303 532918 129714 291353 421383 999999999 735848 588268 112260 449062 639706 318253 645720 806563 294136 657434 866431 568449 615457 326201 494325 232428 187866 383948 542323 875279 677875 740872 541742 503863 454454 503876 193957 407446 889147 271518 142495 420171 458349 358707 527956 626948 966904 156704 535470 222912 169027 280435 414582 318646 642171 514185 595291 33383 201887 483943 408099 521548 570567 337480 551599 364667 432429 550724 636536 665731 249642 75100 257836 476261 307753 562375 995952 699743 198391 838533 58001 424007 252130 225259 510754 359622 800886 211671 217408 273966 574428 517289 129565 404933 277462 176825
676006 675715 420135 331999 774527 1080893 391213 992876 563866 829195 791835 1019288 505585 735848 999999999 509962 655825 583796 705087 420143 448395 126273 827500 196006 131253 169294 189766 801704 248047 630714 548036 560956 701684 182312 760569 260201 397806 576938 666969 755456 912386 700414 197738 479449 711286 424532 468342 651121 470257 510133 247179 878052 345033 550480 573951 600171 801375 1015718 134675 238874 228530 708211 632379 676198 804663 756917 632188 787588 849896 375242 327908 241972 778011 168443 967713 772350 953620 721299 430305 572149 274917 539870 539424 144692 678689 419929 810175 937601 231261 597132 145231 634550 938857 637394 478360 367905 796333 817169 751875 569684
963009 399018 475213 208454 873500 882399 723647 785723 111713 353398 551897 778270 167705 588268 509962 999999999 476107 776796 195125 449222 800217 476019 837760 610622 608030 450366 323116 430199 365022 662791 473606 208446 210738 519840 250950 306782 692573 806988 220369 283771 776468 280134 525859 371791 471875 207090 689968 273616 71743 833863 615995 656594 180521 377370 447726 671338 378069 904059 537927 486573 584624 581631 640619 211791 385227 277866 128678 844108 369964 372112 310606 549784 270073 343203 828862 570854 678414 260934 395778 71060 639894 895438 445130 654379 555237 206469 486786 686671 370457 242369 650954 650444 796299 699132 33683 167392 709344 400759 411399 525926
682419 119113 269938 575489 465466 440029 571124 345825 383670 450506 139037 364619 309124 112260 655825 476107 999999999 470193 535451 254989 633043 715751 385869 602285 787078 493293 519976 264593 408875 268599 129702 272918 441315 783501 576724 637409 520707 521528 352571 411713 304113 312102 796781 177603 78288 311132 451174 256899 415768 626092 877824 223506 428359 116150 85236 306308 339448 430223 575546 449764 542432 108383 236955 382237 334600 428451 462921 415263 470979 280628 338313 495736 539192 569946 358788 118019 300575 380687 226956 451751 906803 699880 123455 769271 87912 315185 212105 281834 425669 251019 735568 248524 326200 313505 462183 409044 236046 335084 206578 152791
212396 579828 302066 744310 209034 701986 233319 648625 736128 899018 574664 704513 637638 449062 583796 776796 470193 999999999 917508 328805 243606 702249 318572 407983 684449 445447 589039 733872 458154 216987 362662 644232 846837 765106 970442 744126 199091 55540 764333 845133 519359 746827 780669 428335 546881 571127 115604 681886 705270 198225 826083 594601 625570 469301 413983 168894 800308 566167 449641 367392 358075 417663 247182 791205 796880 858604 831470 250308 921161 404927 474843 342850 949946 626712 558642 522990 701221 808540 385822 792783 851880 263817 387723 610595 408656 571157 679870 662879 464529 648411 561504 237508 543242 178989 747557 624988 402419 799739 674478 320701
1115950 428080 618464 394249 981559 876144 896260 783861 182328 217468 564924 760247 280643 639706 705087 195125 535451 917508 999999999 590987 972759 666861 920022 799071 801305 638076 517850 384412 546224 770135 577107 278171 103224 705963 57501 491656 860496 954450 186065 175077 808160 241902 710517 490862 502144 357796 843887 281124 245187 999838 799183 662610 370301 467710 537545 789460 299439 934575 728565 665751 768307 643235 743196 157277 308550 158776 87061 941197 224852 524707 479526 730233 82756 538117 854193 600202 652967 180991 532451 139030 821362 1065342 548133 849482 622826 359372 462966 673464 554039 287250 845819 754207 823109 811363 227156 352954 768802 323001 394360 629387
525275 319661 27585 447481 438543 661625 339472 575655 408858 598124 393745 607138 310367 318253 420143 449222 254989 328805 590987 999999999 410487 502125 441071 347310 549740 251345 327830 474628 191358 242245 131672 324114 526637 571410 645106 474856 293330 363515 449314 536286 492502 443811 586107 116100 325393 242657 255235 378451 377508 421985 658007 467373 311251 182737 169889 234113 517225 599445 324566 196947 287594 289176 232103 473989 516149 547529 504372 423849 620889 82859 163390 240776 628871 376242 548090 363696 554119 498360 59383 464121 686916 492884 131535 520582 260417 242911 449570 531402 205983 335990 484071 238027 518888 267643 421002 305687 378852 523031 414834 149898
233256 722433 385200 703940 447395 934266 76649 872425 793309 1006841 759099 923180 699174 645720 448395 800217 633043 243606 972759 410487 999999999 574664 561883 252469 514578 371681 530429 879884 436869 429836 505898 725989 923553 625699 1029553 671622 117178 200400 852910 942502 749710 852980 640368 526583 710871 615762 187506 788018 734158 67999 663687 800557 624417 590141 557389 379344 927502 806993 323421 315850 236825 612413 453715 875285 926216 952397 886234 493688 1029649 454877 493543 256984 1022641 551640 793283 713828 903554 904316 467099 836094 685578 97598 521732 423789 595018 613848 843333 869703 434214 743131 374916 447170 774888 403259 767233 633472 627769 932635 819369 482890
801906 715714 507692 273627 886507 1151604 516876 1060001 551416 818611 845892 1079890 513458 806563 126273 476019 715751 702249 666861 502125 574664 999999999 928674 322273 140729 265888 199747 824665 313371 728920 621677 573315 681844 69289 719025 180767 521279 698736 662810 745332 991379 705679 84083 538601 761695 444665 586681 665215 453010 636276 162774 939131 340732 603349 639085 703231 809424 1101427 257775 343456 351912 781742 726728 666578 814010 743686 604108 894383 837635 442187 377482 359514 745297 153502 1047521 833764 1005066 714607 499300 544485 191530 665831 608203 220252 751341 439771 845753 994066 297499 612677 244452 730276 1017291 740507 448407 365847 880749 827815 780829 651062
468671 501186 427824 883118 145136 406929 541923 378254 759027 826860 412698 442758 672067 294136 827500 837760 385869 318572 920022 441071 561883 928674 999999999 685249 946394 663721 767741 619210 629145 200707 366142 649093 827141 996965 962447 915898 498413 367350 738364 795130 242381 696726 1012276 471566 435717 642027 400328 642765 769892 515124 1074351 377140 739333 462021 390770 227468 708700 252390 703822 588953 625675 281191 209448 768024 702155 812389 844398 76959 845692 519656 601091 594140 924819 815039 263849 358808 478046 765586 470399 826052 1102349 575313 393672 889083 297965 644480 541313 433650 642176 633306 842682 203045 259307 190434 817214 727947 173221 698672 571598 315910
480699 655855 334608 476413 610310 990927 197178 911496 632418 879647 741036 948759 551226 657434 196006 610622 602285 407983 799071 347310 252469 322273 685249 999999999 277461 161006 303713 802509 258111 501628 476959 594409 771224 375206 856514 429456 211684 392480 716481 808579 811516 734043 390194 444271 671224 462759 296363 674633 553893 314358 422710 811155 430276 518607 517121 461559 825414 899661 78211 157857 62767 625874 511696 732928 826565 814405 716774 634398 901936 342570 338889 107023 861516 313501 863815 709334 900983 771260 383253 660157 447152 345125 478832 204881 599722 459312 790074 876776 247411 622582 157501 510744 838284 496959 576966 446194 688852 836503 745620 480868
747736 805186 548327 411135 883365 1211134 471194 1123635 674619 942037 922982 1150482 625090 866431 131253 608030 787078 684449 801305 549740 514578 140729 946394 277461 999999999 298398 303814 927593 379041 752677 678567 682516 809210 142145 854661 320955 489144 669895 782292 868289 1041166 819927 151760 610617 842144 547790 571065 773736 577779 581038 149315 1009261 457455 681350 705139 719088 922313 1142232 242640 362486 327517 838446 756454 788966 926098 868187 734620 902011 961953 506493 457588 352899 878100 268737 1096191 903574 1084698 835667 561459 674512 171228 596278 670450 100444 809101 543049 939095 1068848 362231 720005 143026 757898 1067733 755976 578672 481734 923802 939116 879225 698738
575574 525823 250847 332282 621904 912804 299258 825837 472356 723858 631163 854416 394215 568449 169294 450366 493293 445447 638076 251345 371681 265888 663721 161006 298398 999999999 158975 663360 102188 464900 380632 440971 611589 333504 695526 306631 285550 450023 560032 651867 743208 581873 348907 320328 553556 306194 331499 525221 392892 420351 412334 713500 269853 393876 409714 437581 677031 846629 95998 78827 138465 540154 464838 575108 678951 656840 555844 628499 745878 214245 187126 116594 700808 185945 798468 608193 793255 615043 266349 499151 440831 469263 373910 277260 510949 302421 661378 774814 88904 471958 248486 467553 769711 474880 416685 285253 627074 689899 609352 400564
732494 515968 339950 174283 748083 958560 458226 865528 374367 640519 647638 882840 321366 615457 189766 323116 519976 589039 517850 327830 530429 199747 767741 303713 303814 158975 999999999 627690 139268 567429 435200 379369 511924 265126 574043 155315 442859 600060 479316 566723 804430 516122 277733 344537 562901 246783 478975 470970 280538 579142 362319 742646 155536 405937 446598 550734 618671 919367 226237 227068 295211 592709 559630 487372 622588 567701 443059 744196 660966 256343 183032 275319 589193 50276 860813 637853 805996 533189 312613 383196 390878 627963 418466 334260 562055 241932 646282 796032 128139 417562 327983 565033 829744 586950 290694 178973 699456 635776 582245 470710
946258 157708 497405 607165 719955 493608 812138 403983 318734 217974 211209 376179 314793 326201 801704 430199 264593 733872 384412 474628 879884 824665 619210 802509 927593 663360 627690 999999999 563148 532193 378009 253715 281924 884936 404118 694842 763901 784233 217321 214396 451130 153569 895289 362471 191951 380918 705461 164020 403685 880591 984380 291654 487251 291892 325372 570900 96610 571053 757074 644713 749341 345413 500289 238114 88263 232761 347122 663132 233282 460005 478170 702313 351081 671263 489306 261646 268615 203615 424997 372169 1011890 954018 358928 935182 339907 385763 85571 291327 578715 213220 911242 511747 460801 577031 435696 462213 448439 81013 60602 413721
617619 429717 201407 286622 609688 839853 360707 749591 375162 622555 543999 773210 293362 494325 248047 365022 408875 458154 546224 191358 436869 313371 629145 258111 379041 102188 139268 563148 999999999 428612 308426 338918 513424 382530 603699 292385 334289 474714 458958 550963 678008 479736 396875 231755 463247 204992 352907 423095 302174 475428 472634 631932 187548 302444 328672 411490 574932 788889 198118 121639 222154 468757 421807 474896 576925 556457 462015 604934 644692 129768 85332 184906 605291 185898 734155 526145 705659 513882 186574 407354 501680 533246 296053 372985 438484 201412 564941 690309 16820 369782 348174 426816 703933 447683 331648 197638 568241 587989 510237 338436
423563 385678 227510 688242 212160 507088 389038 442589 597108 715446 359585 494287 503202 232428 630714 662791 268599 216987 770135 242245 429836 728920 200707 501628 752677 464900 567429 532193 428612 999999999 193384 492196 686453 797475 818143 716730 339565 272142 599068 670126 322488 569683 812711 291002 340933 459419 245189 508062 592404 402055 876753 378485 547618 302559 234370 50796 607547 398593 511256 391861 439861 201692 32023 627940 602945 685568 688531 183869 736596 322904 404477 403782 788517 614472 369982 306866 484708 636043 277615 661243 905014 473220 222520 701840 196028 461201 470841 447167 441514 485553 657376 20994 348455 44906 638959 538524 198926 603673 475045 140778
573966 220768 142483 524786 405457 532980 442300 445205 403872 536770 265679 475503 310996 187866 548036 473606 129702 362662 577107 131672 505898 621677 366142 476959 678567 380632 435200 378009 308426 193384 999999999 298997 495538 690730 625839 570196 392234 409994 409332 485314 369995 385820 704910 105894 205905 275968 327669 321811 404598 502947 780844 335729 377893 110701 52664 214294 438375 484427 456224 328600 416049 160610 168192 437652 435321 499705 495163 371011 558785 179884 254006 369972 598242 485290 426282 232511 424168 449699 122870 468501 809876 576539 29154 652114 130721 278517 337469 400161 324583 294338 615731 178647 395729 234279 451774 364372 265589 439033 317532 52905
847640 190909 351599 356641 703932 675107 651273 578257 110902 286217 344023 573792 61095 383948 560956 208446 272918 644232 278171 324114 725989 573315 649093 594409 682516 440971 379369 253715 338918 492196 298997 999999999 203030 632188 328042 441678 609815 684167 126951 217696 569202 141146 642225 215901 263433 137111 579328 91905 160307 744106 731728 448832 233937 190317 261098 511452 240421 697023 536967 442445 550138 380688 465710 150067 243792 226588 196799 665491 308793 271525 255602 505971 305910 420532 621005 362601 477444 179562 264744 178909 758994 813384 269986 700132 356533 141510 291645 482019 352290 40793 681934 476600 588509 533213 201443 208808 508738 256615 218529 351418
1050664 329875 554184 418876 896070 772966 847916 680641 139702 143834 462824 657337 224949 542323 701684 210738 441315 846837 103224 526637 923553 681844 827141 771224 809210 611589 511924 281924 513424 686453 495538 203030 999999999 728854 135623 516978 808472 887177 88804 81120 706769 139337 735437 418683 402768 311654 781847 184487 231847 944734 825850 559699 356932 384865 452153 709717 200601 832720 705850 627584 733716 547918 658164 59184 209487 69989 85774 852372 159365 469111 437651 692269 103166 540769 752071 499633 550250 78330 467262 139729 850128 1012962 467176 846024 529189 314442 359774 570298 523836 201208 836359 669446 721193 729001 234365 335094 671823 224530 291321 546589
855847 780300 576852 312340 952334 1220115 572005 1128201 602639 868204 912613 1147275 571663 875279 182312 519840 783501 765106 705963 571410 625699 69289 996965 375206 142145 333504 265126 884936 382530 797475 690730 632188 728854 999999999 755986 214333 580071 759206 715819 795579 1060517 761460 15590 606658 828010 506778 649522 723882 503973 689237 99560 1006716 398342 670455 707515 771085 865479 1170715 316915 410272 410842 850674 795645 717629 870445 792775 648517 961642 886477 511115 445206 422395 786219 216782 1116681 901516 1071117 766324 568242 589861 127016 713989 676974 238848 820237 501874 909006 1060941 366720 672105 273651 799081 1086398 808382 494489 423518 950037 884581 842773 720342
1170344 465395 672645 445614 1028792 897723 953101 807494 237571 213081 595410 779718 335214 677875 760569 250950 576724 970442 57501 645106 1029553 719025 962447 856514 854661 695526 574043 404118 603699 818143 625839 328042 135623 755986 999999999 542055 916942 1008294 224175 189738 840069 272726 759949 542754 537908 414158 898785 320038 302652 1055970 847807 689771 427486 515651 584425 839221 312951 965227 785845 723125 825794 683508 790513 194511 322159 171469 143326 986492 214600 580308 536554 787636 59126 593098 884161 633980 671762 206142 586265 196530 869268 1121841 597071 904759 664551 415867 486252 695376 611540 332934 901903 801671 853702 860021 283491 410360 807398 335353 421781 677655
882069 609865 489712 98408 902070 1076860 602642 981470 396089 658069 753925 991279 380696 740872 260201 306782 637409 744126 491656 474856 671622 180767 915898 429456 320955 306631 155315 694842 292385 716730 570196 441678 516978 214333 542055 999999999 592074 753942 510844 586394 933638 561125 219429 470940 667735 333171 633337 531046 298537 724650 309263 854434 214308 521264 572890 702883 664813 1053133 352112 379881 434883 721600 706677 509829 670531 582416 435304 895918 675598 397547 317526 422483 571915 120881 989854 752774 905288 559086 450813 377399 333165 768287 549796 390232 691074 328504 729807 901406 282661 482457 403184 712859 957963 738600 283210 237653 835718 685272 659025 610809
290025 606709 268184 612616 406254 846449 51270 778405 679936 889867 650059 825609 584713 541742 397806 692573 520707 199091 860496 293330 117178 521279 498413 211684 489144 285550 442859 763901 334289 339565 392234 609815 808472 580071 916942 592074 999999999 180890 736652 825896 661991 735920 595442 409420 597977 502783 98302 670903 624897 141501 633721 698049 520454 473479 443007 291401 810431 731949 263635 217806 169442 508370 359147 759411 809205 836014 773667 438863 912671 339373 383068 169835 908275 471244 709221 607031 798779 787732 349969 725025 658564 204936 406674 412024 488679 501128 729516 766918 334221 626289 362750 354382 688015 321296 660097 527350 538139 815742 703469 373107
164543 629064 336118 761185 247047 755931 204715 703737 772371 944576 628789 759901 673868 503863 576938 806988 521528 55540 954450 363515 200400 698736 367350 392480 669895 450023 600060 784233 474714 272142 409994 684167 887177 759206 1008294 753942 180890 999999999 806244 888866 573864 791499 774662 468705 598766 603416 121826 726196 735940 147903 814579 650048 649388 514260 462011 223447 848358 617224 442291 374175 348552 472232 302004 832507 845218 901821 867883 296011 966892 435247 500311 340617 990054 634610 612231 577526 756608 851856 422055 826863 839453 210048 433861 590663 462418 603067 732166 718371 479282 690614 541108 292531 597496 234527 776792 650768 457652 848579 724477 370517
970348 242308 476631 416022 808039 697944 778223 603840 115031 163993 380181 585363 165838 454454 666969 220369 352571 764333 186065 449314 852910 662810 738364 716481 782292 560032 479316 217321 458958 599068 409332 126951 88804 715819 224175 510844 736652 806244 999999999 92124 622461 63807 724063 337824 316105 253974 704120 95931 212540 870369 814743 479835 324863 298688 364703 623621 157786 749209 655759 566954 674408 459392 570433 29666 164860 99708 131152 763767 185861 398458 378082 630973 189471 514500 669183 414217 480115 55063 390119 156680 840571 939984 381346 809379 440425 257642 286645 496107 471162 115959 795036 581774 637857 641965 232846 300593 583831 180391 213906 459754
1053337 294062 563317 489266 875322 707990 868248 618046 194040 73801 410780 590074 257673 503876 755456 283771 411713 845133 175077 536286 942502 745332 795130 808579 868289 651867 566723 214396 550963 670126 485314 217696 81120 795579 189738 586394 825896 888866 92124 999999999 655649 100481 802991 422632 361527 345972 789957 163540 292331 958160 893680 501949 411369 376105 437463 698449 124755 779284 747502 658962 766462 513943 640249 79370 133932 18549 165032 826930 94635 488879 470202 722897 137700 599704 697830 453062 482178 38210 477519 213323 918730 1028439 458494 898596 498860 349581 297146 505699 563036 200297 885405 651782 667977 714030 303474 387775 632910 148081 235893 533585
698874 384351 492869 877345 385053 184732 711518 136208 677532 669051 244944 200387 611258 193957 912386 776468 304113 519359 808160 492502 749710 991379 242381 811516 1041166 743208 804430 451130 678008 322488 369995 569202 706769 1060517 840069 933638 661991 573864 622461 655649 999999999 567674 1074779 462967 309085 614034 567355 529705 718741 715518 1149605 164524 729373 416848 360755 371676 547467 127926 807962 681119 748775 212247 304218 650900 539332 674101 746464 315534 684232 549877 621943 707775 792832 854645 56393 209053 248117 634088 492823 745061 1178592 783135 386072 1003808 242894 617902 365784 203510 693956 540529 962663 307942 26788 346546 764605 711244 124149 531619 419757 342719
956041 195718 470337 468628 774958 636401 779870 543020 170529 154390 323507 522758 195002 407446 700414 280134 312102 746827 241902 443811 852980 705679 696726 734043 819927 581873 516122 153569 479736 569683 385820 141146 139337 761460 272726 561125 735920 791499 63807 100481 567674 999999999 770476 328521 266056 278000 695301 65629 263318 865525 860860 420747 365082 277533 337371 598409 104050 693429 677848 580354 688037 415770 539772 87010 109426 116530 194497 727068 177117 403370 395809 643021 229095 554675 612738 361267 417001 68915 386027 219230 887338 936691 359440 840568 399610 282292 223968 434113 493302 112074 822972 551307 581895 613637 289338 340078 536935 124177 152824 433524
870763 792198 591775 317780 967906 1233815 587092 1141703 610491 875390 925367 1160324 581548 889147 197738 525859 796781 780669 710517 586107 640368 84083 1012276 390194 151760 348907 277733 895289 396875 812711 704910 642225 735437 15590 759949 219429 595442 774662 724063 802991 1074779 770476 999999999 620137 840597 517947 665088 733796 511890 704087 90724 1019881 408290 683435 721200 786479 874522 1185316 332374 425771 426257 864723 810737 725322 879600 799870 654497 977120 893445 525198 458564 437972 791158 228891 1130970 914781 1083551 774166 582328 596168 116909 728302 690904 249948 834256 513045 920374 1073748 381157 682288 286104 814226 1100618 823774 501137 433436 964630 893830 853701 734892
632606 211693 142019 420632 502099 614082 455246 521566 311688 482911 312391 542221 214764 271518 479449 371791 177603 428335 490862 116100 526583 538601 471566 444271 610617 320328 344537 362471 231755 291002 105894 215901 418683 606658 542754 470940 409420 468705 337824 422632 462967 328521 620137 999999999 233241 170551 367344 262986 301579 537038 700427 401081 273019 74584 102521 302022 401330 582403 407596 286973 388610 250762 269318 363820 400417 434637 405959 472813 505631 106115 161721 341344 521719 394757 519277 295435 474271 385009 62527 373069 729426 608448 80734 597562 220181 172925 345900 458589 248574 222764 566722 278896 487612 328005 348370 258753 366886 407634 303699 155951
758797 75272 342725 597142 529106 415199 648170 318329 369508 391260 86194 323544 311527 142495 711286 471875 78288 546881 502144 325393 710871 761695 435717 671224 842144 553556 562901 191951 463247 340933 205905 263433 402768 828010 537908 667735 597977 598766 316105 361527 309085 266056 840597 233241 999999999 334878 529433 221617 419273 704378 924449 188923 454213 160806 157128 381293 274602 436876 639686 516201 612596 156043 308947 345214 268691 379290 437647 474196 410415 339314 386332 565513 495021 611888 359003 100199 243537 334627 289877 436606 953221 778166 195356 830761 148060 339454 133899 234164 480026 232242 799304 320326 326776 385659 463253 432407 271397 267060 137766 231021
762172 277425 269081 264572 668525 746827 539475 650682 177594 417683 421058 658346 88476 420171 424532 207090 311132 571127 357796 242657 615762 444665 642027 462759 547790 306194 246783 380918 204992 459419 275968 137111 311654 506778 414158 333171 502783 603416 253974 345972 614034 278000 517947 170551 334878 999999999 489019 226590 135385 642070 605745 522562 119339 197334 260459 465265 377229 738272 402056 316015 422580 406084 439177 270300 380285 351659 270895 642379 439756 168713 126029 380654 407843 291178 669337 422915 572502 308928 188706 224389 633732 707686 249137 563070 376836 4904 402537 568267 217292 172615 544981 448423 636855 494113 180495 98244 529450 392659 336201 326495
273275 547882 227728 639359 314049 752064 144972 686953 661571 849580 573444 736486 563571 458349 468342 689968 451174 115604 843887 255235 187506 586681 400328 296363 571065 331499 478975 705461 352907 245189 327669 579328 781847 649522 898785 633337 98302 121826 704120 789957 567355 695301 665088 367344 529433 489019 999999999 629673 619495 175311 711384 613051 528992 422133 380191 195708 760859 634204 334404 254299 243775 425078 267313 729111 758657 801762 756923 342254 872215 320317 381150 227248 883953 514651 613376 527108 716179 752266 314619 713338 737440 248999 347026 500686 408333 488299 662967 682196 357484 589886 452228 261422 593092 223935 659135 531280 444092 763643 644901 299064
890731 147040 404880 443205 715293 615169 715217 519534 162585 219968 290364 506963 152248 358707 651121 273616 256899 681886 281124 378451 788018 665215 642765 674633 773736 525221 470970 164020 423095 508062 321811 91905 184487 723882 320038 531046 670903 726196 95931 163540 529705 65629 733796 262986 221617 226590 629673 999999999 240524 800020 823436 392703 325546 212658 274471 535235 151869 657047 620934 519557 627026 363479 478690 125560 154213 177998 217125 669500 242663 340262 338207 581500 282948 512425 577797 320798 405324 128137 320936 224457 850617 871293 294961 789016 344801 231209 213171 415920 437357 54024 769185 490149 546071 551620 275111 300380 487999 166158 137795 370464
892694 349300 403560 205348 802650 833509 657511 736557 98677 365629 502186 733842 107953 527956 470257 71743 415768 705270 245187 377508 734158 453010 769892 553893 577779 392892 280538 403685 302174 592404 404598 160307 231847 503973 302652 298537 624897 735940 212540 292331 718741 263318 511890 301579 419273 135385 619495 240524 999999999 765865 602608 606918 127036 312044 381277 600070 366583 845676 483864 422861 523831 519143 570809 213793 372526 290932 164322 774335 384878 300815 241933 486900 310627 309124 772221 516275 637699 262351 324091 106303 628227 828614 376453 614797 491801 134727 450333 642084 309287 199129 606823 580466 739568 628230 47394 107972 646088 387456 375951 456554
167006 722946 395219 750904 392697 899028 122137 842348 818562 1019905 745822 895958 722315 626948 510133 833863 626092 198225 999838 421985 67999 636276 515124 314358 581038 420351 579142 880591 475428 402055 502947 744106 944734 689237 1055970 724650 141501 147903 870369 958160 715518 865525 704087 537038 704378 642070 175311 800020 765865 999999999 729913 778930 661902 595451 555428 351322 934375 764208 381638 357321 291081 594065 428792 894142 932429 969116 912864 443843 1042642 476331 523937 303828 1045489 603947 756212 697830 883898 920166 480647 865211 752193 73789 521878 491257 579569 640614 838046 847968 474808 757895 442211 420937 739900 370306 801471 668838 596128 937794 820010 473604
896740 878217 661189 407669 1020567 1312334 618504 1221380 701214 966025 1008557 1242194 671221 966904 247179 615995 877824 826083 799183 658007 663687 162774 1074351 422710 149315 412334 362319 984380 472634 876753 780844 731728 825850 99560 847807 309263 633721 814579 814743 893680 1149605 860860 90724 700427 924449 605745 711384 823436 602608 729913 999999999 1101297 497900 765905 800244 847154 964893 1257073 377549 485411 468026 941328 877171 816043 969901 890483 744561 1034719 984010 602238 539772 487446 880230 315000 1205524 995798 1167837 864890 659188 686459 29048 745513 768547 246329 911101 600842 1007655 1156663 456318 771614 291769 879835 1175738 884407 591623 523076 1036707 984067 941876 807767
794474 257964 476920 785759 506777 226612 749291 129653 550490 509180 104821 141287 499580 156704 878052 656594 223506 594601 662610 467373 800557 939131 377140 811155 1009261 713500 742646 291654 631932 378485 335729 448832 559699 1006716 689771 854434 698049 650048 479835 501949 164524 420747 1019881 401081 188923 522562 613051 392703 606918 778930 1101297 999999999 641818 336837 304144 428595 388234 279567 791821 664318 749437 189932 350326 506765 379746 520498 608627 439846 523281 502960 561649 704181 639646 792416 197846 105788 107155 484049 447862 615755 1130267 850966 339621 987359 212642 527039 206214 69159 648692 414447 951443 358725 170421 415932 649999 620503 209914 370918 268446 332314
799210 395561 333403 148215 749598 865715 548216 769733 218858 485171 540388 777653 173322 535470 345033 180521 428359 625570 370301 311251 624417 340732 739333 430276 457455 269853 155536 487251 187548 547618 377893 233937 356932 398342 427486 214308 520454 649388 324863 411369 729373 365082 408290 273019 454213 119339 528992 325546 127036 661902 497900 641818 999999999 312984 371088 544903 468720 852089 358442 308937 404550 519190 531550 332001 473279 412173 291255 731361 505505 228432 151185 371035 437620 189933 785097 541617 690981 378263 270102 232452 525080 720708 353753 489160 489242 114801 517000 687464 191293 274091 480005 539585 752781 577308 146838 25185 639316 487107 447685 424603
678784 138034 205836 460657 513862 556023 520983 461379 298100 430321 242898 476911 210398 222912 550480 377370 116150 469301 467710 182737 590141 603349 462021 518607 681350 393876 405937 291892 302444 302559 110701 190317 384865 670455 515651 521264 473479 514260 298688 376105 416848 277533 683435 74584 160806 197334 422133 212658 312044 595451 765905 336837 312984 999999999 71418 324981 338928 540962 482005 361480 462414 209295 275525 326954 337023 390038 387104 475400 452668 180103 226450 415111 487542 455615 472340 232718 403721 339965 135660 364440 794790 668065 82734 671115 180722 201121 271468 390767 319220 183658 640910 286503 439943 344429 359339 294417 334668 342778 232158 162010
625716 168110 185822 519286 444370 512615 492677 421154 369454 486774 224244 445343 281347 169027 573951 447726 85236 413983 537545 169889 557389 639085 390770 517121 705139 409714 446598 325372 328672 234370 52664 261098 452153 707515 584425 572890 443007 462011 364703 437463 360755 337371 721200 102521 157128 260459 380191 274471 381277 555428 800244 304144 371088 71418 999999999 261039 386440 481407 490687 364613 457451 148810 206117 393578 383213 452401 457854 404393 508592 199151 263577 410665 554147 496860 417004 198568 385487 402607 143721 435859 829281 628974 38481 684927 118456 263744 286597 365207 345343 251528 650706 217336 385231 277403 428663 354699 269091 386678 264878 96154
378487 420456 214702 681179 204767 556401 340224 493153 612862 747068 405815 545080 516703 280435 600171 671338 306308 168894 789460 234113 379344 703231 227468 461559 719088 437581 550734 570900 411490 50796 214294 511452 709717 771085 839221 702883 291401 223447 623621 698449 371676 598409 786479 302022 381293 465265 195708 535235 600070 351322 847154 428595 544903 324981 261039 999999999 642525 442477 476622 361908 400736 248816 78700 651934 638400 713232 706078 193529 768644 316875 397348 367365 812500 596165 417915 354133 534511 663335 278145 675062 875069 422661 242544 663916 240162 466540 513154 497413 423108 508556 618398 69872 397384 37308 645751 538045 248712 640031 512573 164885
