NAME : synthetic_000647
TYPE : CTSP-D
DIMENSION : 100
GROUPS : 8
RELAXATION_LEVEL : 1
EDGE_WEIGHT_TYPE : EXPLICIT
EDGE_WEIGHT_FORMAT : FULL_MATRIX
EDGE_WEIGHT_SECTION
999999999 753916 214848 923387 517776 54921 686291 424583 843613 919581 493485 835695 697904 535912 1004056 254279 802183 452398 512272 739285 631812 563997 691579 459289 913016 304644 279523 248219 602159 875569 801978 327757 671387 823876 884635 238148 542924 262702 650986 418721 865533 753734 654579 298610 677744 395775 163722 391436 853971 456233 242873 557551 723846 76485 488535 910800 466137 716885 105585 808108 372966 319836 1016088 312710 187757 947907 842883 236717 328547 219165 360691 565250 856887 533221 934884 925238 916498 550226 420385 525151 378927 290686 876905 543794 442579 910477 660938 676622 968597 276867 903335 853038 854482 205461 62277 293565 619149 447867 189218 289321
753916 999999999 540409 881791 236272 800563 223620 356732 422779 193781 587017 82923 56256 755559 331228 746983 161596 361407 477669 259113 571269 303064 325726 466483 445427 630705 786697 521816 229626 305766 157271 485552 633691 72154 225950 634458 715147 797081 423204 587756 479478 6090 243434 530200 132017 371055 590875 382250 570194 519658 811579 442913 318672 756404 334498 848785 767525 343420 848536 478585 388968 521312 406793 442266 863125 351513 113211 824013 561222 537251 728667 190312 767521 223414 238069 204313 366957 244633 395672 413309 516190 562382 239285 388461 841164 280734 811940 350938 430490 921670 582422 99249 881906 893434 765547 591321 752920 419121 645785 878547
214848 540409 999999999 826444 304158 260154 477810 232988 654414 704829 376188 622653 484662 481899 792503 281781 588918 273380 388096 534041 494430 361467 519345 329616 721324 232610 324241 96196 391653 669681 588544 150617 547829 609785 672233 179291 470363 322371 473781 308725 683611 540008 465762 147918 472241 197508 60773 199096 690505 350923 322800 387349 526022 219800 306864 807060 435325 522823 308456 631366 158846 167289 810531 98203 338981 741913 628041 328909 206061 48281 338821 350951 740932 318658 721162 710600 714384 337744 249489 345972 270148 166141 665615 387849 456122 700545 599736 484768 769900 413538 736301 639647 772548 367377 226829 192869 545368 264081 186184 390572
923387 881791 826444 999999999 817394 919829 658953 921104 499597 858849 450257 928182 867367 396606 789516 682961 752122 970942 1139617 626803 351593 626037 1134698 1088831 528287 622583 677012 911793 684062 654857 756467 683140 287390 893407 757984 690875 381333 700190 467866 520032 450223 876065 1041758 678550 952392 889666 872815 906862 338806 1131238 730095 494537 564388 855611 981043 34887 475103 538836 928409 419533 765933 659388 700456 807339 837544 678681 851669 745959 622880 872214 570901 809093 114367 796676 813242 851177 623981 712498 975624 542880 1064222 664607 733054 1088140 542427 721131 280248 532595 605788 806026 358314 927890 89514 856331 873754 646302 307121 605868 1008169 740617
517776 236272 304158 817394 999999999 564307 238796 151542 466841 408674 430895 318528 180524 594313 515435 527201 308571 183209 347640 302964 469913 194577 323051 311122 519000 420411 568861 291565 159897 422179 306963 267150 536453 306167 394195 411727 561169 576412 358814 407031 513880 235975 235293 310809 186985 149331 355096 165050 567602 363944 587705 324984 328133 521061 177431 788684 586964 339879 612421 483219 156587 306739 556947 206066 631095 489762 328881 598785 353466 302311 527876 49461 709215 27017 433872 415936 478253 110448 206590 279025 329891 344954 393836 278459 647501 433893 677664 318815 541791 694247 598975 335497 793966 661069 529753 376961 616259 241736 420998 656045
54921 800563 260154 919829 564307 999999999 722829 476841 869950 962380 502170 882773 744795 526939 1042097 239516 842347 506004 566941 773656 643033 598070 746080 514149 940063 311479 257250 301429 640453 909808 842353 358375 678053 869834 923696 249346 538516 237619 674329 428115 888865 800153 707831 324672 728153 446927 213666 443408 870807 510461 213627 579849 754589 66530 542064 909212 453415 746025 51076 829888 415729 344910 1049749 358323 141104 982004 886819 204307 345871 269726 350512 610982 859199 578511 975446 967606 948479 590328 474389 550870 433601 311404 914942 598629 419545 947338 651139 705148 998657 229683 921046 899800 847530 154901 48700 308423 613347 476546 242472 250567
686291 223620 477810 658953 238796 722829 999999999 389256 233142 272137 391565 280461 210350 555564 320173 608293 137110 421544 581215 64190 352342 129155 500774 548728 280700 483898 642562 500653 88153 193142 139259 368000 412632 247843 205967 508751 512292 657680 201080 411111 284803 218071 407051 408208 303381 380284 537550 397859 358745 602087 678139 237938 102491 666531 411864 626270 580665 123821 764474 267792 322263 392180 333562 388971 750884 264842 223234 693129 417172 494927 563253 201387 544860 211808 264518 272293 243726 146112 445268 222679 567675 433173 193688 503893 663427 224510 597823 127326 305328 792763 379932 285266 658413 781497 679780 454093 540826 262983 633530 739606
424583 356732 232988 921104 151542 476841 389256 999999999 613315 544163 496773 432437 301811 643648 661343 504809 455980 51866 218662 453422 569549 324076 288804 171132 668195 424348 547973 177287 306566 573638 453964 278600 634116 428856 541101 391787 618804 549377 483838 451955 657718 358325 233348 311649 257917 39251 264333 34050 701600 220204 552981 429103 473963 447882 76995 895157 617669 482888 527596 621788 163083 318144 707590 157635 570979 640780 462360 560288 369578 208414 537480 196573 818774 178117 576049 552841 629775 251099 58188 380034 178492 344664 542537 176971 659716 583323 744711 456906 693196 646518 737068 451407 886221 598701 451966 378481 684450 316582 290855 621503
843613 422779 654414 499597 466841 869950 233142 613315 999999999 360839 422196 449061 428409 547370 298093 702209 269708 649879 812888 173495 308463 300524 728574 777949 71019 581884 726339 698850 307328 155268 274320 516567 339108 414302 259644 628484 501792 746266 199611 476307 56972 416691 635942 545745 527534 598678 715022 617016 161929 830528 772452 293892 139358 806811 642870 464756 600573 133836 903871 86076 515176 525135 231365 580461 864018 188278 364901 789361 528958 682402 624314 433370 389278 439972 313651 352521 132293 362303 670807 319091 789891 559363 234678 736852 693053 221757 538552 169708 146152 884643 161472 444693 526734 893105 822751 568152 495930 396071 828700 822513
919581 193781 704829 858849 408674 962380 272137 544163 360839 999999999 661950 147206 244229 822746 150246 874144 135086 553270 670348 259867 604002 396248 501202 660263 351615 751113 910211 700210 333065 207266 132890 622217 656259 128413 101197 769042 778365 924076 451742 683162 414466 190538 429103 665334 322867 553718 759882 566807 522732 713386 942795 507294 320298 912138 527607 824150 851876 346502 1007900 439441 546853 651966 247624 607661 1007954 214021 82002 957023 682792 709184 834754 359289 746687 389112 61005 12907 254034 374851 586768 494814 708758 693739 126162 580718 935467 147790 852147 374440 304130 1056558 517388 130669 878613 1038647 923341 717943 798721 529522 828537 1006316
493485 587017 376188 450257 430895 502170 391565 496773 422196 661950 999999999 659597 549435 168757 676547 292937 527237 548539 710150 406876 142237 283995 751319 655639 491862 190692 309969 462787 357432 520639 529836 235544 178390 630523 582550 255363 131020 331558 230109 74782 422073 582896 666034 228294 604837 460973 423469 476336 378317 693233 359894 154775 356352 435642 566143 431376 190466 335094 523706 358417 334144 209269 642631 364323 460371 584106 613774 377265 174092 422144 202982 443057 368498 418788 645086 660801 535547 352637 546058 173965 621424 216003 563549 672392 278218 579415 249167 297134 567051 467784 430100 668232 399131 487137 453614 202273 188203 189527 558644 403473
835695 82923 622653 928182 318528 882773 280461 432437 449061 147206 659597 999999999 138004 827358 296694 828889 179603 432015 532574 301569 632770 376279 354394 528207 459188 711666 868307 601195 303344 312457 175021 567810 692853 34991 214459 716818 785815 879035 481224 664611 505886 84397 286006 612431 187237 449491 672383 459643 604945 579882 893889 511448 364709 839123 402399 894398 843050 390952 930947 514887 471854 603118 387671 524594 946040 342663 88497 906457 642124 618328 807913 273127 813907 306278 203830 159810 370105 324500 467224 485673 584244 644354 234428 442608 918779 270790 877315 405520 429121 1004286 610532 19690 934846 976354 848135 672892 819454 497575 722937 960652
697904 56256 484662 867367 180524 744795 210350 301811 428409 244229 549435 138004 999999999 718175 374050 696248 185789 309041 434053 257368 545346 267607 302764 418716 459358 581864 736508 465640 195505 327792 182128 434342 609520 127961 261428 582791 679122 746207 402358 544992 483985 56922 213444 478983 100818 315130 534760 326633 567213 472494 759908 410975 311340 701253 283906 835145 725882 334004 792942 475617 334470 471073 440933 386590 809200 381244 162276 772000 512617 481040 682314 135698 753666 168976 282974 253827 389343 199958 342640 377278 464596 511714 270721 346234 796809 313121 780960 334860 454272 869139 584313 155135 861994 839413 710170 541434 721018 374964 590074 827307
535912 755559 481899 396606 594313 526939 555564 643648 547370 822746 168757 827358 718175 999999999 823757 287977 689146 695353 848595 564119 238908 452495 910731 791777 612177 252360 280414 576603 525934 666467 692034 367124 222845 797744 738393 317346 45844 303625 376172 192017 533002 751377 828221 343155 771850 605788 515395 619223 459852 823513 333605 317742 508382 464563 716828 390346 79587 484519 532633 470458 481370 330609 776975 497359 441216 724261 778702 349642 281432 530170 176432 609671 355212 584079 801305 820683 671948 520859 687812 342268 746439 317242 717825 820618 162897 729114 125069 450575 693141 415831 510295 835507 320817 460876 482435 289042 91225 353020 647604 349049
1004056 331228 792503 789516 515435 1042097 320173 661343 298093 150246 676547 296694 374050 823757 999999999 923010 207110 677837 807636 277916 589574 448333 649031 792357 261436 798099 954948 802801 401926 157293 208520 688169 630477 274238 121553 827489 778011 971525 448837 712760 340625 326823 573119 728085 463192 664624 850886 679690 451917 846312 993561 525356 320451 986537 655860 754695 865589 341598 1084359 384096 634160 711570 108763 699232 1069987 111106 219624 1009091 733523 804406 866855 466846 682995 491995 93991 137388 166845 454777 709251 526954 833551 752143 127180 719020 954763 98449 830875 379709 190417 1108395 433023 280764 823225 1100519 999589 771406 783853 580344 934588 1052626
254279 746983 281781 682961 527201 239516 608293 504809 702209 874144 292937 828889 696248 287977 923010 999999999 742235 550227 668653 645125 434131 479677 793569 610312 773137 124912 43169 372920 541371 775111 743500 261978 457528 807600 813925 116071 302817 50218 502858 227269 709519 744778 730204 217410 712828 466303 286015 472452 671251 627161 70914 410276 609732 179532 581385 674068 213936 594479 245569 646774 373564 225787 908349 348637 167664 844417 809092 87347 191464 323945 112063 563153 628915 530474 872712 876387 802002 506392 529494 397701 545106 184611 799736 668643 192006 824694 411742 553015 842469 185533 723033 842650 608792 194223 196788 156755 375857 345529 399162 132382
802183 161596 588918 752122 308571 842347 137110 455980 269708 135086 527237 179603 185789 689146 207110 742235 999999999 475588 615427 131192 475277 262880 484977 594600 285168 618490 777499 595904 204021 144292 4619 494649 530693 144718 85649 639442 645115 791953 322031 548213 326624 155682 398364 536779 285074 457872 646390 473209 425581 648894 811484 372751 194520 789275 456282 718000 716969 221270 886255 336049 430098 522286 257344 494154 880160 195668 99729 826072 550775 598698 700146 260330 638188 284906 133264 135282 205688 252085 505682 359759 630449 563855 87584 529352 800382 129708 723333 244267 269842 925727 431153 176664 763533 910856 801413 586731 668448 396838 727527 874092
452398 361407 273380 970942 183209 506004 421544 51866 649879 553270 548539 432015 309041 695353 677837 550227 475588 999999999 170409 485595 619353 367131 246094 128243 702059 473841 593316 204716 342615 600191 473153 329805 684265 432635 559417 438684 670660 593647 529041 503734 696170 363824 202644 361828 249066 89823 297307 78882 744686 180735 595766 477864 510914 482279 36238 944625 668568 521615 557058 662946 214949 369030 730766 206161 607684 665188 471308 602244 420414 242859 586909 222340 867727 210196 589677 562791 657999 289709 35958 428914 155903 394409 563020 125333 708962 604640 796563 497898 722289 685769 778585 451473 937140 634541 484847 428089 736276 367436 302088 663830
512272 477669 388096 1139617 347640 566941 581215 218662 812888 670348 710150 532574 434053 848595 807636 668653 615427 170409 999999999 644354 788121 536660 225177 58490 861402 612813 710397 295976 507267 749473 612323 481830 852476 542791 694982 566497 827604 706186 699218 659428 861136 481622 250592 506968 347613 250614 387705 234248 913681 64834 702195 647657 675057 562293 170291 1113798 813825 687484 616347 830589 376813 518094 872738 351237 690555 810096 590855 705204 568179 344723 723620 379856 1037408 374007 715359 681415 809334 456996 164616 598616 133345 536457 702496 89968 843119 744897 955553 665796 874462 775991 946349 552103 1103349 713361 559548 568637 896251 534377 327840 766753
739285 259113 534041 626803 302964 773656 64190 453422 173495 259867 406876 301569 257368 564119 277916 645125 131192 485595 644354 999999999 344837 175590 555478 612603 217080 520214 677100 561511 150176 136288 134976 416041 399529 266956 175693 551189 519359 693610 192011 436849 227605 253142 462590 453947 355117 444017 594320 461694 311416 666057 715723 252572 63730 715455 475393 593170 597334 90423 813696 219699 381024 436414 276912 447938 793716 208622 229685 731324 456077 553632 590819 264814 512475 275984 238230 256989 181949 208387 509456 249493 631817 476270 157497 565925 683835 179569 593055 114573 242137 830552 326948 302285 634265 824130 729419 494264 539002 303850 694197 774752
631812 571269 494430 351593 469913 643033 352342 569549 308463 604002 142237 632770 545346 238908 589574 434131 475277 619353 788121 344837 999999999 285138 791183 737777 373730 331922 448412 572072 351613 432694 478784 344943 66586 600129 512973 394596 193375 470675 153317 215015 296270 566182 699910 350591 619603 538484 547305 555862 238373 781122 499678 144932 283777 576533 629870 325876 295552 257885 665690 232894 415993 329399 538421 461652 601777 487279 571308 517094 305399 536991 337784 466980 251705 450964 575549 600256 434082 369783 624332 192113 716359 346157 490776 737115 388545 497456 248227 231045 454277 604617 290370 637433 324300 628045 594372 338374 195671 255349 680360 538932
563997 303064 361467 626037 194577 598070 129155 324076 300524 396248 283995 376279 267607 452495 448333 479677 262880 367131 536660 175590 285138 999999999 508792 494277 363701 355659 514629 398746 73443 311806 264344 240781 351287 348273 335114 379655 412330 529257 164269 290659 338751 298908 416316 279812 334915 303811 422143 322397 377698 544275 549291 144496 165752 540142 368438 596435 467063 166689 638338 298378 215079 263293 452122 281105 621919 384081 337417 564165 288335 384955 439553 183214 516269 171764 393111 397708 353357 86502 382253 110278 495549 304117 322503 472296 545112 351426 513849 134740 408480 663821 413232 385767 608418 652508 553952 325006 453623 134149 529580 611331
691579 325726 519345 1134698 323051 746080 500774 288804 728574 501202 751319 354394 302764 910731 649031 793569 484977 246094 225177 555478 791183 508792 999999999 253033 762055 708658 836737 447564 453243 628888 480914 557396 857761 374806 551155 680040 880240 838136 668683 719809 783072 331233 94148 594824 202027 327299 541853 321633 858560 288062 841231 646580 603134 726685 212750 1104720 894533 622633 797077 768281 436005 598202 731661 445508 853017 677230 430568 848044 649192 488333 821400 325618 1024090 340318 555134 513590 690451 422499 273521 601637 334006 628848 565010 153810 943713 606379 999512 613958 754819 931799 880589 372233 1115481 879418 728260 662777 938130 561875 523393 909515
459289 466483 329616 1088831 311122 514149 548728 171132 777949 660263 655639 528207 418716 791777 792357 610312 594600 128243 58490 612603 737777 494277 253033 999999999 829413 554690 652133 237840 470770 723920 591818 425516 801461 534728 676576 508022 771561 648131 654903 603352 824410 469847 257403 449569 341006 199319 330249 181969 871974 54316 644515 599072 639080 506801 138883 1063652 755997 649854 564094 790903 323758 461170 851488 294595 635172 787136 579255 647788 510948 286430 665297 348176 988126 338041 701685 670720 782652 417901 113934 549967 83215 478677 682159 100457 784676 724278 899903 625846 847343 719939 906472 547893 1050548 658567 504715 510678 840943 482981 278459 709432
913016 445427 721324 528287 519000 940063 280700 668195 71019 351615 491862 459188 459358 612177 261436 773137 285168 702059 861402 217080 373730 363701 762055 829413 999999999 652902 797014 762372 361833 147608 289702 585561 398642 425524 253053 699288 566914 817044 270627 547041 84547 439393 671288 615614 560029 656090 782046 674183 192474 882699 843329 364875 198512 877180 692448 493508 667863 198548 974391 142403 578763 595162 177049 644741 935037 151242 371578 860259 599772 747850 694361 481876 423240 491983 297342 341500 99244 418745 724943 389242 846036 629817 229306 782325 760614 204435 595554 237077 83778 955360 171868 451883 565287 964121 893015 638989 556280 465184 893224 893016
304644 630705 232610 622583 420411 311479 483898 424348 581884 751113 190692 711666 581864 252360 798099 124912 618490 473841 612813 520214 331922 355659 708658 554690 652902 999999999 159098 328610 419109 650474 619869 154294 367319 688903 689320 68295 247704 173821 382286 116929 592580 628131 637254 113904 607396 385106 263045 395030 563336 581119 195589 288370 485418 244951 501052 608207 202856 470777 334226 530883 274814 113826 784396 267810 282148 720052 687741 211466 69551 280703 113132 451855 552398 420153 748405 753032 678357 387445 459422 273187 501577 79859 674937 597651 235426 699783 374278 429204 720286 310381 614411 724643 558702 311265 262933 45929 324663 221683 395645 255719
279523 786697 324241 677012 568861 257250 642562 547973 726339 910211 309969 868307 736508 280414 954948 43169 777499 593316 710397 677100 448412 514629 836737 652133 797014 159098 999999999 414473 578077 805276 778909 302736 465964 846418 847621 158697 301433 23467 527923 250067 730746 784366 773231 258386 754839 509472 326080 515593 686688 667977 53768 437134 639248 203156 624536 670276 202447 622875 254912 667439 415902 265469 936724 391782 161462 873743 846497 70683 227868 365704 112846 604048 629719 571531 907073 912112 829943 544935 572386 428251 585860 224932 832756 711464 163200 856517 400992 581692 868306 158412 738657 881770 599683 183581 219050 195415 370741 380755 434809 97745
248219 521816 96196 911793 291565 301429 500653 177287 698850 700210 462787 601195 465640 576603 802801 372920 595904 204716 295976 561511 572072 398746 447564 237840 762372 328610 414473 999999999 412500 693581 594790 228805 629073 593527 681262 274930 563298 410295 531800 398838 733742 522498 406433 237173 433763 152324 95185 145100 752724 255526 407168 452769 564034 279237 240689 890889 531414 565129 352450 686193 183703 254223 833238 119168 406327 764660 620069 411079 297773 49335 434869 341002 821987 312390 724311 707496 743446 354799 174181 407274 174235 259575 678115 306133 551406 716033 692897 530330 802693 487701 795824 619496 861411 432139 280765 287972 637373 326711 132914 472899
602159 229626 391653 684062 159897 640453 88153 306566 307328 333065 357432 303344 195505 525934 401926 541371 204021 342615 507267 150176 351613 73443 453243 470770 361833 419109 578077 412500 999999999 281197 204645 290641 416775 276070 283340 436194 485650 591405 216324 361906 353993 225466 359389 332988 269325 294712 450927 312638 411719 523213 609776 215478 168311 586061 336976 653214 539709 180361 683445 325091 234850 319042 421366 301338 676276 352667 268969 623961 350284 407308 508360 132298 572132 133284 337075 335872 331520 58221 363724 183689 484205 360771 274757 435049 616395 308906 585473 162931 392314 723495 440632 313353 672032 706977 598593 384961 525629 198625 545379 673667
875569 305766 669681 654857 422179 909808 193142 573638 155268 207266 520639 312457 327792 666467 157293 775111 144292 600191 749473 136288 432694 311806 628888 723920 147608 650474 805276 693581 281197 999999999 148538 551917 475478 279314 106686 684809 620718 822759 291927 559911 207438 299890 541184 589149 428119 568775 729770 585719 316901 778120 845969 371359 166386 851260 585067 620021 709006 185639 949527 237881 515229 571148 140852 582015 927015 72351 224405 861940 588274 687940 713716 378283 544193 395953 158385 198233 61590 338791 627311 377422 751612 610424 82254 665738 798714 67577 675624 225123 126546 960615 310133 304546 680110 957275 865379 626946 627472 437998 826488 903010
801978 157271 588544 756467 306963 842353 139259 453964 274320 132890 529836 175021 182128 692034 208520 743500 4619 473153 612323 134976 478784 264344 480914 591818 289702 619869 778909 594790 204645 148538 999999999 495283 534410 140127 87278 640358 648072 793258 325507 550281 331237 151373 394502 537542 281201 456220 645867 471459 430120 646102 812661 375435 198410 789508 453593 722360 719460 225162 886399 340537 429704 523189 260415 493564 880892 199179 95514 827197 552036 597958 702037 258561 642510 283493 133104 133487 209878 252032 503405 361938 628140 564795 90360 526095 802657 132637 726790 247748 273924 926842 435761 172175 767666 911590 801567 587866 671782 398192 726285 875420
327757 485552 150617 683140 267150 358375 368000 278600 516567 622217 235544 567810 434342 367124 688169 261978 494649 329805 481830 416041 344943 240781 557396 425516 585561 154294 302736 228805 290641 551917 495283 999999999 400507 547653 572382 149087 346086 311874 328112 177910 541135 483520 483685 44658 453964 239982 207172 252568 541517 460013 326081 238537 396560 299416 353831 662084 339258 389133 397655 486224 121572 40963 691532 131042 385821 623984 552927 338812 91840 192047 265133 301315 593582 268822 627569 625720 590140 248553 320753 200276 386424 77945 561553 455081 387025 591894 474778 348907 641099 437262 588244 582056 634664 416522 313473 109925 416538 120504 336732 393049
671387 633691 547829 287390 536453 678053 412632 634116 339108 656259 178390 692853 609520 222845 630477 457528 530693 684265 852476 399529 66586 351287 857761 801461 398642 367319 465964 629073 416775 475478 534410 400507 999999999 659674 562207 433268 181191 489032 211630 253055 316317 628477 766429 401391 685338 602344 598285 619493 237029 843930 518924 211472 336770 611646 695473 263289 291703 310199 696682 256445 478601 380937 570378 521473 624272 524457 628272 536235 351100 591909 353191 533440 193166 517550 624060 651700 469547 436222 688337 258303 777635 392815 539106 802789 382945 541890 200410 288076 481664 617771 287500 696660 257720 648808 629756 380617 157659 318485 732695 550930
823876 72154 609785 893407 306167 869834 247843 428856 414302 128413 630523 34991 127961 797744 274238 807600 144718 432635 542791 266956 600129 348273 374806 534728 425524 688903 846418 593527 276070 279314 140127 547653 659674 999999999 183967 696727 755764 857807 448103 637965 471162 71046 300736 592131 195192 443066 661240 454378 569968 587334 873502 480997 330240 824326 404869 859587 815334 356568 917366 479897 456273 581899 360480 511582 928677 312578 57749 886450 619373 608049 783053 258852 779155 291448 180330 140191 337744 301526 467169 456846 586832 623410 202725 452993 892421 240503 845422 371977 397775 984816 575773 37780 900615 959131 833935 651135 787936 472499 717898 939701
884635 225950 672233 757984 394195 923696 205967 541101 259644 101197 582550 214459 261428 738393 121553 813925 85649 559417 694982 175693 512973 335114 551155 676576 253053 689320 847621 681262 283340 106686 87278 572382 562207 183967 999999999 714593 693291 863141 363209 611224 313406 220728 469061 613422 356477 543476 730242 558736 421545 730773 883933 428244 230449 869309 538909 723251 772998 255462 966774 338809 513618 597835 180864 578309 956514 128621 126421 899005 623010 683258 764831 345839 646122 370546 62921 93207 158140 334581 590092 422793 714720 638981 24974 607605 859454 56538 760186 287827 214844 998616 416667 203894 779194 987155 881926 660050 708561 468879 813037 944906
238148 634458 179291 690875 411727 249346 508751 391787 628484 769042 255363 716818 582791 317346 827489 116071 639442 438684 566497 551189 394596 379655 680040 508022 699288 68295 158697 274930 436194 684809 640358 149087 433268 696727 714593 999999999 315234 164722 430105 180628 643518 632494 614855 104626 596951 352893 200705 360190 621589 530181 177142 335198 522688 183225 468693 676388 261218 510674 277121 583260 257531 117175 821771 234532 242558 755800 701179 189726 99529 225796 160472 448765 619885 415862 771562 772056 717228 396989 420177 312055 449161 75640 702119 559531 276880 729907 440612 469089 762850 288386 672003 731133 626709 273042 200671 60451 392262 247359 330541 244704
542924 715147 470363 381333 561169 538516 512292 618804 501792 778365 131020 785815 679122 45844 778011 302817 645115 670660 827604 519359 193375 412330 880240 771561 566914 247704 301433 563298 485650 620718 648072 346086 181191 755764 693291 315234 999999999 324899 330727 168210 488209 710837 796016 326848 735849 581676 508326 595922 417540 805556 355192 274955 463114 474327 690499 371325 111409 439082 548327 425427 455790 312108 731217 477116 462858 678417 735523 371899 265598 518361 191213 574069 328337 549597 756211 776124 626126 483364 665161 302097 730153 304251 672568 795544 201764 683507 129625 405542 647651 444945 468440 793543 312141 484478 492454 279180 77034 319447 642418 377803
262702 797081 322371 700190 576412 237619 657680 549377 746266 924076 331558 879035 746207 303625 971525 50218 791953 593647 706186 693610 470675 529257 838136 648131 817044 173821 23467 410295 591405 822759 793258 311874 489032 857807 863141 164722 324899 999999999 547451 270022 751567 794900 776670 267254 761627 511252 319863 516565 708839 662153 30301 455932 657002 186225 625552 693609 225403 641131 233049 688395 422079 275964 955062 394455 138017 891641 859250 47310 241293 362059 136072 612870 653186 580112 922166 926239 848450 556609 571556 445408 580029 234701 848691 710208 181927 873145 423753 599808 887661 138594 760786 892833 622553 160207 201371 206951 394064 395143 423689 82262
650986 423204 473781 467866 358814 674329 201080 483838 199611 451742 230109 481224 402358 376172 448837 502858 322031 529041 699218 192011 153317 164269 668683 654903 270627 382286 527923 531800 216324 291927 325507 328112 211630 448103 363209 430105 330727 547451 999999999 277968 214656 417865 575148 352430 484637 459794 533135 478291 221818 703462 573269 94908 132761 610210 532075 436892 417164 108355 706517 158112 353373 331151 412801 413067 664430 354069 418065 590097 330660 507634 428666 344033 355822 335561 426097 448468 305629 249610 541666 128048 649430 362936 342041 636467 507387 353188 401307 77763 340431 685985 264053 485173 459732 693494 626574 369664 347002 209725 655668 624668
418721 587756 308725 520032 407031 428115 411111 451955 476307 683162 74782 664611 544992 192017 712760 227269 548213 503734 659428 436849 215015 290659 719809 603352 547041 116929 250067 398838 361906 559911 550281 177910 253055 637965 611224 180628 168210 270022 277968 999999999 482267 584240 638900 161731 589033 414369 352864 428239 447415 637688 296698 188895 393545 361595 524834 502703 181462 375453 451005 419514 289414 145181 688472 308951 392919 626793 627839 313796 103112 355846 154103 427086 442038 399266 672612 683385 581404 345040 497277 188795 563017 144631 594243 628906 254525 614497 296955 334929 618399 408337 498767 675168 463837 420750 379485 128055 239354 170458 488230 346705
865533 479478 683611 450223 513880 888865 284803 657718 56972 414466 422073 505886 483985 533002 340625 709519 326624 696170 861136 227605 296270 338751 783072 824410 84547 592580 730746 733742 353993 207438 331237 541135 316317 471162 313406 643518 488209 751567 214656 482267 999999999 473392 690059 566929 582573 640962 743754 659453 111539 876396 778814 309038 186190 824519 690866 415338 591758 174831 920417 63878 550791 545729 261362 614696 874065 229520 421363 795979 544365 714296 625020 482803 342404 487261 365018 405646 174106 406881 715607 341042 832733 577463 288538 786884 684738 272034 511808 204269 168258 889068 104732 501306 482979 902469 841005 583091 473912 421215 861701 825382
753734 6090 540008 876065 235975 800153 218071 358325 416691 190538 582896 84397 56922 751377 326823 744778 155682 363824 481622 253142 566182 298908 331233 469847 439393 628131 784366 522498 225466 299890 151373 483520 628477 71046 220728 632494 710837 794900 417865 584240 473392 999999999 248458 528155 136645 372049 590836 383479 564181 523131 809587 438325 312815 755607 337301 843032 763824 337617 847996 472582 387948 519051 401590 441830 861796 345998 109494 822107 558622 537395 725638 189511 761783 222494 233868 200874 361115 241645 397923 409110 518833 560201 233796 392541 837813 275340 807169 345396 424718 919895 576348 99966 876420 892137 764875 588965 748234 415869 646957 876443
654579 243434 465762 1041758 235293 707831 407051 233348 635942 429103 666034 286006 213444 828221 573119 730204 398364 202644 250592 462590 699910 416316 94148 257403 671288 637254 773231 406433 359389 541184 394502 483685 766429 300736 469061 614855 796016 776670 575148 638900 690059 248458 999999999 523595 113305 268395 496918 267396 764522 304327 782449 555750 509310 681082 166407 1011545 816483 528604 758818 674364 362452 524639 649904 382349 804261 592791 353506 790689 574699 441319 748818 233179 930772 250212 479268 440925 602752 330377 236492 511759 327990 558098 481076 161934 870586 523071 912927 519832 667604 878900 786966 305145 1024068 832046 684780 591777 851524 476632 501506 851307
298610 530200 147918 678550 310809 324672 408208 311649 545745 665334 228294 612431 478983 343155 728085 217410 536779 361828 506968 453947 350591 279812 594824 449569 615614 113904 258386 237173 332988 589149 537542 44658 401391 592131 613422 104626 326848 267254 352430 161731 566929 528155 523595 999999999 497339 272492 197026 283341 559462 480359 281477 259498 430749 263190 388039 659385 307769 421471 361326 509846 161337 21795 727915 157063 343401 660893 596778 294325 61732 194378 226617 345768 594199 313166 669401 668604 625186 292479 349476 226786 403670 34602 601895 486428 348970 631214 456454 380502 674229 392972 607684 626624 625120 374091 278264 68196 400310 152296 331345 348391
677744 132017 472241 952392 186985 728153 303381 257917 527534 322867 604837 187237 100818 771850 463192 712828 285074 249066 347613 355117 619603 334915 202027 341006 560029 607396 754839 433763 269325 428119 281201 453964 685338 195192 356477 596951 735849 761627 484637 589033 582573 136645 113305 497339 999999999 282313 514553 288755 662109 392938 771663 478944 405757 692040 217341 921028 770169 426857 778114 570972 339653 493703 537195 378049 808316 479557 244343 782028 540319 458669 714498 162286 839687 190105 369829 334100 489704 254022 284893 439354 398247 531631 367973 257874 833500 410068 845614 422816 554460 875726 681581 206927 941275 837635 698595 563846 784644 419803 547440 840352
395775 371055 197508 889666 149331 446927 380284 39251 598678 553718 460973 449491 315130 605788 664624 466303 457872 89823 250614 444017 538484 303811 327299 199319 656090 385106 509472 152324 294712 568775 456220 239982 602344 443066 543476 352893 581676 511252 459794 414369 640962 372049 268395 272492 282313 999999999 233364 18595 679568 244646 515444 400117 459564 414871 116173 864354 578825 466529 497319 602174 126837 279276 705151 118528 536381 637517 472572 523101 330684 177234 498237 197825 788842 173977 581982 561717 623150 237347 86061 351033 191845 305438 543107 215123 620467 582973 708190 438145 685545 610515 716771 467986 852747 564528 419847 339244 648192 283960 275208 584109
163722 590875 60773 872815 355096 213666 537550 264333 715022 759882 423469 672383 534760 515395 850886 286015 646390 297307 387705 594320 547305 422143 541853 330249 782046 263045 326080 95185 450927 729770 645867 207172 598285 661240 730242 200705 508326 319863 533135 352864 743754 590836 496918 197026 514553 233364 999999999 230570 748567 342289 314577 445423 586788 184995 332761 854779 461915 583561 263956 690962 216735 217950 870600 152495 311370 801943 682037 317545 249938 56142 360151 403157 790877 371662 778075 766047 774901 396217 268344 405145 260166 208235 724216 401313 471232 759651 636502 545412 830604 392543 794916 689878 815399 337567 187876 229369 584599 323447 135366 379189
391436 382250 199096 906862 165050 443408 397859 34050 617016 566807 476336 459643 326633 619223 679690 472452 473209 78882 234248 461694 555862 322397 321633 181969 674183 395030 515593 145100 312638 585719 471459 252568 619493 454378 558736 360190 595922 516565 478291 428239 659453 383479 267396 283341 288755 18595 230570 999999999 698140 226515 519709 418035 477854 413886 108993 881736 590556 484975 494086 620763 142573 291197 721638 127288 536936 654161 485384 526817 342459 174567 508072 212897 806457 190276 596248 575039 640438 255449 69744 368974 173310 315691 558833 203107 630094 598942 722922 456706 703023 612633 735367 478354 869215 564651 418078 349317 663146 301018 263554 588130
853971 570194 690505 338806 567602 870807 358745 701600 161929 522732 378317 604945 567213 459852 451917 671251 425581 744686 913681 311416 238373 377698 858560 871974 192474 563336 686688 752724 411719 316901 430120 541517 237029 569968 421545 621589 417540 708839 221818 447415 111539 564181 764522 559462 662109 679568 748567 698140 999999999 921785 737660 303191 256370 804813 744369 303919 526697 235927 897207 91736 575189 537679 368736 634361 838652 340833 523285 755067 525821 726676 576124 543999 231130 542288 475152 514450 285605 457270 759733 345922 870207 563369 396574 845670 618872 382613 419862 249143 274007 842970 52000 602102 372823 865435 822187 562471 389782 427581 874543 777174
456233 519658 350923 1131238 363944 510461 602087 220204 830528 713386 693233 579882 472494 823513 846312 627161 648894 180735 64834 666057 781122 544275 288062 54316 882699 581119 667977 255526 523213 778120 646102 460013 843930 587334 730773 530181 805556 662153 703462 637688 876396 523131 304327 480359 392938 244646 342289 226515 921785 999999999 656117 644475 691461 510181 193152 1106807 783697 701672 559074 841759 365331 493638 905802 329292 637829 841441 632602 657984 542083 304855 689554 401928 1032261 390928 755416 723963 836751 469569 162052 595439 82134 507565 736448 142925 806873 778578 934641 676769 901385 724529 957151 599548 1090342 659477 506171 538403 876545 525792 269035 719021
242873 811579 322800 730095 587705 213627 678139 552981 772452 942795 359894 893889 759908 333605 993561 70914 811484 595766 702195 715723 499678 549291 841231 644515 843329 195589 53768 407168 609776 845969 812661 326081 518924 873502 883933 177142 355192 30301 573269 296698 778814 809587 782449 281477 771663 515444 314577 519709 737660 656117 999999999 480990 680639 166986 628482 723714 255123 665379 205485 715821 432117 292025 979257 400238 107781 915323 876634 17418 260975 359893 166194 625672 683485 592676 942402 945279 872889 573024 572233 468576 574152 250293 870000 710054 207374 895288 453176 623922 913113 114833 789574 908095 652074 130041 180756 224865 424169 415185 411171 68952
557551 442913 387349 494537 324984 579849 237938 429103 293892 507294 154775 511448 410975 317742 525356 410276 372751 477864 647657 252572 144932 144496 646580 599072 364875 288370 437134 452769 215478 371359 375435 238537 211472 480997 428244 335198 274955 455932 94908 188895 309038 438325 555750 259498 478944 400117 445423 418035 303191 644475 480990 999999999 205194 515506 486671 467250 345129 186560 611660 250566 282718 237961 499825 336273 570351 437899 460976 497621 235754 424315 342395 323334 389865 306270 490624 506048 392889 226481 485172 49105 583910 268468 409736 593654 431294 427463 369996 146238 432231 594511 349722 518775 469074 599617 531967 274760 310290 126059 571878 534494
723846 318672 526022 564388 328133 754589 102491 473963 139358 320298 356352 364709 311340 508382 320451 609732 194520 510914 675057 63730 283777 165752 603134 639080 198512 485418 639248 564034 168311 166386 198410 396560 336770 330240 230449 522688 463114 657002 132761 393545 186190 312815 509310 430749 405757 459564 586788 477854 256370 691461 680639 205194 999999999 693934 504824 530980 546034 26752 792066 165301 380557 411617 299336 446804 763946 234686 293360 696781 424824 550648 547418 296687 450022 301388 293342 316484 194683 222948 531493 212288 650605 449465 209455 600812 634534 223063 531857 59266 244829 795113 277989 365827 570629 793987 708837 463852 478903 278455 695240 736952
76485 756404 219800 855611 521061 66530 666531 447882 806811 912138 435642 839123 701253 464563 986537 179532 789275 482279 562293 715455 576533 540142 726685 506801 877180 244951 203156 279237 586061 851260 789508 299416 611646 824326 869309 183225 474327 186225 610210 361595 824519 755607 681082 263190 692040 414871 184995 413886 804813 510181 166986 515506 693934 999999999 517640 844386 392841 684450 98274 765078 368104 282706 990603 315846 128379 923252 838248 161884 280634 239876 288369 566112 793432 533131 922537 916816 888311 538053 453171 487986 430000 247497 859576 584196 366301 890851 589281 643312 937269 214385 855189 855553 784534 152982 18226 242736 549738 415485 251302 217317
488535 334498 306864 981043 177431 542064 411864 76995 642870 527607 566143 402399 283906 716828 655860 581385 456282 36238 170291 475393 629870 368438 212750 138883 692448 501052 624536 240689 336976 585067 453593 353831 695473 404869 538909 468693 690499 625552 532075 524834 690866 337301 166407 388039 217341 116173 332761 108993 744369 193152 628482 486671 504824 517640 999999999 953912 693089 517210 593107 660590 235486 393824 712879 234631 642596 648320 445887 635355 445263 277938 614178 210579 876031 203721 566308 537530 643926 287210 70918 438164 182029 421289 543866 107382 736464 585875 815012 495984 708704 719966 776353 421982 950226 669667 520470 455153 754303 381518 337438 696788
910800 848785 807060 34887 788684 909212 626270 895157 464756 824150 431376 894398 835145 390346 754695 674068 718000 944625 1113798 593170 325876 596435 1104720 1063652 493508 608207 670276 890889 653214 620021 722360 662084 263289 859587 723251 676388 371325 693609 436892 502703 415338 843032 1011545 659385 921028 864354 854779 881736 303919 1106807 723714 467250 530980 844386 953912 999999999 469640 505585 919622 384916 741517 639785 665949 784645 831431 643839 817488 739897 605005 852276 562212 779229 81480 767545 778406 816436 589110 682937 950174 515922 1040922 646872 698314 1060818 541206 686265 279414 500287 571225 803463 323777 893926 104497 851193 862583 629931 299547 581040 990008 737436
