NAME : synthetic_000916
TYPE : CTSP-D
DIMENSION : 100
GROUPS : 8
RELAXATION_LEVEL : 1
EDGE_WEIGHT_TYPE : EXPLICIT
EDGE_WEIGHT_FORMAT : FULL_MATRIX
EDGE_WEIGHT_SECTION
999999999 268455 487460 1177696 570410 153948 911232 174241 932050 912770 654443 993304 601255 728249 644055 781884 734231 818337 422320 233833 388996 843161 455242 353051 758058 682473 334237 1103173 587340 368193 950958 248809 797062 416953 701727 1128469 219033 504695 914692 339827 696598 522887 523130 467208 366170 589521 948773 947860 694202 283916 289283 718859 571254 492612 959271 470692 18977 599247 640640 717485 425853 311047 363907 213055 973755 793864 413947 254844 1058118 96958 726366 240706 632955 895441 765121 635997 950279 1082037 209666 594916 106700 706393 593136 814418 525513 167559 127976 126139 504978 868223 553900 468844 312070 851492 357146 337553 1142379 492420 175756 749941
268455 999999999 439448 929510 327479 395579 701965 248330 678169 644484 387493 745707 455945 501268 375796 690299 508409 732774 161505 57376 120830 575920 198235 294937 637631 463030 353160 847953 538286 270846 682837 38891 581207 275927 533644 878479 58158 256086 681384 126319 600744 276779 371462 239629 122569 396372 696461 682374 426193 306782 81447 612753 375330 277129 695098 354069 271411 470694 377534 511531 428047 249761 122623 227596 705442 546417 185033 162297 805334 290676 657112 207870 609628 630463 597587 369021 750224 846201 61008 341142 162652 595511 378400 681826 342792 130328 268095 381877 253414 599785 296887 264427 361216 599667 372766 180199 894411 409783 105446 688368
487460 439448 999999999 891980 698164 633723 1082360 313235 701586 835624 579847 726607 203340 452059 623925 296287 452926 331203 425369 479133 478383 725112 419075 149096 289502 402297 161466 855585 102886 707430 874305 469617 961673 715101 305716 854777 408803 404786 612500 561376 215796 651838 806578 340807 540394 812651 708399 789723 625335 205078 360654 242766 291273 316342 786973 128571 471736 174241 676929 391991 91823 197653 373077 618215 860008 873827 343096 286796 804386 577887 239110 617274 170355 871377 352844 567919 564390 764343 450913 684679 460739 235001 779087 351518 251294 504224 590765 597964 414690 779375 641141 686268 196356 627028 142739 266153 859225 62008 398716 264305
1177696 929510 891980 999999999 812136 1320813 960728 1060238 254790 468413 571887 184449 688655 460920 624316 775977 456847 796487 768278 982782 827253 426636 731280 910640 694688 511788 1001703 109135 882233 1087877 466143 963179 903719 1037500 591681 53456 965042 675526 280646 941313 767481 818676 1040889 710968 894637 955659 234610 325749 553846 1008452 889138 738678 634774 689900 299502 796302 1173637 720078 686753 502799 977568 923767 816319 1140300 395131 743873 763749 935748 130723 1219003 836167 1108449 942840 563922 562589 588050 376808 139592 989325 761046 1082407 728226 896211 651038 685290 1059560 1197449 1301522 676891 458249 765777 930936 1040016 330125 997067 850978 35320 835270 1003260 859284
570410 327479 698164 812136 999999999 658190 386366 575197 565692 402963 260721 648920 623896 515318 193415 876488 523459 920189 272847 340568 229491 389602 284190 577992 799812 506848 658226 709900 781036 303409 433597 329890 264693 241445 652731 758783 385413 321195 639618 230777 794549 50923 228888 371378 208229 155884 588009 500808 262793 619399 371929 794351 496338 409193 522988 579855 578865 654385 125613 570698 716365 543346 329819 418269 480827 223455 355756 471310 681681 552776 868357 378848 861920 352284 704531 251109 776225 775780 371439 51095 466992 774690 99444 823088 497296 403369 512928 658665 310334 378972 65737 132885 674499 509559 674031 442248 780701 649659 431375 902849
153948 395579 633723 1320813 658190 999999999 960479 322485 1071857 1028361 781432 1136418 755045 876862 761695 929696 883115 964834 556220 348563 510750 968788 591632 504691 909605 832299 475640 1242342 731134 399212 1065136 366969 854822 460748 855667 1270654 355795 645371 1062487 432817 845896 615579 557962 613458 469426 642635 1089494 1076902 817928 428652 432556 869188 723418 641512 1090270 624101 165756 752379 746286 869383 565061 464072 504497 245562 1094383 877942 558916 408134 1198726 107723 871207 284501 770168 1000510 919068 763003 1103340 1229517 334600 691008 238432 857353 659705 966750 678418 271013 145291 39245 644431 987695 654684 539264 448238 992295 497587 489681 1285553 643078 318928 893000
911232 701965 1082360 960728 386366 960479 999999999 949274 767731 494176 562410 848059 989316 825747 493989 1237541 833007 1280380 657475 701268 615016 569658 664212 964352 1154244 834512 1043394 851925 1161451 561278 494793 695446 121859 500870 998093 913302 757817 690284 889692 585700 1161022 435525 403447 747923 579410 321886 788699 642382 534064 1002841 755533 1156528 856675 781736 669523 961053 923572 1023065 421157 896737 1102728 929194 716179 717838 565721 243825 739265 854428 845933 867119 1238569 681101 1243340 397643 1040251 563884 1058059 978935 735364 398228 817944 1136750 324381 1167288 867258 747243 822117 972283 679438 517032 441222 446043 1057995 747051 1059737 828613 938340 1031680 800286 1273346
174241 248330 313235 1060238 575197 322485 949274 999999999 825932 856441 585599 877914 439544 600772 594403 608110 605661 644224 354983 251922 354665 770001 377803 183507 587472 551417 162401 996071 413254 461209 896110 254797 828981 491365 544261 1013833 191510 411198 786940 365441 523566 524332 596410 358300 370551 637959 840129 865232 630199 110393 215627 546703 431905 371837 872378 306868 158622 433106 612566 576658 254431 147744 285156 334525 906814 791376 314149 130401 948168 266415 552128 345967 461366 857462 605895 568049 800747 953476 216977 585319 170281 534971 625041 645309 382620 234462 284620 288447 414966 806122 539926 506731 146712 744433 185706 211253 1025114 320697 150363 575885
932050 678169 701586 254790 565692 1071857 767731 825932 999999999 285617 318051 84382 505412 249531 374225 662379 248813 693964 516663 730387 573289 199581 480418 691910 571284 299852 787739 171210 715366 834110 303076 710871 691667 785088 430540 202125 716396 427423 147653 686529 626710 568095 794319 469479 639871 714489 22497 145790 303702 786569 642768 603780 419255 454501 124451 589667 929236 542137 441916 316411 778944 697629 568479 886044 243774 532374 519633 697929 127228 968582 705646 853876 787640 378565 427431 333801 327796 215810 738532 514925 833959 588497 654708 547236 468019 807678 945461 1054265 427663 251470 515493 679804 824289 81506 786796 614716 220743 640771 756549 735110
912770 644484 835624 468413 402963 1028361 494176 856441 285617 999999999 272218 359917 671531 432989 268715 882178 437510 919849 502396 682606 523779 117727 478903 774920 790471 465915 872505 359285 880161 705482 39924 665676 436606 644389 632808 419756 697239 455440 424776 599324 826436 429665 617786 518855 559479 520297 304351 149006 226547 853787 643761 810729 548714 528060 176022 708468 915823 710300 287936 513438 893268 762343 571407 803695 81535 278372 548782 728074 351803 920639 908721 765784 960795 96654 652725 289081 604518 488123 703311 356209 806376 792506 464547 782285 584451 758377 886832 1020841 448934 56463 381515 535361 902513 291010 879148 659551 444691 774302 744384 941785
654443 387493 579847 571887 260721 781432 562410 585599 318051 272218 999999999 397894 442356 267125 72515 681554 274855 723417 234587 433058 270902 188730 207855 505662 595237 272120 602425 477865 637808 516107 312124 414472 456518 467489 437090 518663 435745 184547 379010 373020 610893 253829 484413 249327 327298 416059 339468 295523 46666 581992 375562 602398 309643 264473 309908 451277 655480 479271 151961 334685 629250 490835 301527 576820 322178 323558 276589 456491 441850 674794 691532 542515 720465 292242 477842 18473 519657 520117 448235 213307 549851 582823 357658 605240 334156 511002 646243 769254 177362 220588 202753 363789 631404 253001 610232 387415 538412 520483 481395 726103
993304 745707 726607 184449 648920 1136418 848059 877914 84382 359917 397894 999999999 525036 282408 456678 651722 279328 679290 584727 799405 645406 282508 547492 733140 563423 333955 826339 129619 728648 912901 372402 779769 774595 865376 437578 135956 780672 491220 122531 761863 627134 649864 877272 526783 714985 798460 61921 212810 386386 830052 704690 601333 457048 506686 187183 623098 989351 559378 525657 334675 808767 743688 631922 958600 307304 614869 579362 752427 78422 1034829 702483 927537 795995 455107 421918 412841 283296 132032 805317 598300 898000 587981 738682 530886 507308 875889 1013761 1117075 492754 331028 597506 761103 864049 148095 823212 667890 149156 667632 818812 729577
601255 455945 203340 688655 623896 755045 989316 439544 505412 671531 442356 525036 999999999 258073 501248 252863 257530 296681 368505 509354 441075 555770 344869 258488 184122 212285 330722 654437 212465 720527 708226 493688 873877 709346 108361 651833 450613 302906 409470 554633 171775 585887 782673 256841 519713 762406 510414 605719 483177 353611 376999 170686 133515 215979 599746 132800 589581 38831 568755 190765 290656 292425 347574 673862 684257 760592 291669 352584 603172 677397 250088 660965 290362 721771 166794 435197 371003 561467 491937 596965 541184 151177 717429 225992 127760 560660 677291 724148 313821 615248 559757 651095 370008 434821 320572 284317 655973 148632 462456 284843
728249 501268 452059 460920 515318 876862 825747 600772 249531 432989 267125 282408 258073 999999999 339289 449190 8214 487097 350468 558130 423625 315285 312608 450815 357533 51600 544031 408209 470045 715481 466497 538710 723026 681677 200336 416803 525744 250339 186901 549357 396580 495089 723497 264698 503769 670408 257019 349890 291685 548039 445988 378850 174655 235646 342387 342031 722253 295838 418393 80450 530124 462850 379777 726327 433670 583228 320131 479230 357693 780466 478460 700777 545540 498736 222697 270343 265198 354248 556718 472943 640122 361148 614684 353177 224991 629913 765457 853939 256254 378690 451185 592545 581656 176755 541332 394126 426108 391277 558228 510736
644055 375796 623925 624316 193415 761695 493989 594403 374225 268715 72515 456678 501248 339289 999999999 745360 347079 787784 239760 414526 255065 214339 222948 535856 660735 342038 629884 525418 689010 467126 307073 397298 385658 413868 504105 570860 429019 219495 447518 338303 671787 194371 420753 284645 295506 347096 396345 327100 70603 604015 379382 665150 367734 308174 345801 496055 647178 536958 79451 405236 665628 515093 310217 544226 332762 259431 299625 469020 493596 654080 751312 507833 771894 263893 547291 70224 591809 582579 434632 144034 537683 645440 288025 673466 386057 490976 621914 752985 210043 226003 141517 306632 655843 316148 640009 409012 591923 566631 476420 786045
781884 690299 296287 775977 876488 929696 1237541 608110 662379 882178 681554 651722 252863 449190 745360 999999999 444789 43863 619778 739371 690388 764468 597457 432163 92184 420031 456982 776114 205972 960127 915439 725936 1123815 954597 250161 753655 673985 555314 529658 798545 89679 838750 1032390 509229 766703 1015043 659576 789197 718430 501220 608997 82181 381879 468778 776643 336900 766711 225764 816388 368741 374801 478721 592282 894352 879018 1004237 540490 559933 727318 869936 76759 887327 211281 945112 235348 676901 401015 636640 716724 848417 745336 101798 970290 125078 380441 779126 879162 894165 566195 827715 812072 901924 489703 610081 436830 510746 749430 292938 674865 86491
734231 508409 452926 456847 523459 883115 833007 605661 248813 437510 274855 279328 257530 8214 347079 444789 999999999 482368 358100 565327 431430 319868 320289 454289 352976 54952 547018 405812 469105 723455 470679 545929 730586 689785 196618 413239 532432 257995 181505 557214 393447 503296 731709 271398 511675 678575 255613 352058 298949 551756 452566 375201 178119 241713 343956 344282 728094 295011 426231 76333 531781 467068 386764 733678 436833 590349 326872 484687 355126 787019 475170 708277 544041 504236 217024 278241 257016 348702 563654 481008 646576 357680 622818 347480 228581 636895 772275 859993 264012 383476 459355 600744 584794 177526 543990 399604 422136 392393 564593 507246
818337 732774 331203 796487 920189 964834 1280380 644224 693964 919849 723417 679290 296681 487097 787784 43863 482368 999999999 663612 781363 734103 802234 641316 470694 129907 459867 490362 801786 235950 1002873 952547 768163 1166972 997909 289721 776577 715461 599000 558019 841793 132139 882565 1076089 553091 810225 1058902 690143 823498 759734 536199 651403 125997 425241 512618 810113 378966 802817 269543 859260 406771 405496 517808 635718 935096 914501 1046417 584217 600323 753767 907488 96967 928729 227272 984418 269295 719086 419848 656897 758242 891886 784623 145550 1014095 148420 424290 819863 917798 928842 609874 865781 855712 945715 521723 644483 469511 552970 771131 332406 715257 89911
422320 161505 425369 768278 272847 556220 657475 354983 516663 502396 234587 584727 368505 350468 239760 619778 358100 663612 999999999 214724 77101 422756 38221 311230 551425 318310 399231 686530 509136 371635 541878 195070 536467 348315 421528 717097 203373 100147 524858 202353 533932 227503 414615 113147 159682 397230 534995 525690 277296 368272 141448 538020 256433 155797 536965 308055 422285 394174 267643 373854 447974 282854 70555 378121 556616 459874 83375 229436 643832 452049 603452 350857 589481 503467 481832 216401 609073 687887 222005 261422 319915 518896 357342 584886 241375 291291 429177 540704 95079 453505 216733 282596 421665 438294 412160 176915 733228 377228 247673 637421
233833 57376 479133 982782 340568 348563 701268 251922 730387 682606 433058 799405 509354 558130 414526 739371 565327 781363 214724 999999999 162215 620225 252322 331400 689705 520283 377689 899396 579937 228590 720180 19675 582463 244940 589495 931393 71291 311596 737403 115608 649695 291552 347077 296991 133266 386483 749097 728580 469407 327752 132372 663051 432230 334436 742410 402475 240206 522402 406973 568900 458667 283986 179988 170277 746687 563433 242399 193843 857615 241737 703032 152011 648192 661971 653613 414660 807598 901693 34954 361908 127792 646245 377154 735344 398684 78044 215174 338470 308342 640251 320239 256070 380121 652687 398852 228835 947781 454334 101697 733481
388996 120830 478383 827253 229491 510750 615016 354665 573289 523779 270902 645406 441075 423625 255065 690388 431430 734103 77101 162215 999999999 458080 112345 350440 624828 393724 428749 740687 568077 294870 562051 143877 493160 271607 498010 775176 175674 174270 593301 126171 603287 179538 342015 188894 82593 334667 592757 566417 307426 390342 143613 609144 332940 231630 580498 369061 392233 464675 259498 450318 489016 314178 105329 313197 585686 437747 149907 242819 700317 403922 670018 282743 646310 510519 558682 252530 684415 753775 179748 231980 282709 590311 301504 660068 315195 240106 375760 499711 167506 479661 186132 212529 445358 497573 444750 215543 792550 435479 223579 703474
843161 575920 725112 426636 389602 968788 569658 770001 199581 117727 188730 282508 555770 315285 214339 764468 319868 802234 422756 620225 458080 999999999 394032 673726 672794 348594 771975 321586 765660 679568 152650 601950 492172 623802 515089 373920 624469 360561 323229 551734 709013 402954 617000 420630 507860 529298 221344 113005 151135 757284 563018 693074 435716 424407 133555 599311 844191 594591 264214 395730 786673 665346 488221 757504 138487 332799 456936 639926 298149 861742 791277 721588 845677 192402 535513 207166 499022 414540 636510 338759 738419 674901 470033 665341 473951 697911 831775 957419 355697 64364 350491 514799 803802 182713 776972 566025 397139 663385 670006 824247
455242 198235 419075 731280 284190 591632 664212 377803 480418 478903 207855 547492 344869 312608 222948 597457 320289 641316 38221 252322 112345 394032 999999999 315627 525977 281445 407781 650716 497756 407095 518667 232650 544343 380987 391107 680317 237064 62326 486652 238475 513196 242535 442226 88340 194507 417587 498445 494413 252464 381073 169374 515367 226570 129122 504662 296926 454336 372882 261452 338104 449384 292400 94204 416329 529658 457188 78684 249204 607474 488203 585190 389033 579293 486306 450152 190246 572193 649830 258209 266023 354354 495975 373995 556777 217111 328404 466269 575134 56865 428322 223588 309058 432993 401520 418877 186128 696177 367468 279735 619521
353051 294937 149096 910640 577992 504691 964352 183507 691910 774920 505662 733140 258488 450815 535856 432163 454289 470694 311230 331400 350440 673726 315627 999999999 405069 399400 98354 857411 251616 559982 814702 322923 842614 570719 365303 867526 260573 321226 631590 419529 345027 529144 665482 256438 403282 679725 703097 755044 552327 98714 219593 366154 276190 249629 757413 126065 339264 249821 576566 412802 138577 48588 248265 469578 812078 770798 237125 138047 807514 438269 383352 468181 316847 795713 425282 490714 625682 794845 302331 571901 314363 353378 651226 462131 225836 355282 447123 471548 329032 720401 526552 550297 132690 611860 104598 135796 876139 139909 249729 410881
758058 637631 289502 694688 799812 909605 1154244 587472 571284 790471 595237 563423 184122 357533 660735 92184 352976 129907 551425 689705 624828 672794 525977 405069 999999999 330044 449025 689271 223076 904031 823518 674783 1042176 893468 159914 669661 628035 479345 440988 738665 83679 764357 965988 438835 703800 942380 569057 697111 630746 486643 557529 51558 303498 396935 684745 293197 744320 167378 733524 277124 378080 447957 531554 851001 786835 918640 475695 521316 639850 841175 141479 840405 259177 854516 143860 591536 324786 556228 670171 769238 710085 54523 895409 62974 310054 736500 845843 875916 490062 736201 734699 833888 485363 518004 431748 461787 666822 266948 634889 166302
682473 463030 402297 511788 506848 832299 834512 551417 299852 465915 272120 333955 212285 51600 342038 420031 54952 459867 318310 520283 393724 348594 281445 399400 330044 999999999 492439 459766 424744 688009 501120 501115 727694 657992 170147 468131 483973 219525 235528 519892 360536 482009 706454 223879 475403 659985 308062 393435 303388 496810 403641 345671 123211 191089 387801 290640 675884 250747 419397 63995 479195 412217 340585 689732 473203 594453 279289 431554 409283 737595 442830 665834 501981 525187 205763 271830 290777 402259 516677 467677 596777 327098 606160 334121 173645 590124 724314 808435 226965 410386 441545 573906 530094 224859 489753 346595 477088 341145 514453 476033
334237 353160 161466 1001703 658226 475640 1043394 162401 787739 872505 602425 826339 330722 544031 629884 456982 547018 490362 399231 377689 428749 771975 407781 98354 449025 492439 999999999 951829 255580 602357 912331 373762 921555 622528 439052 959824 307315 417880 721541 479370 377205 608208 722832 353680 470795 748086 798306 853239 649061 53496 288479 403629 369684 347980 855364 206466 317317 312968 666637 500451 92037 116411 332220 490233 910358 858621 330260 191622 901580 428316 395830 496651 299114 891274 494541 587116 701722 882460 344600 656569 326380 394781 724823 510111 319998 382192 446879 439008 425278 818202 610727 616589 39314 708187 23376 222563 967525 188308 281915 417395
1103173 847953 855585 109135 709900 1242342 851925 996071 171210 359285 477865 129619 654437 408209 525418 776114 405812 801786 686530 899396 740687 321586 650716 857411 689271 459766 951829 999999999 858205 991697 357648 879976 794695 939282 566959 63170 887146 598493 250443 850336 755079 719177 938101 640428 804131 850785 155942 217444 455595 953363 813903 728652 582146 624289 191656 750093 1100431 688945 584289 463879 936932 865534 739481 1052266 286641 634957 690825 868580 51268 1138578 829301 1019089 925090 454886 549253 494882 392500 175953 908532 658845 1004688 715817 791595 653546 631972 976986 1114570 1225153 598544 349986 666239 831582 989105 252375 949509 785003 88135 796256 927612 855573
587340 538286 102886 882233 781036 731134 1161451 413254 715366 880161 637808 728648 212465 470045 689010 205972 469105 235950 509136 579937 568077 765660 497756 251616 223076 424744 255580 858205 999999999 807698 917575 569697 1042026 812994 291756 849812 510118 474000 609029 658070 140194 736632 901967 413740 634423 902629 719037 818178 681463 303547 458262 171767 332288 382506 812110 201194 571118 174238 748334 398987 169565 300203 463143 721026 895922 944623 425776 388750 807068 679020 140357 719672 82883 924963 322737 627965 531250 748557 552479 763310 563528 171436 866037 285710 303791 606891 692960 694587 484550 823715 721344 778755 285907 646623 234147 361348 851257 132600 501343 162636
368193 270846 707430 1087877 303409 399212 561278 461209 834110 705482 516107 912901 720527 715481 467126 960127 723455 1002873 371635 228590 294870 679568 407095 559982 904031 688009 602357 991697 807698 999999999 736862 238001 457591 66147 788341 1034578 299660 468540 876638 169612 870748 277833 159448 480181 212647 246031 855385 792532 536231 550714 352225 881648 624237 522340 812379 624644 383742 738300 420204 745174 685974 512541 373578 159696 781962 502077 433161 422369 957584 308985 927958 127524 876733 654568 850437 500379 978319 1030581 259071 349316 296728 863969 272882 944850 600219 227203 263408 412223 461094 677839 329417 170524 600558 765865 624264 450997 1054509 680368 320514 959161
950958 682837 874305 466143 433597 1065136 494793 896110 303076 39924 312124 372402 708226 466497 307073 915439 470679 952547 541878 720180 562051 152650 518667 814702 823518 501120 912331 357648 917575 736862 999999999 703444 446517 674882 666728 419676 735956 495347 446371 635004 861382 462673 643786 558701 595890 544429 320187 159672 266385 893708 683185 845013 586623 567596 185355 747385 954237 747034 322094 546883 932619 802254 611028 838645 71018 292020 588696 767856 355887 957421 943613 800471 997907 101974 684526 328943 627075 497231 741387 388227 844465 826987 490122 813494 623048 795583 923083 1058166 488856 95038 415711 566411 942402 317454 918891 699472 444800 812875 783210 976445
248809 38891 469617 963179 329890 366969 695446 254797 710871 665676 414472 779769 493688 538710 397298 725936 545929 768163 195070 19675 143877 601950 232650 322923 674783 501115 373762 879976 569697 238001 703444 999999999 575896 249399 572353 911818 66722 291952 717786 110654 636294 280215 349205 278047 121687 383360 729542 709968 451285 324963 117337 649012 414221 315886 723602 389204 254199 507629 391938 550133 452642 276220 161107 188959 729079 551986 223691 186565 838099 260468 691023 169048 639251 646636 636347 396051 788778 882031 41564 349088 142189 631990 371067 719654 381497 97140 234618 356024 288671 622779 306609 251942 378213 633094 394405 215201 928170 442788 104884 721836
797062 581207 961673 903719 264693 854822 121859 828981 691667 436606 456518 774595 873877 723026 385658 1123815 730586 1166972 536467 582463 493160 492172 544343 842614 1042176 727694 921555 794695 1042026 457591 446517 575896 999999999 394206 887908 853718 637471 572909 803214 466879 1045644 313681 305488 629067 458649 212194 713511 578837 433241 881162 633779 1042337 742095 663930 605668 841264 808689 906833 309295 790848 981032 807337 594501 610017 514924 160404 618634 732750 782184 758066 1122236 572148 1123634 344634 932778 455865 965016 906599 616223 278963 701367 1022551 205462 1058048 750331 631487 713704 864200 562004 447625 320857 329006 936319 661155 937878 706905 878312 911686 680574 1156969
416953 275927 715101 1037500 241445 460748 500870 491365 785088 644389 467489 865376 709346 681677 413868 954597 689785 997909 348315 244940 271607 623802 380987 570719 893468 657992 622528 939282 812994 66147 674882 249399 394206 999999999 769616 984077 315322 440322 835760 156294 865982 220862 106997 460449 190153 182046 806729 736472 483946 572670 354771 874571 604545 503164 757153 622976 431167 730162 361680 717389 701997 524882 362557 216969 721868 436042 418108 435751 906873 366337 927391 180600 885388 590779 830146 452738 946341 985907 278734 289114 335050 856270 206742 930791 585357 263104 321254 471445 431884 618830 273540 109569 624729 719598 643497 452121 1004638 682882 344259 959595
701727 533644 305716 591681 652731 855667 998093 544261 430540 632808 437090 437578 108361 200336 504105 250161 196618 289721 421528 589495 498010 515089 391107 365303 159914 170147 439052 566959 291756 788341 666728 572353 887908 769616 999999999 558198 536673 337580 317322 619279 197774 620889 833032 309237 579898 800181 431901 546796 471481 461432 458957 178583 165100 266600 536758 239239 690991 131481 578638 120333 395581 396550 416600 757910 633300 760642 355430 449103 515941 773757 278921 741352 358799 694980 64552 434337 262680 460447 576178 618867 635055 161205 750299 170700 190856 647478 770336 825992 347733 578000 587069 699596 478326 368954 428590 373866 560167 255125 554173 310688
1128469 878479 854777 53456 758783 1270654 913302 1013833 202125 419756 518663 135956 651833 416803 570860 753655 413239 776577 717097 931393 775176 373920 680317 867526 669661 468131 959824 63170 849812 1034578 419676 911818 853718 984077 558198 999999999 914863 625288 242372 888573 739628 765219 987565 662392 841950 902674 182446 274997 500394 964839 839553 711769 591341 642639 248399 755390 1124753 684513 633439 463546 938923 879054 766281 1088078 348754 693604 714624 888362 77267 1168352 810864 1055997 913089 515852 533643 534912 359833 128173 938493 707696 1032335 700267 843179 629429 641760 1008374 1146247 1251876 626355 407189 712321 877482 997826 278813 955981 803845 25139 797000 953653 835421
219033 58158 408803 965042 385413 355795 757817 191510 716396 697239 435745 780672 450613 525744 429019 673985 532432 715461 203373 71291 175674 624469 237064 260573 628035 483973 307315 887146 510118 299660 735956 66722 637471 315322 536673 914863 999999999 289577 709509 175946 584361 334785 415874 261047 179180 448622 733833 728828 476226 258257 80582 599111 385642 293551 740330 337539 219760 460748 434318 527540 387442 212906 148804 223308 756100 604572 205642 122725 843115 255291 635190 213354 577420 686193 601185 417328 765757 875885 42815 399232 117564 582866 433688 676001 347384 110806 240428 338135 288769 651199 354841 316801 311510 636592 328176 166533 929791 386174 47958 665107
504695 256086 404786 675526 321195 645371 690284 411198 427423 455440 184547 491220 302906 250339 219495 555314 257995 599000 100147 311596 174270 360561 62326 321226 479345 219525 417880 598493 474000 468540 495347 291952 572909 440322 337580 625288 289577 999999999 425936 300434 474103 285103 496450 65597 255904 463729 444475 454085 231193 398484 215479 473196 176104 91712 461849 277521 502252 334420 274342 277257 447210 306916 141116 477473 498578 470859 97049 280797 553812 543689 549532 450849 556678 474926 394455 169504 510153 590169 314680 294675 407057 453519 416068 505936 177503 386347 523856 626963 10937 402034 256852 362900 447149 347186 425821 205526 640293 348449 329128 584224
914692 681384 612500 280646 639618 1062487 889692 786940 147653 424776 379010 122531 409470 186901 447518 529658 181505 558019 524858 737403 593301 323229 486652 631590 440988 235528 721541 250443 609029 876638 446371 717786 803214 835760 317322 242372 709509 425936 999999999 716190 504844 630940 862398 449153 669468 794467 137369 292435 382177 729851 630522 478850 356961 422163 272046 515807 908940 442255 524148 222163 697236 647042 561842 902979 390354 648210 504129 666119 199938 964739 579955 875077 674799 513079 299415 389977 180936 167400 738603 591350 825018 465640 735535 409773 407380 811217 947948 1040193 429879 383247 581148 737685 760028 142667 716563 581019 247129 555080 743591 607089
339827 126319 561376 941313 230777 432817 585700 365441 686529 599324 373020 761863 554633 549357 338303 798545 557214 841793 202353 115608 126171 551734 238475 419529 738665 519892 479370 850336 658070 169612 635004 110654 466879 156294 619279 888573 175946 300434 716190 999999999 709810 184520 245953 310683 46959 272803 706892 663638 401700 432352 200831 718761 454868 352966 680541 466753 348806 574507 314092 576182 553978 375352 207133 205923 669128 454159 264783 288598 812539 325765 771158 169975 731720 567727 681088 355625 810585 874345 149716 258899 237762 700588 261545 777569 432255 172597 288862 430250 293531 562328 221898 141290 486394 613795 499077 296762 907082 527316 215335 803446
696598 600744 215796 767481 794549 845896 1161022 523566 626710 826436 610893 627134 171775 396580 671787 89679 393447 132139 533932 649695 603287 709013 513196 345027 83679 360536 377205 755079 140194 870748 861382 636294 1045644 865982 197774 739628 584361 474103 504844 709810 999999999 755388 945093 424860 678680 930390 626799 744515 650072 418655 519409 32156 304583 385502 734506 247221 681880 140342 740288 317561 300722 390865 504026 804986 830229 931217 453565 470858 704775 783281 82300 797711 178000 883557 206152 604748 403349 630359 627088 768517 657034 39364 886971 145728 297259 689778 791387 811019 485036 770909 730811 815344 411923 566702 358394 421097 738381 205200 585743 115965
522887 276779 651838 818676 50923 615579 435525 524332 568095 429665 253829 649864 585887 495089 194371 838750 503296 882565 227503 291552 179538 402954 242535 529144 764357 482009 608208 719177 736632 277833 462673 280215 313681 220862 620889 765219 334785 285103 630940 184520 755388 999999999 231538 330701 158572 179372 590075 515685 264920 568901 321362 756573 461200 370083 536292 535510 530796 615047 142574 545268 667656 493690 281387 379247 504802 271895 310855 420706 687953 509243 827719 340263 816925 387682 674951 241275 758851 773773 321777 76002 418618 737032 131591 790393 458464 356549 470647 614415 274477 400128 52946 112406 624025 506614 624287 393577 786285 604701 380968 862029
523130 371462 806578 1040889 228888 557962 403447 596410 794319 617786 484413 877272 782673 723497 420753 1032390 731709 1076089 414615 347077 342015 617000 442226 665482 965988 706454 722832 938101 901967 159448 643786 349205 305488 106997 833032 987565 415874 496450 862398 245953 945093 231538 999999999 527561 268043 104442 816584 726885 490888 674120 446533 951151 668791 569967 749873 707104 537653 806689 354139 768489 799508 621105 442312 318712 698264 377774 491922 533485 910503 468263 1010414 284478 976811 551359 890876 472517 988277 1003148 381591 279927 441967 932289 153700 998858 655942 369956 422739 571649 486808 601055 281660 133550 727033 736252 743191 540912 1009558 770276 447912 1043439
467208 239629 340807 710968 371378 613458 747923 358300 469479 518855 249327 526783 256841 264698 284645 509229 271398 553091 113147 296991 188894 420630 88340 256438 438835 223879 353680 640428 413740 480181 558701 278047 629067 460449 309237 662392 261047 65597 449153 310683 424860 330701 527561 999999999 270664 505837 484784 509388 295989 336661 181444 427179 144326 42744 515157 214758 462718 284542 336377 272296 381619 244737 117007 466984 559072 533281 55517 228918 593751 515889 497196 444756 495997 540371 370485 234742 510790 616066 292828 350109 375877 407836 462231 471741 129137 366258 500956 591972 74611 464772 309342 395100 383947 388081 360959 147985 675651 285827 294531 531607
366170 122569 540394 894637 208229 469426 579410 370551 639871 559479 327298 714985 519713 503769 295506 766703 511675 810225 159682 133266 82593 507860 194507 403282 703800 475403 470795 804131 634423 212647 595890 121687 458649 190153 579898 841950 179180 255904 669468 46959 678680 158572 268043 270664 999999999 277512 660163 619287 357272 426642 184171 686096 414944 313313 635705 439089 373246 541528 277446 532611 540286 361704 174777 249932 627622 430432 228159 279267 766019 361773 742696 215219 710232 532456 640920 309722 765853 827406 163248 228812 260852 667566 256138 740646 395238 202277 327369 464164 248569 520738 188052 147028 481530 566906 489218 274242 860359 502451 223883 775576
589521 396372 812651 955659 155884 642635 321886 637959 714489 520297 416059 798460 762406 670408 347096 1015043 678575 1058902 397230 386483 334667 529298 417587 679725 942380 659985 748086 850785 902629 246031 544429 383360 212194 182046 800181 902674 448622 463729 794467 272803 930390 179372 104442 505837 277512 999999999 736951 636461 414736 702990 461478 932952 639760 546465 660489 702893 602127 790202 273103 723547 817356 639033 439914 398006 601441 273462 479663 556468 826168 546508 1000679 360426 980961 449872 854292 406899 932005 927058 421283 203122 498039 913546 59780 969479 634667 426671 501905 652376 453226 507676 219230 131981 757561 662257 766693 547741 925402 770034 487632 1034644
948773 696461 708399 234610 588009 1089494 788699 840129 22497 304351 339468 61921 510414 257019 396345 659576 255613 690143 534995 749097 592757 221344 498445 703097 569057 308062 798306 155942 719037 855385 320187 729542 713511 806729 431901 182446 733833 444475 137369 706892 626799 590075 816584 484784 660163 736951 999999999 161352 325865 798451 659525 603061 429013 468355 138151 598600 945656 546579 464333 320278 787138 710131 585591 905730 258784 554052 535677 712717 109352 986637 704903 873842 790077 398163 425414 355008 315242 193565 756651 537270 851386 588263 677171 542706 478321 826203 964049 1071437 445077 271991 537526 701682 835198 97299 796774 629069 200197 647999 773467 733775
947860 682374 789723 325749 500808 1076902 642382 865232 145790 149006 295523 212810 605719 349890 327100 789197 352058 823498 525690 728580 566417 113005 494413 755044 697111 393435 853239 217444 818178 792532 159672 709968 578837 736472 546796 274997 728828 454085 292435 663638 744515 515685 726885 509388 619287 636461 161352 999999999 262020 843453 663702 724568 498727 506340 27144 668495 947965 644132 375946 427133 858645 751803 588240 869163 98015 418636 551111 734839 204009 970317 825629 833593 894983 245501 554315 313924 473188 339357 743273 450254 844238 707820 577813 679532 542491 806522 941483 1064251 450789 132554 463343 627310 887084 179118 855978 657120 299499 727748 773309 856866
694202 426193 625335 553846 262793 817928 534064 630199 303702 226547 46666 386386 483177 291685 70603 718430 298949 759734 277296 469407 307426 151135 252464 552327 630746 303388 649061 455595 681463 536231 266385 451285 433241 483946 471481 500394 476226 231193 382177 401700 650072 264920 490888 295989 357272 414736 325865 262020 999999999 628343 418703 640281 351478 310562 279016 496797 695908 520608 142292 364058 675673 537295 345458 607144 279922 291858 322682 501566 423139 710771 731268 571674 763951 246185 508604 62606 533729 513046 486478 212561 588841 620853 355219 637507 378276 546971 680640 807084 223914 176240 212104 377100 677929 247523 656898 433572 521368 565634 522521 765688
283916 306782 205078 1008452 619399 428652 1002841 110393 786569 853787 581992 830052 353611 548039 604015 501220 551756 536199 368272 327752 390342 757284 381073 98714 486643 496810 53496 953363 303547 550714 893708 324963 881162 572670 461432 964839 258257 398484 729851 432352 418655 568901 674120 336661 426642 702990 798451 843453 628343 999999999 247561 443430 373689 337374 847252 222879 267573 340884 635642 511486 144788 91950 299055 436791 895733 824793 306024 148414 903784 376807 443048 443598 351227 867193 519943 565866 722929 893446 294093 620810 272886 433071 682101 546353 323187 329262 394165 392946 404857 800513 574818 571127 55158 705951 76771 195308 973845 220670 230237 466083
289283 81447 360654 889138 371929 432556 755533 215627 642768 643761 375562 704690 376999 445988 379382 608997 452566 651403 141448 132372 143613 563018 169374 219593 557529 403641 288479 813903 458262 352225 683185 117337 633779 354771 458957 839553 80582 215479 630522 200831 519409 321362 446533 181444 184171 461478 659525 663702 418703 247561 999999999 531755 305570 213017 673556 272631 286837 390321 397718 446978 356127 177562 75562 298965 697735 580891 126446 99397 768875 334483 575768 284055 531009 641970 523329 357509 685270 797272 117419 375440 194525 514675 436395 602984 268690 189929 320964 412385 216128 594931 329507 331141 302703 562235 306015 98773 853838 328873 114122 607145
718859 612753 242766 738678 794351 869188 1156528 546703 603780 810729 602398 601333 170686 378850 665150 82181 375201 125997 538020 663051 609144 693074 515367 366154 51558 345671 403629 728652 171767 881648 845013 649012 1042337 874571 178583 711769 599111 473196 478850 718761 32156 756573 951151 427179 686096 932952 603061 724568 640281 443430 531755 999999999 300248 386625 713705 261679 704542 144581 735395 298906 329605 410838 512035 820958 811814 924343 459245 488204 678620 804115 101872 812328 209239 870463 179449 597159 372523 601055 641663 766531 675751 19787 888110 113943 298308 705925 810805 834792 484084 755603 729990 820349 439117 546049 385488 434227 709983 226442 602751 132304
571254 375330 291273 634774 496338 723418 856675 431905 419255 548714 309643 457048 133515 174655 367734 381879 178119 425241 256433 432230 332940 435716 226570 276190 303498 123211 369684 582146 332288 624237 586623 414221 742095 604545 165100 591341 385642 176104 356961 454868 304583 461200 668791 144326 414944 639760 429013 498727 351478 373689 305570 300248 999999999 101904 496796 171235 563214 169706 435752 146329 361614 290123 255072 602221 569248 627083 192743 317090 531919 633404 383593 582974 414002 593064 226221 301951 381250 522332 422579 466707 492488 280463 592026 330551 50521 495480 624638 697353 186731 492254 431323 535546 407104 341123 367761 233782 600156 229266 409960 418338
492612 277129 316342 689900 409193 641512 781736 371837 454501 528060 264473 506686 215979 235646 308174 468778 241713 512618 155797 334436 231630 424407 129122 249629 396935 191089 347980 624289 382506 522340 567596 315886 663930 503164 266600 642639 293551 91712 422163 352966 385502 370083 569967 42744 313313 546465 468355 506340 310562 337374 213017 386625 101904 999999999 509879 188043 486788 245234 365876 234831 365740 246143 155161 504711 562626 562135 92377 245848 576340 546540 459412 483794 465261 556680 328124 251861 473566 589553 327771 385239 405689 367153 501667 429116 88382 401216 533973 618299 102438 472800 345988 437300 380951 373076 352564 161210 654658 258462 323377 494002
959271 695098 786973 299502 522988 1090270 669523 872378 124451 176022 309908 187183 599746 342387 345801 776643 343956 810113 536965 742410 580498 133555 504662 757413 684745 387801 855364 191656 812110 812379 185355 723602 605668 757153 536758 248399 740330 461849 272046 680541 734506 536292 749873 515157 635705 660489 138151 27144 279016 847252 673556 713705 496796 509879 999999999 667428 958882 637882 397715 417935 857855 755904 597998 885629 120896 445404 558636 742101 176925 984069 815129 850502 887915 272573 541377 328139 452188 312658 756085 472220 856378 697337 601612 665084 541818 820436 956094 1076799 459150 158813 483699 648265 889813 167805 857367 663130 272791 725111 784202 845895
470692 354069 128571 796302 579855 624101 961053 306868 589667 708468 451277 623098 132800 342031 496055 336900 344282 378966 308055 402475 369061 599311 296926 126065 293197 290640 206466 750093 201194 624644 747385 389204 841264 622976 239239 755390 337539 277521 515807 466753 247221 535510 707104 214758 439089 702893 598600 668495 496797 222879 272631 261679 171235 188043 667428 999999999 458391 128950 551036 294199 190477 160288 265226 559321 735354 747893 224679 228134 699382 549974 304415 550852 282371 742881 299503 439388 500078 676019 380172 562824 417068 245840 665208 345841 126143 444363 553013 592503 287670 652368 520454 581041 245457 512186 200766 174034 762360 71071 341851 336774
