NAME : synthetic_000494
TYPE : CTSP-D
DIMENSION : 100
GROUPS : 8
RELAXATION_LEVEL : 1
EDGE_WEIGHT_TYPE : EXPLICIT
EDGE_WEIGHT_FORMAT : FULL_MATRIX
EDGE_WEIGHT_SECTION
999999999 298645 387488 171310 331987 410206 85973 747689 507767 451456 475429 609076 354907 450947 145707 747528 471119 709529 287986 243910 567404 48606 55296 241928 429507 358355 336926 432710 486680 643639 471484 126433 104382 648773 849536 487281 581361 657630 571401 511208 341893 245198 387182 679880 307497 520449 814504 824981 272723 680241 357348 212362 305216 249624 129504 267899 329757 407764 256385 426625 569063 432702 273911 435966 578510 477148 808201 526948 680893 531131 211953 167285 649209 757056 226301 115483 489354 47319 537757 161433 415445 845472 157444 584771 162931 510591 475211 221812 128775 641841 358733 364719 242460 432973 287749 623606 406055 468566 762405 738709
298645 999999999 492661 370604 255038 384962 252340 500354 319024 400483 185673 325568 213989 277699 436981 449971 318904 427243 368363 490638 339638 252793 292755 67307 265469 144100 554708 473145 699605 417879 173138 182528 397895 486267 687587 206411 286869 391804 354134 523271 417975 95466 320184 438535 530758 403540 523954 533692 207501 499078 617920 211043 299931 472959 293934 510076 200383 115517 244510 450994 397510 145254 346685 563461 463431 182405 530048 494426 400993 482058 174143 459514 354952 477680 76473 410919 717929 328758 405956 397830 125892 553261 220779 421467 368167 624894 515580 290048 171850 393605 492367 580741 104465 354232 56457 530630 126441 252909 472908 450364
387488 492661 999999999 220574 271498 189676 457501 673493 802566 813063 571103 648051 666873 384488 461146 824055 363674 722928 672212 595312 832062 405619 441959 486422 367828 625585 197341 816503 268336 558825 606524 444547 362014 469336 622428 689503 739699 641835 845587 892390 727610 517561 738075 930134 203199 858193 969291 976324 290894 516916 314589 559671 670032 616716 264951 618793 644075 596055 249003 121527 877698 627868 146921 72959 363167 647999 998036 232286 872741 254679 539522 469438 717962 753305 469688 371037 307228 426259 868687 536046 533445 991824 297146 430349 229582 895663 859982 208739 425887 595906 744661 202482 521719 261272 527343 363656 616068 445320 791080 766754
171310 370604 220574 999999999 267402 292380 249874 718320 643153 616059 510817 625133 495028 405287 246350 786431 409174 718145 459253 377895 689759 199049 226602 337544 383338 475314 187059 603996 336771 604985 526332 256914 146791 569564 757222 576692 653078 650723 698332 682213 513150 357958 546704 797718 161159 675648 891060 900175 233743 609329 251528 366673 469958 396994 77362 401795 470322 485848 193525 282854 711886 515853 142028 264855 480583 550345 900646 395518 771596 406547 355092 257979 681039 759586 319384 158163 349782 206655 690161 315480 457448 918796 151073 512411 9029 675423 646514 126967 244355 620484 524850 214317 359099 338300 384939 510431 495391 445207 779841 755073
331987 255038 271498 267402 999999999 129979 353627 451381 573759 637251 299844 382685 461350 138290 468060 556139 144112 466196 550587 575639 587046 314636 367169 277096 116644 398865 403060 681724 523066 337612 337977 301764 383110 317318 517611 430899 470642 391711 604002 745247 606994 315216 556614 675985 389284 654973 697996 704919 64945 351264 501392 401240 512122 577545 225982 599462 443287 340172 78634 200837 652450 371351 152511 344235 249978 383945 729242 242135 605878 233474 369093 486548 449404 502957 265709 397539 553668 379036 659291 489110 265649 720333 174616 254539 271641 805364 726313 140467 278737 356100 656823 422683 322473 110771 303813 303965 365481 185647 532019 507249
410206 384962 189676 292380 129979 999999999 451632 483989 703739 761249 412180 469138 589267 202237 528574 646424 175755 537635 659972 650362 715842 405694 455104 403717 189070 528645 367462 796503 457867 369164 456887 410840 432969 290242 466608 556653 587151 454857 733241 863692 716949 441116 681139 802260 363078 783427 805996 811887 184627 335394 480047 518257 630911 659685 284695 674650 570363 467673 167927 82231 782418 498385 150368 255120 191473 506975 844501 120335 724498 120998 488613 543631 542219 565709 391008 446051 495704 456928 788401 571638 386816 825647 264244 244043 299688 908537 841212 188784 388158 407156 757419 379920 447866 71942 432923 218574 494142 266601 606426 582480
85973 252340 457501 249874 353627 451632 999999999 733390 424904 367221 437107 575679 271904 454684 190226 700382 481916 677353 215530 242704 488071 51923 45690 187646 434738 284463 422163 359175 572298 636409 423612 70631 184256 662163 866226 422369 522313 634207 490584 435036 271842 179699 301433 601235 392877 434479 750136 761071 289415 688564 442103 126979 220845 232783 192597 264043 246921 350943 286523 480812 484270 372377 330336 511310 603566 420113 737643 571463 612177 571753 130952 212633 607216 726901 175892 192735 575327 87496 451836 149385 376718 782140 187394 596392 242177 456928 402941 270729 87527 625992 305885 450019 174816 461891 227830 655713 343703 460194 725026 702255
747689 500354 673493 718320 451381 483989 733390 999999999 687564 856746 332206 213320 672468 313131 892980 300884 316462 161845 867095 975826 639804 714008 764406 565940 334999 586501 843525 957481 941807 115746 380453 664192 821288 240029 310427 484990 416865 121018 664958 992631 913991 595487 785174 660182 833934 814400 508484 507167 489898 195692 948997 711247 790456 964730 668642 997426 670758 464014 525477 557244 754714 471541 597247 735874 338429 431672 586749 483722 520962 454979 674456 913908 258650 141566 569882 835942 979513 790183 802889 882708 381484 508986 601086 249693 722108 1119812 996491 591423 645866 107562 992223 859271 604377 413197 549627 387084 495442 279879 209088 198171
507767 319024 802566 643153 573759 703739 424904 687564 999999999 210845 374900 474389 153016 571607 597304 483390 616296 551748 350015 575243 87374 461863 468516 316312 565338 177561 829114 345933 979707 647467 317387 389602 609145 759597 945061 203013 284934 566680 75424 343593 360182 287813 182435 191563 801542 131117 416930 429354 525507 758392 864755 299791 258377 537483 567946 583460 178086 254560 559285 769630 79204 232244 655702 870698 761717 259432 367098 810721 272349 796400 295882 617312 446494 600472 333430 617486 989429 510018 115771 506665 354023 451461 510574 701134 637903 521533 369310 594415 399263 598711 455345 856775 285312 668838 276063 832510 221632 525905 559243 546852
451456 400483 813063 616059 637251 761249 367221 856746 210845 999999999 526564 648777 189871 678094 491415 685763 719315 736960 195939 427902 296830 417086 399245 360977 665852 274298 788266 137473 937334 797330 476311 368522 536012 884547 1082653 382692 481808 736762 279722 138233 178274 322430 80915 386686 758739 108542 627056 639483 576936 893265 795264 253395 146381 384815 551854 429078 200177 394091 597296 811618 205605 385312 673429 872545 863205 428256 572082 878717 483175 870658 275971 506956 635346 787787 371550 539793 937050 434023 135811 385062 486855 661482 518901 820695 608685 311225 158501 609720 387708 758317 265674 815995 314891 745026 344325 929026 361686 648055 754070 738983
475429 185673 571103 510817 299844 412180 437107 332206 374900 526564 999999999 140371 340488 227305 617983 276730 270938 241802 540209 676310 349304 432435 475958 252682 230775 254451 680986 625347 813986 274094 58646 366708 568559 388134 570173 177894 175763 215241 372280 661292 584630 275004 453438 410369 661524 493936 398192 405267 290744 383866 762186 388989 459744 658147 440588 695688 338593 132506 336653 492533 449723 144920 440554 643955 407223 118889 432323 491644 313950 470427 353472 640347 174306 292635 261823 582440 840049 509846 486258 583468 60476 421123 363252 333969 510857 789250 664292 401158 353634 231753 666526 704197 283335 354106 225588 479555 165100 166984 288169 265180
609076 325568 648051 625133 382685 469138 575679 213320 474389 648777 140371 999999999 469149 266920 753312 177320 299151 101736 678176 815997 427499 567954 613296 392765 281108 384375 782902 756172 905653 198801 175435 505084 697938 347403 494974 272220 207519 93055 452539 785970 720843 415300 580245 456683 766562 601894 356609 359708 393697 325839 873506 528825 594934 798386 560377 835615 470534 262373 438046 551250 541508 264479 533992 718957 402835 220845 417262 520062 326695 494307 493575 775480 76775 152266 401287 712167 936201 645695 589855 722958 199693 369412 484427 312414 626456 923670 793360 506068 490844 137056 804742 803870 423576 400610 365636 471402 291033 203173 155308 130828
354907 213989 666873 495028 461350 589267 271904 672468 153016 189871 340488 469149 999999999 490244 447288 531872 532338 562560 232698 438323 220993 309419 315701 186142 479015 86050 679610 287099 830536 608576 294010 239002 456134 695108 892787 219818 328004 553869 220377 321279 262364 150677 113180 334273 651584 194524 520646 532649 405286 703397 712095 147589 138103 404431 421481 449666 25179 208508 432591 647426 216936 205259 521353 732412 677300 253295 489580 703327 374156 692841 143287 467885 466011 614231 200557 464541 838716 357333 202237 362193 297753 554821 370440 631628 489300 457354 324465 458290 250764 571720 354703 707408 145585 565568 159326 744606 178163 458358 588092 570455
450947 277699 384488 405287 138290 202237 454684 313131 571607 678094 227305 266920 490244 999999999 593083 444227 45080 338546 628217 690187 563945 424684 477340 326456 22170 412602 536714 745971 647798 199972 280630 391925 514198 212370 416883 394180 401874 259040 584790 799949 682086 364069 597881 635397 524787 673680 609156 614338 181258 234176 638324 470431 572170 686359 358704 713256 477922 318071 213137 284330 650305 344334 287045 454020 190182 337914 654086 265302 540084 243286 434326 612855 340502 370906 322077 528808 681612 496390 672347 599651 221375 627072 296591 146211 409229 887156 789393 278342 370255 219041 744725 554667 372814 134423 334064 261008 350176 65644 406591 382282
145707 436981 461146 246350 468060 528574 190226 892980 597304 491415 617983 753312 447288 593083 999999999 886921 610328 854156 299202 135203 667919 185571 145786 375246 571323 472196 345114 430573 478315 787908 609946 255660 99763 785129 982637 612494 712341 803273 667519 512378 339064 369885 445292 781365 316693 580248 940117 951114 412659 819014 315469 300446 356411 163773 246326 158070 423550 540300 390014 528473 647014 562422 381155 491608 707946 609671 925477 638592 801123 647146 315600 22568 790833 902085 361675 90125 466867 108292 602048 109123 557643 972246 296647 722552 237604 455738 466433 342468 265237 787369 315384 369491 365033 561923 417443 746564 533896 613508 905802 882346
747528 449971 824055 786431 556139 646424 700382 300884 483390 685763 276730 177320 531872 444227 886921 999999999 475958 142504 760640 931062 411581 702550 742212 512760 458099 457718 951901 810347 1078867 344668 277017 631790 843478 500835 611038 312066 205239 221592 435923 823091 794188 525147 631259 394353 933966 613924 207601 206483 560397 469374 1037309 628161 668755 907198 717159 948241 541298 353185 605846 728555 531920 339088 705533 895380 570694 287874 288135 694796 247527 668383 597084 909463 106898 163353 525438 857124 1107926 778725 595225 840590 334191 209748 639878 477291 786797 985370 841458 672653 621814 280675 885461 973928 531979 577885 474718 636004 369740 380168 97776 102889
471119 318904 363674 409174 144112 175755 481916 316462 616296 719315 270938 299151 532338 45080 610328 475958 999999999 362261 662736 713084 609018 448539 501435 364468 53471 455868 527136 783631 630379 200776 325073 421940 527037 180277 384776 439156 444552 279105 629868 839397 717350 402594 638833 679911 517542 717234 647279 652020 198411 209125 632919 506070 610088 711664 370014 736533 519282 363014 222616 256061 695071 389397 281569 430747 145935 382706 694824 224536 582562 201177 470520 629310 374498 390035 358805 541503 666213 517498 716326 624049 266454 664020 314301 114549 413981 921286 827364 283030 399679 232308 776993 543296 411180 104212 374992 216214 394989 105600 431237 407507
709529 427243 722928 718145 466196 537635 677353 161845 551748 736960 241802 101736 562560 338546 854156 142504 362261 999999999 776775 917727 494528 668988 714743 494398 356230 479280 869142 849427 985811 205769 271980 606745 796782 361632 470116 354970 269835 86317 519804 874972 818014 516365 671727 503717 854437 681881 348975 348533 484833 327986 963901 629233 691667 899947 656024 937312 565797 359062 527746 618322 612962 357376 618701 791827 438750 310015 425251 570861 361589 543339 594313 876248 106062 51866 503019 811115 1018572 746757 667408 824693 301396 352252 581073 344311 720006 1019147 885291 596183 592321 144079 903410 888853 524543 466450 466419 500880 385610 280912 69232 46949
287986 368363 672212 459253 550587 659972 215530 867095 350015 195939 540209 678176 232698 628217 299202 760640 662736 776775 999999999 234105 434231 267025 232697 306431 611149 303189 616198 144756 761410 785954 504907 249716 355963 840554 1045060 449974 558877 754496 425418 223763 57013 272964 170508 541433 586443 295063 750855 763012 485787 859700 609914 158836 95455 192475 407726 238033 219858 418157 492268 694686 378018 424547 545408 723574 796340 475409 712892 780307 603680 778110 195813 313269 686966 828587 307465 357295 756598 258951 320003 190939 486226 785271 397789 774303 450913 258992 187787 484727 272679 761129 126635 643265 263935 661263 317468 854335 394463 616737 809813 790396
243910 490638 595312 377895 575639 650362 242704 975826 575243 427902 676310 815997 438323 690187 135203 931062 713084 917727 234105 999999999 655235 265541 213144 423794 669298 486070 476991 337126 603517 877222 657179 312817 233308 891793 1093250 635031 741496 876714 649725 416305 254620 406382 402165 766168 449278 529151 955278 966980 515206 921935 433408 306849 317537 44348 365697 24297 418339 577903 500283 657258 610448 594218 506940 626811 822321 644656 927898 764129 810453 770601 334782 132291 842861 967829 414711 224912 587299 196675 554079 93408 616355 988888 401027 827263 368962 328478 365694 461743 330108 868515 201899 500251 399254 676606 457083 866077 563867 700892 962793 940629
567404 339638 832062 689759 587046 715842 488071 639804 87374 296830 349304 427499 220993 563945 667919 411581 609018 494528 434231 655235 999999999 519855 533042 353579 561019 214474 876807 432823 1026025 612901 290746 444119 670863 737280 913174 171717 224803 520532 25282 426586 446838 332142 268889 113478 850310 207224 330234 342661 546028 730571 921295 367555 340812 618845 612933 664686 244378 249486 584140 786982 120468 220530 685646 902386 751692 230507 280128 815830 187376 798894 357129 688692 388482 540796 371630 680312 1039051 574997 185713 582501 342581 364685 548987 682914 685355 607984 454908 627111 450190 558998 542148 904049 331804 673306 307990 823685 221701 511324 493826 483969
48606 252793 405619 199049 314636 405694 51923 714008 461863 417086 432435 567954 309419 424684 185571 702550 448539 668988 267025 265541 519855 999999999 52901 194250 403886 309995 375075 410958 525820 612827 425919 77827 152938 628079 830938 438893 533742 620145 524363 486958 323061 196601 349048 632079 346145 480343 766294 776824 252003 656967 402930 170582 270915 263409 140779 288575 284241 360272 243536 431349 524890 384747 279986 459508 564173 429737 759598 524848 632330 526401 166132 207913 605510 717278 179110 164072 530984 77773 496516 175513 372128 797388 142844 562992 191603 504329 454621 221711 81385 607319 352541 402991 193864 420498 239569 613600 357834 436710 720235 696802
55296 292755 441959 226602 367169 455104 45690 764406 468516 399245 475958 613296 315701 477340 145786 742212 501435 714743 232697 213144 533042 52901 999999999 229800 456624 330153 389340 377415 538089 664390 465207 110422 141879 680974 883762 467495 566611 668495 535103 456004 286664 224394 337771 646311 359723 472316 795355 806239 304807 709817 401734 169105 253583 210572 180814 235971 290885 394532 295094 476613 526074 416715 324141 491196 616433 463889 783317 573470 657757 576044 176123 168315 647533 763688 216793 149204 538682 41988 490784 122615 415483 827242 194287 615892 218226 458687 419935 268708 122464 657417 306620 416976 219846 472293 271660 664953 388348 488119 764128 741045
241928 67307 486422 337544 277096 403717 187646 565940 316312 360977 252682 392765 186142 326456 375246 512760 364468 494398 306431 423794 353579 194250 229800 999999999 311391 140631 524439 419524 672867 480142 235976 119591 344380 538217 741652 247090 339502 458695 363946 475479 358112 38688 280119 460260 498646 380665 573031 583373 219348 554688 577397 147706 245763 405675 260291 443016 166648 166041 246921 461387 391374 190893 339685 554395 505307 235529 570847 519175 442346 510101 110641 397813 420175 544926 18161 356611 687326 267671 387468 331237 193144 603725 195790 472407 333708 564701 463040 278106 113153 458809 428635 551416 46875 384068 48010 569346 165095 310448 539174 516871
429507 265469 367828 383338 116644 189070 434738 334999 565338 665852 230775 281108 479015 22170 571323 458099 53471 356230 611149 669298 561019 403886 456624 311391 999999999 403082 516587 730761 629595 222089 281781 372823 492099 229754 434574 392651 406361 278145 581301 786070 665420 349402 585363 635685 504202 664580 618404 623950 159238 253826 617348 453913 557111 665999 336541 692449 465837 313284 191010 271286 644302 340678 266485 438125 198617 337572 660733 261040 544631 240710 418115 591020 353322 389952 306135 506704 662795 475116 664082 579053 218942 637258 274751 163445 387220 869941 774400 256424 350929 239843 726641 534924 358029 124589 321528 267798 344617 77944 423771 399296
358355 144100 625585 475314 398865 528645 284463 586501 177561 274298 254451 384375 86050 412602 472196 457718 455868 479280 303189 486070 214474 309995 330153 140631 403082 999999999 662351 372017 811723 523131 208960 232730 462677 613731 809512 149952 258370 468148 223605 407206 339982 117777 199148 324069 635839 261563 470960 482397 348516 620173 708500 179544 213447 457067 398586 500513 86527 122718 381732 592763 254833 122506 478666 694309 601663 172654 453406 638490 329260 625814 156996 494084 385287 531090 158377 473149 824587 371851 262412 401600 212559 504060 336366 551228 470882 539888 410144 417972 236797 485690 428814 689621 117977 497942 98518 670506 93678 376561 507992 489400
336926 554708 197341 187059 403060 367462 422163 843525 829114 788266 680986 782902 679610 536714 345114 951901 527136 869142 616198 476991 876807 375075 389340 524439 516587 662351 999999999 758453 151014 727783 702967 440626 262123 656817 818596 761118 832727 794292 885232 839321 665650 544906 723488 984684 29758 855418 1070074 1078701 391589 702704 117253 545630 642118 508824 264153 497713 654676 669125 346055 314676 896514 699722 250607 182132 553620 731672 1083884 429137 955036 450414 537869 344741 845189 905810 506277 263811 163285 357680 871385 444201 631735 1096589 333934 611100 191576 800774 798343 279874 429853 755531 657746 27918 545878 433609 571658 559927 680476 588691 934423 909600
432710 473145 816503 603996 681724 796503 359175 957481 345933 137473 625347 756172 287099 745971 430573 810347 783631 849427 144756 337126 432823 410958 377415 419524 730761 372017 758453 999999999 901836 887204 580877 386141 496869 957472 1160195 500838 605143 839934 416607 81831 92874 382058 179327 524121 728736 243118 762858 775283 617727 972109 745467 280594 173844 292833 551735 331888 286759 494658 628627 835303 342244 492312 687623 868318 922256 539631 709410 916622 617837 912697 314230 441336 751487 901011 424903 496963 894815 402478 270465 321800 578106 797378 537490 891819 595641 176392 44710 626029 408554 854815 145584 785228 373237 792352 417648 983416 465139 726051 872681 855912
486680 699605 268336 336771 523066 457867 572298 941807 979707 937334 813986 905653 830536 647798 478315 1078867 630379 985811 761410 603517 1026025 525820 538089 672867 629595 811723 151014 901836 999999999 827010 840677 591580 405461 733911 870844 905609 972261 906656 1034983 983259 808984 694613 873731 1132953 179675 1006104 1208164 1216295 523363 782254 175722 696402 791494 639430 413140 622046 805625 812728 477500 387185 1047458 843800 373955 211520 626338 873181 1226329 485642 1097961 511661 688882 473800 972007 1018464 654732 404872 47021 504598 1022264 582939 768267 1233431 479698 698006 341817 931531 940486 415768 580515 862615 793694 123151 695858 529156 719627 615854 825933 705525 1053048 1028444
643639 417879 558825 604985 337612 369164 636409 115746 647467 797330 274094 198801 608576 199972 787908 344668 200776 205769 785954 877222 612901 612827 664390 480142 222089 523131 727783 887204 827010 999999999 330280 568960 712507 156216 300423 446165 402058 123222 637218 929596 835822 513054 721627 652803 718308 768020 544940 546205 379645 127724 833537 627688 715941 869085 558057 899503 603143 404600 413099 443908 720340 419014 481894 622296 237399 388259 612509 377580 525471 349106 590591 808325 268358 214248 481464 727152 864307 687536 759985 784843 310846 552510 493133 143678 609071 1042723 928173 478020 549247 64730 908765 743548 522098 297985 471154 296036 438047 176338 271453 252114
471484 173138 606524 526332 337977 456887 423612 380453 317387 476311 58646 175435 294010 280630 609946 277017 325073 271980 504907 657179 290746 425919 465207 235976 281781 208960 702967 580877 840677 330280 999999999 354787 569337 446778 627851 119252 133189 260583 313649 612552 546176 250955 405769 354840 681762 438428 367542 375886 319060 442157 777493 359994 419976 635704 452760 675295 295107 87183 364352 535527 391543 91134 470213 679468 463908 60262 391601 542571 268130 522464 326391 632495 186020 323833 248423 582667 864227 501793 429766 565635 73167 393622 375814 392285 525387 748340 618431 425077 344960 284276 631536 727302 258415 402745 200213 536209 115867 223026 307666 286896
126433 182528 444547 256914 301764 410840 70631 664192 389602 368522 366708 505084 239002 391925 255660 631790 421940 606745 249716 312817 444119 77827 110422 119591 372823 232730 440626 386141 591580 568960 354787 999999999 230736 601980 806687 361577 458005 563899 449645 456004 306538 118814 294243 555765 412588 419671 689262 699894 236824 626085 477246 115151 226858 300655 186062 333737 214050 285102 242932 450178 455888 308454 306254 504963 549766 354586 681783 531131 554604 528450 98295 278228 537460 656270 106387 241880 599967 148189 433474 219410 306278 720596 152688 535815 250832 503680 430814 243028 23038 556690 356162 468439 116061 412152 163020 605727 280955 393188 654753 631886
104382 397895 362014 146791 383110 432969 184256 821288 609145 536012 568559 697938 456134 514198 99763 843478 527037 796782 355963 233308 670863 152938 141879 344380 492099 462677 262123 496869 405461 712507 569337 230736 999999999 697775 892060 590760 683022 739239 674216 578068 404001 349392 478214 783605 232545 613302 917409 927746 333071 733950 260455 310614 392212 256755 157203 256794 431116 509420 304483 429396 667855 535243 283952 395386 616033 578517 912376 540684 784861 550224 314247 111505 742866 842605 328088 14656 401654 102704 632256 183529 509568 948045 220289 636889 138136 544124 536352 250450 231601 717873 397668 288557 346793 470665 390947 651489 509192 541689 852674 828533
648773 486267 469336 569564 317318 290242 662163 240029 759597 884547 388134 347403 695108 212370 785129 500835 180277 361632 840554 891793 737280 628079 680974 538217 229754 613731 656817 957472 733911 156216 446778 601980 697775 999999999 204833 566028 540434 279273 760399 1009537 894451 575416 805201 789853 653274 871123 699667 701332 376608 49237 770225 682788 783629 891417 540883 915414 684808 506359 395116 347962 836187 527371 431308 522902 108070 507019 764461 254541 670618 226298 646623 803276 420788 365452 534329 711953 775273 695570 866878 803551 406740 708176 491360 66311 575577 1099461 1000628 448281 579820 220312 956380 667744 584255 231774 542670 147080 540091 237177 426032 407611
849536 687587 622428 757222 517611 466608 866226 310427 945061 1082653 570173 494974 892787 416883 982637 611038 384776 470116 1045060 1093250 913174 830938 883762 741652 434574 809512 818596 1160195 870844 300423 627851 806687 892060 204833 999999999 745356 701272 407301 937389 1210166 1098689 778403 1004267 951502 820019 1062274 818555 817465 578957 189392 935262 887021 986450 1094333 736659 1117063 883997 696475 593789 504182 1019220 714135 615689 661755 276679 686912 895021 390301 819717 368183 850682 999905 557049 451348 738358 905885 915599 896635 1055892 1006155 598406 819409 692226 271133 764016 1304022 1203003 641636 784454 358093 1161210 824898 787314 421395 743720 258780 730337 435296 519168 508523
487281 206411 689503 576692 430899 556653 422369 484990 203013 382692 177894 272220 219818 394180 612494 312066 439156 354970 449974 635031 171717 438893 467495 247090 392651 149952 761118 500838 905609 446165 119252 361577 590760 566028 745356 999999999 108963 364003 194410 520906 482169 243403 321551 245628 737106 329682 327916 338747 398724 560775 822209 328186 357080 606814 499725 649978 230128 93740 440956 631664 274182 62070 546355 761675 580676 59020 324638 650780 195692 632432 302132 634807 252657 405396 264243 602608 924332 507999 317954 548870 173798 359771 427190 511210 574002 674621 534185 493257 359173 395936 573922 787119 247650 508870 199867 652813 82192 339968 372272 356476
581361 286869 739699 653078 470642 587151 522313 416865 284934 481808 175763 207519 328004 401874 712341 205239 444552 269835 558877 741496 224803 533742 566611 339502 406361 258370 832727 605143 972261 402058 133189 458005 683022 540434 701272 108963 999999999 299542 250085 619648 590285 342693 426022 250808 810662 415997 237997 247297 451912 525968 902939 435005 465691 714333 577844 757036 339019 173642 496986 666797 343231 149936 603017 812646 575144 104612 258606 666909 138283 645142 407184 734826 163774 316891 355146 695594 994756 606002 399783 653942 206336 266505 502006 494265 651493 780141 636624 556495 452607 343352 682530 857554 348086 529868 295104 647083 179060 339196 274455 262000
657630 391804 641835 650723 391711 454857 634207 121018 566680 736762 215241 93055 553869 259040 803273 221592 279105 86317 754496 876714 520532 620145 668495 458695 278145 468148 794292 839934 906656 123222 260583 563899 739239 279273 407301 364003 299542 999999999 545584 873133 799692 485547 666149 546877 780995 693382 422323 423315 417133 249487 892523 600959 674980 862511 592810 897438 553252 345433 457975 534780 634433 351453 543767 709737 352740 310760 492135 484695 412490 457102 564661 824909 149957 111867 464613 753777 940649 697580 681931 783306 268586 429340 520223 258403 653279 1004491 878275 526218 547287 59132 880470 812988 494239 383228 437844 415806 376140 206571 155153 133229
571401 354134 845587 698332 604002 733241 490584 664958 75424 279722 372280 452539 220377 584790 667519 435923 629868 519804 425418 649725 25282 524363 535103 363946 581301 223605 885232 416607 1034983 637218 313649 449645 674216 760399 937389 194410 250085 545584 999999999 406936 435061 340380 257599 116478 858372 186113 348221 360628 561299 754311 926782 367903 333417 612380 621886 658332 244638 268672 598471 803336 96019 240636 698886 915411 773131 253391 293402 834725 207904 818262 359974 687948 413759 566020 381836 683243 1046967 576940 163465 579421 363465 382455 559724 705469 693659 590861 437006 639549 456917 583689 530038 912627 339397 692169 319485 844996 239594 533156 518784 509085
511208 523271 892390 682213 745247 863692 435036 992631 343593 138233 661292 785970 321279 799949 512378 823091 839397 874972 223763 416305 426586 486958 456004 475479 786070 407206 839321 81831 983259 929596 612552 456004 578068 1009537 1210166 520906 619648 873133 406936 999999999 174365 437029 208100 504990 809583 221943 754889 767270 682259 1021087 827296 345435 233175 372213 627444 409599 326924 528876 696401 906181 321198 521872 760591 945838 980754 565829 693615 983258 613962 977880 376186 522985 773562 925884 483069 578410 976543 482596 247348 403631 618767 788939 608519 944644 673991 196727 53297 698179 477771 892830 218874 866211 428610 855240 466873 1044020 497191 774873 892257 877217
341893 417975 727610 513150 606994 716949 271842 913991 360182 178274 584630 720843 262364 682086 339064 794188 717350 818014 57013 254620 446838 323061 286664 358112 665420 339982 665650 92874 808984 835822 546176 306538 404001 894451 1098689 482169 590285 799692 435061 174365 999999999 323177 177955 549085 635942 285032 770896 783202 542265 912558 653337 211674 126553 210537 463549 253182 253982 459006 549212 751557 376373 462457 602013 777855 852042 512510 726964 837284 623742 834980 248101 350745 725269 869880 360380 404113 802213 310205 311641 230003 532519 805490 454783 828279 504681 206924 133560 541545 329467 808805 95447 692391 314125 717719 365270 910578 433098 668487 847949 829352
245198 95466 517561 357958 315216 441116 179699 595487 287813 322430 275004 415300 150677 364069 369885 525147 402594 516365 272964 406382 332142 196601 224394 38688 349402 117777 544906 382058 694613 513054 250955 118814 349392 575416 778403 243403 342693 485547 340380 437029 323177 999999999 241613 441700 518224 344873 571311 582092 256527 590884 591285 115762 208214 384965 281578 424343 129864 172707 282086 497153 360798 192781 371427 584289 543849 241218 563006 557167 435804 548418 79135 392319 436887 567501 50253 360672 706938 264629 352827 315445 217399 602993 222983 509779 353357 530068 425340 308823 119864 488927 396947 572265 9053 422598 50741 608021 164011 345694 557751 536179
387182 320184 738075 546704 556614 681139 301433 785174 182435 80915 453438 580245 113180 597881 445292 631259 638833 671727 170508 402165 268889 349048 337771 280119 585363 199148 723488 179327 873731 721627 405769 294243 478214 805201 1004267 321551 426022 666149 257599 208100 177955 241613 999999999 372603 694268 135571 594137 606491 496667 814950 738666 180316 88923 361954 479580 407810 120400 321179 518016 732793 208283 315768 596722 799205 782488 361713 549011 798261 447303 789961 198807 462982 572717 723126 290913 483566 876129 375512 156762 344424 410781 628758 442283 741028 539728 354229 213566 532927 312199 684831 273317 751367 234162 664185 263884 848160 290015 569203 693573 677067
679880 438535 930134 797718 675985 802260 601235 660182 191563 386686 410369 456683 334273 635397 781365 394353 679911 503717 541433 766168 113478 632079 646311 460260 635685 324069 984684 524121 1132953 652803 354840 555765 783605 789853 951502 245628 250808 546877 116478 504990 549085 441700 372603 999999999 958713 284043 259633 271492 640695 776646 1032461 481027 449848 728852 720530 774807 357815 336149 681160 876822 183955 304710 784923 1001519 817522 298175 189040 895360 146836 876253 470285 802096 401568 543813 478419 793238 1147461 688282 257821 695117 418099 291718 653978 741071 793685 695288 540294 728463 560816 593410 643514 1011676 442031 753901 413327 889844 314088 577241 487263 482949
307497 530758 203199 161159 389284 363078 392877 833934 801542 758739 661524 766562 651584 524787 316693 933966 517542 854437 586443 449278 850310 346145 359723 498646 504202 635839 29758 728736 179675 718308 681762 412588 232545 653274 820019 737106 810662 780995 858372 809583 635942 518224 694268 958713 999999999 826445 1048332 1057129 373707 698340 116974 516727 612639 480463 238516 470294 626599 645601 328665 316010 868421 675954 237746 198208 551781 708951 1060505 432325 931539 452253 509523 316987 827460 892180 480490 234475 188772 327929 842599 414908 611107 1075269 310120 605370 165036 772149 768678 261317 402333 743828 628612 57259 518976 426959 546091 561929 656098 574770 919029 894185
520449 403540 858193 675648 654973 783427 434479 814400 131117 108542 493936 601894 194524 673680 580248 613924 717234 681881 295063 529151 207224 480343 472316 380665 664580 261563 855418 243118 1006104 768020 438428 419671 613302 871123 1062274 329682 415997 693382 186113 221943 285032 344873 135571 284043 826445 999999999 533239 545599 599711 873883 873734 309831 223994 487084 605659 532181 215289 365880 626952 841908 100214 349029 713781 922055 863105 383259 472076 896562 393966 885212 321545 597531 576998 730991 394943 618898 1009799 510642 27398 477746 464802 567186 561053 810067 669080 411444 256383 650303 435257 722359 374104 883333 339311 757530 351408 932069 332002 634489 690352 677830
814504 523954 969291 891060 697996 805996 750136 508484 416930 627056 398192 356609 520646 609156 940117 207601 647279 348975 750855 955278 330234 766294 795355 573031 618404 470960 1070074 762858 1208164 544940 367542 689262 917409 699667 818555 327916 237997 422323 348221 754889 770896 571311 594137 259633 1048332 533239 999999999 12427 685694 671809 1140879 650154 655419 923744 815819 968343 538273 409190 731292 887575 436204 382233 836688 1042147 759378 341669 90965 871495 147277 846935 627341 962361 280392 369940 589497 929562 1231673 835915 508928 872458 439946 34623 739990 668805 889490 938215 784977 792619 685949 480214 866238 1094639 575532 742771 526758 827939 408462 543570 302628 310421
824981 533692 976324 900175 704919 811887 761071 507167 429354 639483 405267 359708 532649 614338 951114 206483 652020 348533 763012 966980 342661 776824 806239 583373 623950 482397 1078701 775283 1216295 546205 375886 699894 927746 701332 817465 338747 247297 423315 360628 767270 783202 582092 606491 271492 1057129 545599 12427 999999999 693535 672747 1150226 661679 667569 935578 825113 980130 550161 419156 739201 893593 448482 392508 844428 1049137 762538 351317 99401 876027 159524 851267 638645 973381 283195 367851 599747 939959 1240112 846717 521254 883950 448029 22290 749124 671522 898689 950643 797398 800897 696363 481514 878535 1103155 586396 748179 537260 830741 419001 548711 300262 308996
272723 207501 290894 233743 64945 184627 289415 489898 525507 576936 290744 393697 405286 181258 412659 560397 198411 484833 485787 515206 546028 252003 304807 219348 159238 348516 391589 617727 523363 379645 319060 236824 333071 376608 578957 398724 451912 417133 561299 682259 542265 256527 496667 640695 373707 599711 685694 693535 999999999 407534 479863 337515 449089 515378 178748 538806 385962 305470 45910 244250 603328 337262 151154 363336 314271 357557 709206 301987 582830 295623 306145 432090 453792 525853 206388 347698 549435 319215 605539 427226 246037 710343 116091 312156 236150 740421 662365 112507 213795 388960 591975 414085 263240 175476 251004 368903 326848 212590 547502 522676
680241 499078 516916 609329 351264 335394 688564 195692 758392 893265 383866 325839 703397 234176 819014 469374 209125 327986 859700 921935 730571 656967 709817 554688 253826 620173 702704 972109 782254 127724 442157 626085 733950 49237 189392 560775 525968 249487 754311 1021087 912558 590884 814950 776646 698340 873883 671809 672747 407534 999999999 815311 701120 798551 919618 576754 945292 694723 508006 429797 395766 833589 526650 473012 571464 157108 501910 740205 303772 652114 275504 664477 837730 396079 326799 552314 748284 823324 726579 868115 832383 409453 678362 523364 97189 615002 1118633 1014658 486079 604428 192151 977915 714265 599850 273717 555019 193675 541885 246322 389763 372835
357348 617920 314589 251528 501392 480047 442103 948997 864755 795264 762186 873506 712095 638324 315469 1037309 632919 963901 609914 433408 921295 402930 401734 577397 617348 708500 117253 745467 175722 833537 777493 477246 260455 770225 935262 822209 902939 892523 926782 827296 653337 591285 738666 1032461 116974 873734 1140879 1150226 479863 815311 999999999 569082 652409 471527 325150 450631 686925 733422 436194 431104 926279 762532 351803 294605 668422 799425 1146847 546203 1017854 567127 568897 307496 931515 1003114 559553 255592 154011 363155 892502 423696 708957 1169149 401701 722213 252120 761849 781865 367804 471706 857191 628766 117675 590534 543686 625408 676735 740167 685960 1027291 1002454
212362 211043 559671 366673 401240 518257 126979 711247 299791 253395 388989 528825 147589 470431 300446 628161 506070 629233 158836 306849 367555 170582 169105 147706 453913 179544 545630 280594 696402 627688 359994 115151 310614 682788 887021 328186 435005 600959 367903 345435 211674 115762 180316 481027 516727 309831 650154 661679 337515 701120 569082 999999999 113138 279600 299385 322032 123335 276183 351089 562515 357360 289355 420895 619541 642497 340392 628380 637880 507018 632950 37097 321427 545529 680688 148808 318305 701078 210335 325998 222351 332486 683421 266649 616633 359846 417548 325122 357395 134934 604632 281385 573547 106904 511799 163466 702933 258750 457903 667635 646825
305216 299931 670032 469958 512122 630911 220845 790456 258377 146381 459744 594934 138103 572170 356411 668755 610088 691667 95455 317537 340812 270915 253583 245763 557111 213447 642118 173844 791494 715941 419976 226858 392212 783629 986450 357080 465691 674980 333417 233175 126553 208214 88923 449848 612639 223994 655419 667569 449089 798551 652409 113138 999999999 279140 407100 325129 127691 332794 464047 675620 294827 335907 533111 727985 749603 386027 618388 750269 508265 744712 143031 374059 598731 743529 251673 396893 792114 289658 245677 255870 409226 689826 379258 717981 462503 329526 217289 469830 247558 686171 216849 669883 199397 622245 245036 811817 306562 552698 721434 702800
249624 472959 616716 396994 577545 659685 232783 964730 537483 384815 658147 798386 404431 686359 163773 907198 711664 899947 192475 44348 618845 263409 210572 405675 665999 457067 508824 292833 639430 869085 635704 300655 256755 891417 1094333 606814 714333 862511 612380 372213 210537 384965 361954 728852 480463 487084 923744 935578 515378 919618 471527 279600 279140 999999999 376474 45996 385586 554296 504289 671866 570082 568819 519995 652139 826314 619720 893595 775621 778059 780523 310195 165672 821719 950587 398200 250298 625003 202757 512319 88611 598818 957609 403781 826185 387973 292454 321871 471027 319850 857192 159356 532972 377321 681478 435635 873004 538255 692935 942707 921036
129504 293934 264951 77362 225982 284695 192597 668642 567946 551854 440588 560377 421481 358704 246326 717159 370014 656024 407726 365697 612933 140779 180814 260291 336541 398586 264153 551735 413140 558057 452760 186062 157203 540883 736659 499725 577844 592810 621886 627444 463549 281578 479580 720530 238516 605659 815819 825113 178748 576754 325150 299385 407100 376474 999999999 389990 397079 409358 147398 297138 637901 439110 144441 320885 461628 474566 823927 399211 694856 404943 284123 263246 612814 699460 242130 171583 427077 174406 619017 289403 385410 844000 77383 479712 74277 639326 595384 96505 171066 567184 487294 291206 283095 315639 307608 501351 418264 390582 715642 691035
267899 510076 618793 401795 599462 674650 264043 997426 583460 429078 695688 835615 449666 713256 158070 948241 736533 937312 238033 24297 664686 288575 235971 443016 692449 500513 497713 331888 622046 899503 675295 333737 256794 915414 1117063 649978 757036 897438 658332 409599 253182 424343 407810 774807 470294 532181 968343 980130 538806 945292 450631 322032 325129 45996 389990 999999999 430456 595079 524284 681443 615863 610579 531207 649499 846377 661259 939042 788416 822933 794897 351289 153623 861174 987610 434471 248062 604639 220623 557588 114762 635923 1002120 424870 850782 392877 311717 358077 486019 351562 890035 192355 520562 416998 700709 475085 890308 580111 723165 981548 959565
