NAME : synthetic_000067
TYPE : CTSP-D
DIMENSION : 100
GROUPS : 8
RELAXATION_LEVEL : 1
EDGE_WEIGHT_TYPE : EXPLICIT
EDGE_WEIGHT_FORMAT : FULL_MATRIX
EDGE_WEIGHT_SECTION
999999999 55182 188518 414662 457961 458310 198897 433477 463231 354096 397994 136032 319428 148111 457942 488596 476540 491496 556489 540839 144437 55773 454387 333677 395515 457579 312691 621734 433900 406205 350496 282281 120125 525076 338175 270127 183190 191248 530411 573848 259698 302718 538484 389621 318656 369973 494492 246762 453396 557345 409005 456224 579730 272010 481130 301736 527871 484534 326394 388919 261370 332471 463677 26862 255021 469432 233652 407748 326262 511104 203204 560226 341714 429711 363582 367674 299723 354005 152337 441816 479376 114907 283745 405992 337392 533337 644571 153894 262403 262447 280836 264068 572230 472510 387171 578053 390670 31796 533019 505444
55182 999999999 218026 434079 408501 509059 249133 397100 517400 404392 380447 178646 264903 92931 402759 434165 423138 532471 527676 545025 197501 107541 421935 286232 441008 444944 357461 589720 383872 352727 391813 320413 78080 502554 284459 319728 233713 211491 564829 608792 204773 350871 483401 443617 364006 334338 494028 256436 404122 590860 455752 460220 608116 327049 457084 254834 571991 502610 302632 338002 238317 301729 408653 59929 228563 501387 181194 363330 381444 465004 156671 566340 391394 482887 402577 318708 267988 387313 105041 412141 425747 61713 282636 352275 386410 585453 664432 148568 317109 209187 293228 281108 542663 515787 353533 585964 400285 71017 526882 451745
188518 218026 999999999 229831 614805 336687 278937 407767 380443 402859 586321 268899 416692 284873 565253 571648 547011 321507 488321 376591 135833 147109 409762 375396 245182 644503 165064 807043 589076 544464 448655 109963 213800 436253 477188 337306 266265 357445 347046 391127 390538 176821 634257 310664 173439 552284 342425 421367 492062 372873 264279 295814 391638 241314 669417 468066 599686 300146 268841 541505 220166 299867 580326 165503 442271 590982 385105 578166 298108 525574 270906 391707 221584 334534 469371 527524 278680 478903 321174 387552 614313 243783 466217 542379 397627 548881 457846 341231 274117 353486 116920 428815 758890 310208 571125 405957 221897 213269 393286 577567
414662 434079 229831 999999999 796821 360636 491431 431505 449471 585886 811794 495587 561669 478675 702208 684205 649665 237068 437274 180308 350420 376860 409240 479472 252732 872234 235541 1020539 770497 712181 654493 188903 403239 366186 650471 537678 481282 586828 194735 233185 565691 273478 753994 404041 241333 763819 181610 651156 569854 207948 273846 130638 192416 403593 891106 665554 782175 70315 306590 722729 305829 352471 725036 389608 662603 802384 576052 775483 445540 571700 425590 184501 298243 399705 677696 716264 353565 695089 529207 380758 774539 441471 695669 708502 587888 692877 230452 568533 455577 504346 145337 657561 975456 254743 784622 190702 80805 441550 245272 678448
457961 408501 614805 796821 999999999 916268 600578 516177 915163 734853 317941 518278 256636 329942 196342 275684 308442 935880 661868 849031 601785 513627 560824 370009 848884 376950 765203 303383 26324 100500 668355 723079 402541 683847 147775 656444 589256 462215 957154 1001419 231138 759341 253495 842940 771994 178087 785530 435833 384383 980878 864092 772941 985938 719377 294298 158548 839438 857069 537664 74210 504757 500960 165459 468414 273047 699612 229987 86080 766666 459944 372163 875756 799407 885351 663686 90409 479013 620636 305630 573349 99654 371122 393068 106900 710258 916654 1015940 376258 692876 299734 652699 477097 292447 921830 191397 900522 738700 454403 789641 311531
458310 509059 336687 360636 916268 999999999 370611 728858 102946 359229 796473 433033 747669 595976 895470 907097 883471 165892 777049 534918 314932 402696 721396 712029 110311 833653 173060 1048719 892172 860434 465932 238148 535842 711414 791991 365555 372683 527631 259301 276599 708403 162562 967990 110366 164357 813259 542116 592069 827678 282760 87976 490401 348199 222752 891634 759491 519573 395380 587677 846861 550373 625714 907462 449359 689059 607242 690220 863040 209826 856124 603927 531745 118810 68126 491849 825956 609470 532433 610638 695429 932873 555738 652089 859480 376176 382525 469633 570152 276700 684562 390580 574805 994017 129788 826080 528544 425256 463861 605696 914024
198897 249133 278937 491431 600578 370611 999999999 625361 333626 155351 428504 82681 511253 337522 640931 680045 671363 468811 737394 653264 143830 174014 641649 532566 357174 463075 295143 684911 580192 571678 170256 308936 318896 696520 507408 71322 15824 160226 537422 575014 440646 263849 724411 270356 295910 465891 621351 222094 652171 566369 359977 574167 609294 147875 524709 443743 334921 559208 505585 541405 442638 520001 641568 213951 341213 312770 402109 531991 176194 709644 402098 666339 280975 318217 190439 512697 489103 203672 315409 625756 643919 310845 282780 573024 138752 337077 702803 225593 99396 457948 395792 204641 628956 438409 474285 678137 499089 178331 671534 699476
433477 397100 407767 431505 516177 728858 625361 999999999 785970 775866 696031 569507 267215 346316 348660 297490 255917 654661 150422 389448 512226 451630 45060 154099 623159 769161 557886 808179 493359 415696 783904 491213 319022 169384 383732 695850 609625 606637 626147 664363 336525 579377 367078 717883 566652 581494 325222 642011 161408 638876 645315 339298 611919 641824 736355 459005 959429 461879 141303 455492 189960 108884 380371 413469 545714 898484 383110 541006 700454 140934 248099 417497 622726 738300 796928 470322 136714 784275 410313 64954 449780 345341 651116 409400 762981 942649 590366 527623 660924 254521 339847 672663 782081 661323 606261 444033 351194 461865 303482 278340
463231 517400 380443 449471 915163 102946 333626 785970 999999999 283561 760975 407739 771523 608874 916425 936574 916852 268793 848471 627512 320383 410177 783490 750556 197559 790350 232904 1018391 892428 869345 395125 299710 557722 786219 801398 309933 339874 493787 362165 379131 721785 206837 993314 74045 224514 795568 629084 553601 869842 385697 178049 576583 451049 196212 857513 756668 425327 490629 645163 849292 600426 679312 924894 460148 670244 527930 696463 854461 157673 905988 633048 626414 164961 50336 420308 824990 659100 465798 612380 759004 942555 570878 614762 869207 304449 280999 572162 551537 234241 709636 456066 530233 962242 232477 805647 624969 507103 461708 692080 947186
354096 404392 402859 585886 734853 359229 155351 775866 283561 999999999 515272 231341 665244 491789 791473 833512 825930 499241 881121 759949 271333 324959 789558 687655 391837 530641 358525 774368 716544 716114 112445 397067 473906 835361 654192 84944 170954 273436 583139 613447 592036 320417 875717 249186 355470 583995 737355 314865 807466 611191 385464 686991 665601 183205 610961 582263 198020 647903 650869 681208 589802 668954 790150 368051 464874 248033 550555 659991 156404 864227 557223 768836 315115 292850 137042 650195 639175 184967 464921 772017 787022 466089 373321 718051 26211 184791 773586 360338 131496 612922 517157 280790 716991 463629 587647 776578 610438 333478 792611 853770
397994 380447 586321 811794 317941 796473 428504 696031 760975 515272 999999999 364530 444595 369127 479094 553870 573261 871084 844959 923606 504738 442651 734085 544776 764696 73272 688359 259598 315217 367432 419996 672644 432439 840886 346965 456662 424507 269026 921683 963975 362148 667150 555137 698836 692243 144042 869824 207454 617676 949531 772666 839088 976301 574705 96729 249158 564742 881213 650959 311327 594013 632638 457298 422352 157482 405760 313029 233194 603351 696423 464506 945740 695590 746601 406403 277359 600511 355158 303632 734981 410322 392317 146251 373396 489073 677662 1042098 245679 527286 441753 673339 235316 202488 846157 126787 965925 780718 373707 896385 587827
136032 178646 268899 495587 518278 433033 82681 569507 407739 231341 364530 999999999 434462 261651 560571 602329 595657 511127 690948 644111 150937 132845 590057 464878 402305 407642 329893 615822 497690 489271 214588 327035 253837 656487 425425 146753 71020 99319 570102 610442 360792 305070 644575 340290 332706 387966 605079 166832 582303 598749 409034 561595 634455 213990 458916 361161 393472 565456 459689 458729 394984 468017 560251 157488 262686 336884 320562 450909 252557 643590 335097 660206 331347 386925 227644 430144 435514 221312 234230 576821 561383 239317 223169 490710 210997 415642 717633 144851 176489 383897 381114 163829 560986 484167 397951 674839 489727 108766 649914 623132
319428 264903 416692 561669 256636 747669 511253 267215 771523 665244 444595 434462 999999999 173766 148561 169272 161785 732085 416972 595571 453091 365738 310441 115032 661790 517570 580367 541290 231930 159161 636543 525883 213839 430902 116702 580314 496291 429539 737342 780892 88322 585110 221791 697546 588387 318789 531289 442071 175281 758261 680453 522344 753886 587895 473836 197698 819084 616371 283051 190323 258192 244694 165617 315198 308497 719821 141990 273828 644053 252809 146060 622760 629158 732435 642046 203136 224625 614667 209335 319940 213792 204790 432124 154000 645451 848328 770982 335094 581830 63271 423419 480272 514983 724955 343374 648049 495976 333822 533194 188689
148111 92931 284873 478675 329942 595976 337522 346316 608874 491789 369127 261651 173766 999999999 309835 342824 334173 606006 488526 563350 288499 198776 378390 214110 521396 439811 437797 545188 304270 264625 468434 393301 75507 475805 196230 406845 322530 269444 628808 673090 113054 435371 390628 534929 444975 289534 506008 297026 324855 653260 537660 480415 662803 419767 430768 187203 650636 543576 282137 256842 225164 267274 316227 148773 211875 564095 100393 297598 474370 392005 99572 587335 477451 573074 476126 243030 234032 453826 66569 374453 336898 41304 305229 263530 472400 674598 705526 182828 409618 122876 333402 330086 503685 592619 312075 609465 431282 160189 528525 362016
457942 402759 565253 702208 196342 895470 640931 348660 916425 791473 479094 560571 148561 309835 999999999 79626 113159 879860 484588 717351 596552 507650 393517 227346 810342 547033 728816 499199 182263 112454 749559 674400 360147 517697 145815 707268 626743 537303 882353 925547 200440 732964 85335 842381 736802 336266 651987 534567 198328 902419 828954 650312 894580 729416 478289 242645 930499 753145 408528 169006 396393 364889 33342 457138 378586 813822 241753 257880 784204 268700 294532 745243 776810 878518 751400 201815 353181 717430 326553 411452 106903 345940 509679 106120 769889 976107 903099 441331 718606 211793 567722 575586 488252 873271 357227 771317 632553 467889 643816 115520
488596 434165 571648 684205 275684 907097 680045 297490 936574 833512 553870 602329 169272 342824 79626 999999999 42273 876805 422585 680030 620205 533968 340907 205626 815853 623015 736700 577978 261881 190328 800237 678187 379851 463014 211340 748649 665192 589991 870857 913030 244439 744935 71072 862818 745031 412364 614683 594022 137400 888993 835605 618988 875234 755800 556860 311296 982433 729658 380842 246503 381395 335174 110570 483584 444013 873884 293242 336648 812436 197818 304010 708160 789514 895980 804097 277815 330640 773328 372330 362219 182805 373809 574276 183708 813250 1017045 873241 494067 750989 227957 557680 634159 567815 873554 434054 734588 610230 502987 599684 35897
476540 423138 547011 649665 308442 883471 671363 255917 916852 825930 573261 595657 161785 334173 113159 42273 999999999 847125 380418 640206 603448 519191 299047 174617 789801 643781 711931 611751 292503 217244 798238 651882 363484 420862 226735 740990 656201 590332 838090 879836 244961 721958 111268 843437 720382 434192 574959 599144 95264 855532 809985 580687 839875 739778 582348 326520 980765 693302 344556 271881 349548 298625 146078 469336 454907 878375 296663 363467 797167 157140 284137 668351 766714 875075 803448 300772 296580 775029 370520 320765 219578 361781 583551 210391 806540 1008302 834924 495172 738178 214098 526411 638405 599007 845195 456797 694824 574526 493241 558660 30556
491496 532471 321507 237068 935880 165892 468811 654661 268793 499241 871084 511127 732085 606006 879860 876805 847125 999999999 673854 392698 366398 438053 637949 672537 111939 918443 182760 1110368 910271 865605 596610 212875 535237 603181 798574 484951 465738 610408 93429 114866 711822 206538 943211 258166 178918 861303 412944 677813 777588 117438 113985 365165 182327 331115 961935 786624 674952 250827 519042 862817 498429 562558 897371 474388 743086 744154 705940 895760 342869 791423 586393 384616 190061 228597 622475 847922 554688 656059 637460 610016 934799 564774 733850 863358 511534 546539 304225 629571 391420 669643 322137 669364 1058792 37053 877853 377228 314650 507116 475914 877240
556489 527676 488321 437274 661868 777049 737394 150422 848471 881121 844959 690948 416972 488526 484588 422585 380418 673854 999999999 333696 610565 564505 110981 304513 667129 917939 615569 957021 639910 561495 902552 548897 450699 73632 533124 805624 722081 739165 625536 657512 486725 643801 487185 786412 623990 731896 280683 779867 287013 631747 689669 316266 590432 729587 886710 609405 1071907 444733 231978 603714 296093 225994 517472 533529 692977 1025861 532481 690444 786318 230538 388981 358934 683668 798725 917911 619822 259863 910492 554095 115581 589374 481918 793552 554997 871282 1036725 539422 666199 758134 404254 392888 807931 931951 688394 756664 383691 359490 586877 233125 396306
540839 545025 376591 180308 849031 534918 653264 389448 627512 759949 923606 644111 595571 563350 717351 680030 640206 392698 333696 999999999 509499 515274 352539 491281 429985 989726 415378 1105578 823262 754450 820889 364319 493028 261096 701897 705805 641469 726969 320986 343579 625316 452959 750966 584190 421400 852160 65447 786882 548580 319054 450161 84857 266250 579569 993014 740609 957435 141958 312580 777634 347060 353446 745464 514078 767719 966033 649761 845394 624075 525328 485103 28148 478548 578220 842868 779278 370952 855085 624087 325962 806278 533516 823789 749483 759973 872888 206418 690922 628637 549589 263294 799759 1066375 418302 875144 54667 154694 571199 101195 665134
144437 197501 135833 350420 601785 314932 143830 512226 320383 271333 504738 150937 453091 288499 596552 620205 603448 366398 610565 509499 999999999 89982 522151 445055 261951 553769 183641 746163 577975 550167 312948 176153 240406 564032 481946 201876 132066 248912 420360 461435 401453 165207 674610 246431 187744 502333 477893 316277 566485 448838 272471 430390 483521 136617 595701 444619 466149 419326 381867 533266 323107 403731 604538 139768 380378 456558 377979 548374 194885 613522 319959 522889 200371 285441 334008 511401 376182 346121 296302 503172 623231 250684 369558 549768 263863 430466 568272 264184 148878 392293 252715 314633 693626 342479 516910 535213 355260 149164 529103 633353
55773 107541 147109 376860 513627 402696 174014 451630 410177 324959 442651 132845 365738 198776 507650 533968 519191 438053 564505 515274 89982 999999999 467673 367270 340401 498658 257975 673090 489475 460255 338350 231386 156095 526448 392000 244224 158392 212196 480536 523524 311611 247051 586639 336295 263708 423385 473793 274750 488529 507958 353540 431767 533736 222206 528937 357507 508844 447166 332526 444280 268986 345986 514975 50601 305672 468676 288329 463292 278468 541070 238525 532718 285947 375347 354768 423376 315196 353397 208040 452112 533287 161789 319192 459816 311378 498246 604749 196996 220281 306174 252085 284648 622546 418089 439807 548778 361948 69775 517405 548713
454387 421935 409762 409240 560824 721396 641649 45060 783490 789558 734085 590057 310441 378390 393517 340907 299047 637949 110981 352539 522151 467673 999999999 196216 613842 807029 552729 851705 537842 460375 803538 485577 344192 124340 427120 711312 626060 633014 603769 640548 376842 576688 409911 717271 561433 622471 289508 671520 203977 614856 636238 308393 584158 648053 777000 500030 976516 434037 141326 499476 199760 122100 425325 432800 582007 922466 421830 584237 706157 172879 279002 380367 619057 734948 817678 513547 154723 807559 443632 28608 494836 373595 683601 454117 777948 952105 555922 557466 670981 293933 330816 700667 824795 646966 647236 406817 328437 483907 263013 320384
333677 286232 375396 479472 370009 712029 532566 154099 750556 687655 544776 464878 115032 214110 227346 205626 174617 672537 304513 491281 445055 367270 196216 999999999 616335 618039 539649 656033 345887 270660 677325 478410 213757 315878 231589 603802 516839 483369 665235 707463 183326 551658 274665 677979 548200 427506 426130 509490 121502 683502 636812 422989 671167 581414 582471 305040 858129 527408 181183 305252 175776 137936 254368 320426 398037 778067 232043 388324 639923 179115 130474 519008 596496 707107 686853 317673 126720 667041 271782 204915 315881 226295 511005 264893 671030 864986 675843 396076 587232 103923 352287 543767 628582 670661 452268 544898 407147 356698 422746 204853
395515 441008 245182 252732 848884 110311 357174 623159 197559 391837 764696 402305 661790 521396 810342 815853 789801 111939 667129 429985 261951 340401 613842 616335 999999999 809944 83694 1008113 823850 785084 486196 137940 455136 601175 717022 373498 354496 501313 191316 222913 631300 97546 879210 163082 77015 762717 433551 568474 728976 219381 22551 381457 275372 219624 856881 695683 574005 293537 482502 777160 449321 522131 824887 381434 641961 634526 619494 803049 235820 753211 516086 428987 78521 148704 511957 759506 508082 544556 545633 587459 856190 480214 625451 783466 402622 458212 389511 526120 280002 598550 283517 558679 955498 81917 778066 428171 315136 407653 496955 820311
457579 444944 644503 872234 376950 833653 463075 769161 790350 530641 73272 407642 517570 439811 547033 623015 643781 918443 917939 989726 553769 498658 807029 618039 809944 999999999 736412 253990 377359 434757 427334 725650 500873 913064 418196 481352 461320 308785 973551 1015075 435410 712683 620847 732034 739672 210789 937184 242267 690211 1001782 816340 904995 1031686 610901 102506 321443 553750 942102 721931 378263 664060 704612 523806 482907 227998 386852 386238 295068 633838 769072 536216 1011268 738139 780173 410070 345385 672250 357246 373760 807617 472736 461130 184595 440954 504810 681092 1101952 303703 559528 514960 736230 260272 197908 891808 190298 1030860 844677 431250 965421 657401
312691 357461 165064 235541 765203 173060 295143 557886 232904 358525 688359 329893 580367 437797 728816 736700 711931 182760 615569 415378 183641 257975 552729 539649 83694 736412 999999999 928396 740158 701679 440618 67207 372157 553645 633553 323970 289869 429185 242513 281305 547996 38562 799005 174455 8778 681096 406365 496721 654708 271437 100387 353649 315345 175818 779215 612220 551288 291972 416584 693468 377452 453501 742687 297998 561455 590399 535802 719867 211223 683444 435148 419876 68458 183243 465574 675865 436566 492289 462198 527604 772960 396648 551881 700128 364348 457514 416451 447052 233539 517097 223451 490487 876451 160247 696962 424255 280237 326082 467759 742483
621734 589720 807043 1020539 303383 1048719 684911 808179 1018391 774368 259598 615822 541290 545188 499199 577978 611751 1110368 957021 1105578 746163 673090 851705 656033 1008113 253990 928396 999999999 321275 399839 676234 903868 619354 971635 424591 716048 679675 524685 1152075 1195576 485748 911155 546993 954445 933209 256733 1045670 466128 686196 1178825 1018130 1024010 1197835 829011 163407 365478 807710 1087162 805130 353497 759747 775145 467409 642264 367435 640020 455941 267842 860742 762747 621387 1130467 943075 1001786 660718 338389 748033 608321 491332 860744 396420 579927 405060 406669 748197 932488 1249421 482051 784205 567806 876239 494902 57435 1088303 236270 1153325 976433 603549 1059954 613630
433900 383872 589076 770497 26324 892172 580192 493359 892428 716544 315217 497690 231930 304270 182263 261881 292503 910271 639910 823262 577975 489475 537842 345887 823850 377359 740158 321275 999999999 78864 652704 697520 376564 660469 121673 637282 568564 444764 931073 975334 204816 734740 246047 819967 747009 172416 759874 421360 364982 954739 839222 746948 959644 696888 299696 136716 825584 830763 512154 47962 478687 475849 153294 443801 257681 688861 204570 82357 744851 441526 345867 849932 775058 862037 648872 67717 453512 606921 281677 549795 95397 345499 381107 85605 692199 899079 989685 356915 671528 273812 626390 462885 306519 896468 188558 874644 712434 431163 764554 297765
406205 352727 544464 712181 100500 860434 571678 415696 869345 716114 367432 489271 159161 264625 112454 190328 217244 865605 561495 754450 550167 460255 460375 270660 785084 434757 701679 399839 78864 999999999 663287 654226 330794 583546 68444 633830 558687 451135 879997 924070 153994 699992 188723 795815 709021 224090 690325 439302 286370 902529 801802 680241 903226 676313 366546 141354 841360 769882 442073 56558 413635 403761 90323 411674 277860 715570 173100 146548 727681 363367 286969 781525 742013 835597 662528 90223 383541 624803 259029 473186 73257 305369 408150 6908 693007 900592 926725 357348 657350 208692 570086 480954 383026 854409 244804 806672 650246 409134 692017 225757
350496 391813 448655 654493 668355 465932 170256 783904 395125 112445 419996 214588 636543 468434 749559 800237 798238 596610 902552 820889 312948 338350 803538 677325 486196 427334 440618 676234 652704 663287 999999999 467478 468124 864401 606525 117375 184127 212605 675861 709107 555799 404452 834853 355604 439189 505813 790830 233787 792720 704480 482803 742998 754626 267643 513469 523940 182546 720399 670630 622287 606574 681440 743774 370840 395333 149784 508588 588474 257385 856396 548461 832849 407800 401152 26009 588980 649325 73280 428141 789356 731040 451033 285920 666157 90770 257908 856490 308267 207757 591227 565575 194128 618832 562259 505880 843422 667394 323123 841639 824181
282281 320413 109963 188903 723079 238148 308936 491213 299710 397067 672644 327035 525883 393301 674400 678187 651882 212875 548897 364319 176153 231386 485577 478410 137940 725650 67207 903868 697520 654226 467478 999999999 323445 487777 586781 350230 300508 424312 249249 292138 500251 96268 742017 238702 75874 651905 348711 491341 591588 276910 158528 296483 307645 215374 760160 573973 593768 253025 349923 650143 312735 387567 689983 263333 536675 616330 493112 683387 260780 618066 379870 372003 134790 250275 491244 635047 371746 511848 425205 460403 724239 352033 542646 652207 399040 512733 394134 427566 266689 462786 156379 490783 853784 200263 669422 379545 221019 301160 408519 682388
120125 78080 213800 403239 402541 535842 318896 319022 557722 473906 432439 253837 213839 75507 360147 379851 363484 535237 450699 493028 240406 156095 344192 213757 455136 500873 372157 619354 376564 330794 468124 323445 999999999 428313 263389 390177 303146 288838 554793 599073 176808 373592 435617 483770 379770 363015 437678 330278 334089 578879 472526 409238 587447 376409 500045 262686 647090 468447 229093 328747 166481 224736 371649 107322 275433 579468 174758 373020 433683 390992 83435 516259 417059 518701 479671 317141 190835 465326 131105 335118 401213 40488 350458 328851 457488 651743 630527 218316 376150 152092 258020 357255 576682 523615 384953 537729 357315 145078 464595 393210
525076 502554 436253 366186 683847 711414 696520 169384 786219 835361 840886 656487 430902 475805 517697 463014 420862 603181 73632 261096 564032 526448 124340 315878 601175 913064 553645 971635 660469 583546 864401 487777 428313 999999999 547434 762849 681609 712797 552785 584275 491090 583616 530858 726350 561880 736662 207077 758340 325617 558535 623648 243195 516805 676955 889904 614882 1029065 371398 199938 620959 264651 208693 549610 500553 685640 993232 532332 703804 732437 281856 377300 286864 622055 736155 881214 633260 241779 877603 542339 110963 619158 463145 777426 577385 827205 984804 467289 646535 709376 407498 333564 783531 942698 618902 761333 312053 289854 556367 161386 440414
338175 284459 477188 650471 147775 791991 507408 383732 801398 654192 346965 425425 116702 196230 145815 211340 226735 798574 533124 701897 481946 392000 427120 231589 717022 418196 633553 424591 121673 68444 606525 586781 263389 547434 999999999 571059 494038 393927 814887 859053 86884 631599 230602 727786 640850 211046 638739 388844 275466 837873 733609 625299 840536 608860 364080 100156 786541 709889 391486 75918 357014 356514 137256 343283 233556 668007 106103 157324 660784 354644 225055 728473 673578 767345 607382 86714 332926 572288 192846 436477 141287 237065 364463 67828 631655 838946 868349 298536 591231 152311 507108 429964 399094 786848 234825 753105 591178 341987 644954 243416
270127 319728 337306 537678 656444 365555 71322 695850 309933 84944 456662 146753 580314 406845 707268 748649 740990 484951 805624 705805 201876 244224 711312 603802 373498 481352 323970 716048 637282 633830 117375 350230 390177 762849 571059 999999999 87124 199518 561410 595944 507544 288409 791326 257474 322873 511855 677914 250306 723241 590186 371991 629171 638723 153877 553347 501921 266397 603220 574204 600567 511889 589949 706527 285210 389781 266906 466817 583973 156783 780963 473328 717057 295009 305258 141783 570375 559400 171109 380801 694835 705277 381391 311087 635562 67460 268889 739358 280367 93532 528053 453841 222359 659110 451698 517564 727083 553118 248752 730433 768828
183190 233713 266265 481282 589256 372683 15824 609625 339874 170954 424507 71020 496291 322530 626743 665192 656201 465738 722081 641469 132066 158392 626060 516839 354496 461320 289869 679675 568564 558687 184127 300508 303146 681609 494038 87124 999999999 155515 532378 570594 426372 259853 710040 274791 291082 457332 608654 219407 636519 561305 358277 561864 602870 150261 520337 431964 350466 549484 490220 529252 427150 504366 627768 198128 332298 324793 388515 521759 183221 693855 386377 654954 279331 322299 203567 500973 473405 214147 301705 610282 631105 295425 279479 559925 154566 352123 694631 215456 106515 442659 382960 204814 624031 436085 466398 667149 487087 163026 658277 684396
191248 211491 357445 586828 462215 527631 160226 606637 493787 273436 269026 99319 429539 269444 537303 589991 590332 610408 739165 726969 248912 212196 633014 483369 501313 308785 429185 524685 444764 451135 212605 424312 288838 712797 393927 199518 155515 999999999 668965 709533 346001 404225 622632 430140 432025 312366 683505 67552 592975 697543 507555 643044 731957 305680 364836 312914 393256 657071 512972 411791 448145 513203 531173 217707 191466 294698 297150 386554 336212 661428 360466 744795 429424 477765 214320 379423 479425 185389 220252 623622 519753 261716 124855 453860 248401 454448 811925 96111 259554 389639 464067 73099 468779 583212 318228 760975 574066 159484 723802 615260
530411 564829 347046 194735 957154 259301 537422 626147 362165 583139 921683 570102 737342 628808 882353 870857 838090 93429 625536 320986 420360 480536 603769 665235 191316 973551 242513 1152075 931073 879997 675861 249249 554793 552785 814887 561410 532378 668965 999999999 44284 728190 274327 939513 348110 241515 898627 351955 736456 761538 28948 199749 309713 88900 408277 1009401 814233 763730 183875 498468 883158 489511 543902 902738 510026 785322 824825 729120 924600 427112 766115 594571 308621 268647 321150 701440 871740 541650 731760 668202 575240 946377 588418 789734 877071 593572 639052 211119 676795 468467 676797 314666 732171 1102543 129806 916867 297462 275429 550288 412417 867468
573848 608792 391127 233185 1001419 276599 575014 664363 379131 613447 963975 610442 780892 673090 925547 913030 879836 114866 657512 343579 461435 523524 640548 707463 222913 1015075 281305 1195576 975334 924070 709107 292138 599073 584275 859053 595944 570594 709533 44284 999999999 772378 311199 981940 372903 279575 942426 380353 777075 802178 25828 228006 341280 86124 442201 1052194 858470 789744 212948 538884 927415 531876 584533 946196 553721 828636 857351 773403 968820 457046 804773 638445 328281 301341 341720 734859 916024 583268 766816 712300 611956 990282 632688 830990 921114 625128 659013 206590 719422 502578 720539 357838 771759 1145822 151602 960541 314104 313169 593298 438819 909065
259698 204773 390538 565691 231138 708403 440646 336525 721785 592036 362148 360792 88322 113054 200440 244439 244961 711822 486725 625316 401453 311611 376842 183326 631300 435410 547996 485748 204816 153994 555799 500251 176808 491090 86884 507544 426372 346001 728190 772378 999999999 547215 283834 647875 555418 245856 563448 354874 263009 751325 648222 546585 754964 531705 400160 123792 738023 626342 319662 157047 278380 289734 204041 261793 220991 633584 53678 220648 585451 339563 142075 651289 589730 686127 559844 154092 262298 530244 128122 381462 225012 152671 343804 152179 570956 776431 785918 250428 518645 83593 421625 393686 452931 700418 270595 675328 508644 267820 574593 269295
302718 350871 176821 273478 759341 162562 263849 579377 206837 320417 667150 305070 585110 435371 732964 744935 721958 206538 643801 452959 165207 247051 576688 551658 97546 712683 38562 911155 734740 699992 404452 96268 373592 583616 631599 288409 259853 404225 274327 311199 547215 999999999 805486 142755 35104 667191 442218 471523 668863 303253 107309 389615 350325 138227 759414 604276 512765 330514 438421 688704 395191 473237 745237 290943 545581 554152 531333 710321 172711 701382 441486 457931 44837 158978 429627 669392 454162 457882 454395 552340 772060 394727 528135 698813 326787 420182 453776 429103 196852 522000 250921 462886 858308 179196 682038 462613 315297 312642 503024 752494
538484 483401 634257 753994 253495 967990 724411 367078 993314 875717 555137 644575 221791 390628 85335 71072 111268 943211 487185 750966 674610 586639 409911 274665 879210 620847 799005 546993 246047 188723 834853 742017 435617 530858 230602 791326 710040 622632 939513 981940 283834 805486 999999999 919335 807204 411205 685642 619438 205935 958080 898535 690039 945357 808824 545730 325530 1015834 800233 451533 243985 450064 405970 98421 536038 462173 898396 326778 326903 864396 258290 364123 779101 849791 954081 836736 278762 400563 802642 410950 431968 153989 424975 593257 183321 854368 1060214 944285 526646 800210 284079 625629 660562 543510 938877 430581 805543 680591 549969 669928 90912
389621 443617 310664 404041 842940 110366 270356 717883 74045 249186 698836 340290 697546 534929 842381 862818 843437 258166 786412 584190 246431 336295 717271 677979 163082 732034 174455 954445 819967 795815 355604 238702 483770 726350 727786 257474 274791 430140 348110 372903 647875 142755 919335 999999999 166890 726968 579527 492297 797710 374509 149408 526765 435198 126451 794934 684565 416856 452572 577733 776477 530802 610426 850894 386179 601730 497210 623055 783617 100736 835475 559484 585928 106841 48185 381508 752658 589124 422568 539378 693489 868996 496853 553113 795608 265818 295164 551881 482632 172506 635732 393591 471965 898817 221302 737893 587238 454326 388904 641489 873731
318656 364006 173439 241333 771994 164357 295910 566652 224514 355470 692243 332706 588387 444975 736802 745031 720382 178918 623990 421400 187744 263708 561433 548200 77015 739672 8778 933209 747009 709021 439189 75874 379770 561880 640850 322873 291082 432025 241515 279575 555418 35104 807204 166890 999999999 686534 413310 499524 663370 270462 92806 360568 315929 173314 783446 618668 547378 296628 425350 700403 386203 462278 750515 304419 566477 588932 542741 726082 206707 692210 443277 425462 60455 174759 464282 682551 445318 491826 468617 536276 780409 403870 555094 707515 361884 451547 418682 451597 231733 525118 232022 492588 881065 155115 702208 429413 287517 331444 474901 750936
369973 334338 552284 763819 178087 813259 465891 581494 795568 583995 144042 387966 318789 289534 336266 412364 434192 861303 731896 852160 502333 423385 622471 427506 762717 210789 681096 256733 172416 224090 505813 651905 363015 736662 211046 511855 457332 312366 898627 942426 245856 667191 411205 726968 686534 999999999 793578 272395 486197 924933 774483 769700 942054 600563 155152 122491 669951 830456 558448 167702 508764 532813 313571 388803 125324 524132 206489 92010 640333 565394 371422 876503 702267 772635 498120 134612 503287 451922 234620 627290 266922 323362 222138 230226 558342 760420 992724 244341 563824 329344 619522 311748 214244 841326 24769 898866 720308 355100 811681 446934
494492 494028 342425 181610 785530 542116 621351 325222 629084 737355 869824 605079 531289 506008 651987 614683 574959 412944 280683 65447 477893 473793 289508 426130 433551 937184 406365 1045670 759874 690325 790830 348711 437678 207077 638739 677914 608654 683505 351955 380353 563448 442218 685642 579527 413310 793578 999999999 741253 483651 354866 454991 52763 310051 560832 936625 680290 935375 168159 248254 714582 285998 288410 680206 467631 713088 933236 589746 783916 609200 462374 424382 93517 472722 578977 811769 717136 306810 820460 568229 262395 741396 478058 775259 685274 735242 861406 266595 641555 605952 486526 225747 756581 1007576 434198 816874 119906 127915 525561 63682 600058
246762 256436 421367 651156 435833 592069 222094 642011 553601 314865 207454 166832 442071 297026 534567 594022 599144 677813 779867 786882 316277 274750 671520 509490 568474 242267 496721 466128 421360 439302 233787 491341 330278 758340 388844 250306 219407 67552 736456 777075 354874 471523 619438 492297 499524 272395 741253 999999999 612264 765014 574367 702484 798953 369459 304121 298017 404329 721465 558612 394129 494629 554394 524341 273623 163905 279876 302486 354896 396033 684378 393915 805559 496002 540247 227880 359692 520420 186050 238255 664439 503717 298008 61206 442940 288808 488229 877447 114418 320241 410339 525009 41747 409429 650387 273854 822499 635172 215830 779002 621967
453396 404122 492062 569854 384383 827678 652171 161408 869842 807466 617676 582303 175281 324855 198328 137400 95264 777588 287013 548580 566485 488529 203977 121502 728976 690211 654708 686196 364982 286370 792720 591588 334089 325617 275466 723241 636519 592975 761538 802178 263009 668863 205935 797710 663370 486197 483651 612264 999999999 777349 750030 492491 757493 702762 639516 368800 974467 609125 263329 335720 280422 217660 231514 441199 483737 886702 316577 427009 761327 79198 250668 576717 713645 825606 800924 358998 222964 778091 374875 226361 304418 342993 606062 279531 790248 985800 746145 501632 708621 203353 455462 648934 668044 778702 510182 603247 492389 475055 464786 117001
557345 590860 372873 207948 980878 282760 566369 638876 385697 611191 949531 598749 758261 653260 902419 888993 855532 117438 631747 319054 448838 507958 614856 683502 219381 1001782 271437 1178825 954739 902529 704480 276910 578879 558535 837873 590186 561305 697543 28948 25828 751325 303253 958080 374509 270462 924933 354866 765014 777349 999999999 226956 315500 68511 436947 1036892 839179 790714 187270 514024 906793 508071 559744 923400 536603 812343 853345 753454 949630 455023 779357 616443 304419 297045 346033 730086 895995 558953 760603 693822 586261 968273 613095 818086 899476 621887 663976 191498 704454 497177 698245 334910 760948 1129568 154419 943388 291031 287699 577667 413646 884673
409005 455752 264279 273846 864092 87976 359977 645315 178049 385464 772666 409034 680453 537660 828954 835605 809985 113985 689669 450161 272471 353540 636238 636812 22551 816340 100387 1018130 839222 801802 482803 158528 472526 623648 733609 371991 358277 507555 199749 228006 648222 107309 898535 149408 92806 774483 454991 574367 750030 226956 999999999 403040 286007 218510 865575 710031 563984 312587 504555 792764 470672 543943 843023 395961 652847 630177 635130 816753 229059 774967 534995 448478 79006 130242 508698 774451 529521 543043 559991 609899 873215 496595 632114 800312 397553 443594 402609 536113 278542 617186 305792 563005 965052 79708 789342 446939 337300 419796 518474 840514
456224 460220 295814 130638 772941 490401 574167 339298 576583 686991 839088 561595 522344 480415 650312 618988 580687 365165 316266 84857 430390 431767 308393 422989 381457 904995 353649 1024010 746948 680241 742998 296483 409238 243195 625299 629171 561864 643044 309713 341280 546585 389615 690039 526765 360568 769700 52763 702484 492491 315500 403040 999999999 277366 509416 909276 659739 884972 128843 241879 700665 268494 285676 677035 429435 683456 886655 568724 765743 557156 479461 405260 107024 419959 526436 764379 700673 298720 774695 540343 280109 735020 449710 739000 675561 685491 809045 254266 606075 555506 473235 180516 715943 983941 384828 792458 129326 76560 486713 115548 607232
579730 608116 391638 192416 985938 348199 609294 611919 451049 665601 976301 634455 753886 662803 894580 875234 839875 182327 590432 266250 483521 533736 584158 671167 275372 1031686 315345 1197835 959644 903226 754626 307645 587447 516805 840536 638723 602870 731957 88900 86124 754964 350325 945357 435198 315929 942054 310051 798953 757493 68511 286007 277366 999999999 487338 1060859 849942 849329 150173 495491 911736 498187 541497 917444 557140 833904 904200 761926 960396 510493 752844 616283 248258 350520 409652 779893 903534 544807 807626 708400 555631 966427 623885 849606 899711 674686 727382 123118 730627 546879 696023 333429 798014 1150320 218624 961622 231840 265428 602637 364856 868219
272010 327049 241314 403593 719377 222752 147875 641824 196212 183205 574705 213990 587895 419767 729416 755800 739778 331115 729587 579569 136617 222206 648053 581414 219624 610901 175818 829011 696888 676313 267643 215374 376409 676955 608860 153877 150261 305680 408277 442201 531705 138227 808824 126451 173314 600563 560832 369459 702762 436947 218510 509416 487338 999999999 670376 560835 378582 464806 506741 654283 451864 532941 735681 272800 475304 416953 503213 658264 58935 748194 456538 587311 141132 172961 293170 629338 507331 324963 418039 627095 749567 383879 429719 676499 188580 307856 591996 356245 60387 527854 347714 352300 773678 298161 611444 594249 433033 267318 618410 769593
481130 457084 669417 891106 294298 891634 524709 736355 857513 610961 96729 458916 473836 430768 478289 556860 582348 961935 886710 993014 595701 528937 777000 582471 856881 102506 779215 163407 299696 366546 513469 760160 500045 889904 364080 553347 520337 364836 1009401 1052194 400160 759414 545730 794934 783446 155152 936625 304121 639516 1036892 865575 909276 1060859 670376 999999999 277454 650579 959679 707631 310715 654790 684392 451759 504059 228521 486226 357777 220426 699861 718666 519746 1016292 789117 842599 498585 282128 653916 446522 368946 781131 393308 459567 242917 373209 584790 770365 1121502 332914 623668 483339 749770 331718 106059 937989 130482 1037574 854848 459268 958547 592291
301736 254834 468066 665554 158548 759491 443743 459005 756668 582263 249158 361161 197698 187203 242645 311296 326520 786624 609405 740609 444619 357507 500030 305040 695683 321443 612220 365478 136716 141354 523940 573973 262686 614882 100156 501921 431964 312914 814233 858470 123792 604276 325530 684565 618668 122491 680290 298017 368800 839179 710031 659739 849942 560835 277454 999999999 700788 729736 440428 99034 394314 412605 228286 314249 136948 574476 91050 110531 608275 447743 255932 765805 643417 727258 522270 69030 384084 483704 150060 505181 207101 226319 267852 145217 558350 765765 891296 221934 534818 207385 520220 339701 330098 770564 147260 789039 615511 296442 694926 343571
