NAME : synthetic_000223
TYPE : CTSP-D
DIMENSION : 100
GROUPS : 8
RELAXATION_LEVEL : 1
EDGE_WEIGHT_TYPE : EXPLICIT
EDGE_WEIGHT_FORMAT : FULL_MATRIX
EDGE_WEIGHT_SECTION
999999999 960285 877140 111700 248523 365455 800959 629561 608464 1037291 240902 484893 707698 571726 117320 704231 1051306 974277 600860 940406 789258 616386 282723 374665 632129 958839 958843 892254 685814 60736 978568 683798 751829 1006663 558500 538070 908254 330962 1101402 290302 773929 195233 922482 737440 493103 203690 1023196 957614 831742 642631 393138 477682 25168 743414 136821 446034 1087087 961939 812002 1133482 188797 737108 531723 761701 804743 691057 129068 654933 900113 699548 807496 869258 903098 432163 871981 492175 923597 572813 1004156 844991 1042806 790838 635081 900990 1183106 1011937 695695 325640 512372 490707 1121035 352572 919063 255947 773431 899956 703329 742429 638299 674567
960285 999999999 888233 889248 802574 596433 285125 340181 469170 275411 734640 476248 515948 392779 922191 862901 293619 29927 692526 213374 195858 369998 822083 716749 397187 556384 370671 547163 846920 1013842 217796 439797 433209 196279 832265 422279 283792 651576 239183 751726 285140 802858 609644 325438 583180 842905 82100 163689 311474 466663 839018 765968 946560 792902 850698 687401 431110 74197 286205 286382 836350 267400 634810 825783 232370 603335 887825 373211 452850 902271 497948 111605 743376 543345 841906 773996 83501 700309 372989 263379 228360 505910 770809 271662 373759 491984 458125 637353 862837 621959 322621 788149 501681 757539 310195 214146 792459 264368 365119 582997
877140 888233 999999999 913338 637433 721434 1001208 820074 506464 707905 708996 761040 1120034 791252 761917 176361 704404 917979 313652 694612 725923 646326 595721 1000066 577234 1314225 1180294 360578 192484 930909 712597 1034110 1087982 752668 319653 738263 1084487 660781 812720 948918 615626 704948 313921 975907 983400 957605 967780 1020130 576767 1019737 484860 404273 851978 144827 892133 1040452 613540 826672 603852 805869 694513 906053 1071149 118006 952973 316166 929632 587534 1206977 195573 1179991 894967 168055 657000 48408 388159 930568 334740 591665 624857 756357 382564 248882 626277 782772 488611 1061581 788409 371073 1021129 753090 528355 1253386 654008 587278 679161 179719 662918 620268 1146915
111700 889248 913338 999999999 276877 309677 709169 551660 582374 991791 219920 414317 601252 496605 193812 746387 1007094 900763 618298 891123 729516 565308 323130 264355 592490 850983 859479 883647 726453 138738 929099 583086 649663 953983 601722 471492 814216 301488 1047661 181459 728689 208392 920684 645063 388796 92111 947269 872435 793189 541349 441154 509072 120376 773549 38619 335475 1056306 898008 769283 1082740 223449 652508 422011 795728 718185 693446 19975 613179 796030 747718 701221 792472 919183 387170 902468 525345 845814 591583 970937 800478 991866 778529 665574 858421 1138704 992067 593129 253666 562680 382881 1075632 386108 812914 261927 732141 850665 735007 689884 591362 565357
248523 802574 637433 276877 999999999 238654 710553 508923 387290 829757 113655 364059 692229 449887 147944 469511 841667 821993 352438 740786 613955 434745 51940 430838 429169 940549 891090 649479 449616 307449 778322 638294 708438 811047 325020 398723 820549 158856 905608 355887 573031 70316 676414 653328 487177 332902 875307 837692 618938 603462 168231 233530 223936 499513 259534 492885 860382 788566 605817 932245 59726 627013 558288 520251 696431 444589 294060 454040 858948 471530 784590 729382 654849 262407 628550 249307 784019 324484 781163 640505 843541 551339 391068 692073 971779 775875 658433 255204 288491 506700 911974 109301 889879 52988 566411 701437 460221 555527 447323 683206
365455 596433 721434 309677 238654 999999999 473295 277279 289468 682118 142971 128964 464089 217537 330199 583932 697475 611803 407876 581644 424240 255722 278361 280545 285821 707230 652493 603491 562049 421379 619675 402867 472403 645354 462620 174900 583467 85939 739505 244730 419176 214905 649784 415062 276686 295530 662305 609507 485365 370365 358076 357091 350556 576908 272031 319455 751140 596487 460162 773685 253031 393387 360117 606948 462991 441303 313997 305147 621958 602011 552095 510331 681039 83103 697229 374141 565204 388547 664802 490970 682786 496330 481594 549152 829042 696122 424532 73345 452021 307886 765956 285786 654672 185939 423557 541158 545963 380828 281857 465495
800959 285125 1001208 709169 710553 473295 999999999 208726 503443 537612 614054 346566 231460 263702 795646 926018 557055 275545 735678 447085 300648 362697 745620 486929 427137 319151 188842 715068 906181 845368 468560 163798 148114 461885 851252 320688 110187 552284 522007 543288 406807 686296 779478 64223 343325 642723 296490 179268 475016 199009 801749 760261 793466 877716 672852 440996 682196 343649 437003 569022 725439 97045 372594 912244 59312 686718 702347 414259 209026 958576 220143 179865 886992 459097 960667 773436 204648 732258 607633 436405 500069 637860 821317 477216 654540 709970 177179 482754 863926 373340 598975 735824 258082 658469 434946 425135 864011 347585 383596 299780
629561 340181 820074 551660 508923 277279 208726 999999999 313789 503776 420250 148500 308079 59745 606921 729208 522399 349701 537466 398982 218609 174444 540946 384192 244916 498091 396923 575837 708662 680288 432476 217724 267909 444542 645989 112567 316019 350089 529868 412251 284771 492099 637225 163360 264892 502731 395616 332321 363939 213238 593175 552733 618222 688733 513331 367129 618509 360523 326267 571909 529719 118425 337196 723007 187566 504128 549182 240044 395220 759489 359936 240848 723875 251879 783004 566328 294550 531319 533245 341954 485441 482734 623067 397754 644543 609665 245494 303924 656383 308437 581860 527877 438373 458038 306791 363404 670919 221743 203945 350483
608464 469170 506464 582374 387290 289468 503443 313789 999999999 443632 369471 272401 615065 286442 530825 423217 454899 494838 235387 360122 274521 141527 388751 555692 78467 810178 688973 315183 403844 668941 396483 528005 581638 432051 366195 237285 596702 281721 524920 532687 197726 416936 365160 472105 500685 582822 550101 558880 232289 515424 377685 297249 587490 375805 547677 577140 478629 434461 223309 548114 437705 406588 588261 410236 461179 191173 590724 98390 704647 457258 673599 432847 421590 206571 470332 304855 480424 236969 396360 258407 461391 208283 320069 306338 584556 409968 555577 362183 393836 542675 525156 338427 749770 358207 184528 322719 360596 204956 121077 646327
1037291 275411 707905 991791 829757 682118 537612 503776 443632 999999999 796710 593588 757330 534732 970314 732960 19517 300260 603742 105274 285330 426752 832303 881121 405571 829760 645882 347343 722321 1096380 72012 671092 681896 79153 748953 534280 556832 706625 104874 892697 263693 853033 398466 560656 768668 968616 327498 438990 211378 687801 809787 715097 1018459 648469 954093 870445 157010 202577 225577 108693 877612 486238 838021 676373 478977 488481 995767 382387 723926 775432 757456 359619 545054 606795 659510 717003 355086 621655 120665 192310 54917 358428 663439 137702 146989 242399 694229 743197 793754 812101 83897 779455 773515 796821 264634 143834 661373 304828 400698 818556
240902 734640 708996 219920 113655 142971 614054 420250 369471 796710 999999999 271876 580823 360508 188103 550548 810567 751292 404445 700725 555308 378975 163498 321022 391327 830631 789919 664473 529446 300718 738862 530542 600945 767910 411804 316133 724205 90108 862822 251101 533654 72281 700787 554391 373844 248903 802689 752462 590851 494347 270499 309911 221761 565995 190358 380825 847585 729723 571284 893870 111599 536077 444715 591034 605645 473850 232040 414329 752081 558889 674554 651889 702405 194662 693729 327276 706815 378965 763999 604466 803398 560034 460192 660190 942327 776743 549538 143375 384553 393061 880385 200820 781241 65946 532619 660368 529290 504682 398980 569998
484893 476248 761040 414317 364059 128964 346566 148500 272401 593588 271876 999999999 370523 88843 458437 645019 610542 489485 456320 489420 318445 177851 399523 297992 234012 600030 529170 579394 623452 537677 526437 296173 362448 547112 541714 59456 456499 205743 638893 299246 339840 343869 633987 290585 228347 377622 538364 480820 414959 270775 464206 440723 472315 620644 375698 308290 683101 483915 383357 676654 381863 264518 316133 653437 334132 455734 414315 244583 507646 669699 448441 384822 692493 121794 730076 456235 439434 443505 595640 409400 586492 475171 538611 468687 739802 647405 320978 161218 542360 270324 676200 394970 544317 312207 351793 449842 595801 289118 211386 387876
707698 515948 1120034 601252 692229 464089 231460 308079 615065 757330 580823 370523 999999999 328876 735972 1013994 776841 507005 823591 660246 492875 480509 737614 341928 551241 252841 285110 882498 992599 739363 686258 91785 86479 684689 911846 382508 284805 549901 750703 420082 582724 647486 944549 196700 215885 517826 525831 400108 659477 100714 821986 809684 707264 983762 571050 276492 893670 570938 620708 797408 687694 272592 189567 1017391 284353 806181 588950 547894 199318 1039767 99974 407806 1031068 490504 1085207 825606 436105 812527 813638 629096 724213 790782 907281 678405 881425 904186 65012 437496 909838 219019 823862 749858 211668 639906 607625 632488 961779 518874 511477 70226
571726 392779 791252 496605 449887 217537 263702 59745 286442 534732 360508 88843 328876 999999999 547275 690738 552700 404288 499092 429470 251174 157532 482859 346457 226826 538315 450031 570149 669744 623316 464883 243645 302690 481070 600098 59164 372576 291034 569833 365336 297004 432356 629236 212514 242430 452045 451853 392019 375936 228989 538927 503855 559865 655987 458100 339165 638851 406700 340341 610040 470020 177135 323196 689867 246625 477417 495049 228151 439508 719098 393218 297571 705249 195431 756357 518146 351874 490555 552104 361054 521485 471649 584038 419208 678600 618414 270818 246372 607197 286931 615266 472267 480036 398741 314967 391653 635503 237944 191229 361108
117320 922191 761917 193812 147944 330199 795646 606921 530825 970314 188103 458437 735972 547275 999999999 588137 982978 939189 493894 878155 740341 562180 171789 425811 566038 988764 965952 797183 570062 169030 916065 697960 768036 947113 442630 504179 905370 271820 1042036 340734 710119 119906 822960 734317 520767 277914 990740 939226 760696 658950 277165 366054 92780 630247 197840 495896 1006681 915214 745126 1070790 93122 721385 575159 647314 790740 591188 213783 590271 919095 582590 833798 839955 794523 379880 758265 379688 894877 465544 926454 779328 981117 699279 522354 832721 1113901 923674 713857 313670 395476 528228 1053238 242480 943707 173493 705844 838222 589851 686618 579190 713071
704231 862901 176361 746387 469511 583932 926018 729208 423217 732960 550548 645019 1013994 690738 588137 999999999 734176 891433 191835 694306 680532 563321 425081 855512 501021 1227105 1112161 403501 21886 756861 720077 933402 993281 761047 145814 633545 1019789 513878 835874 797331 578222 538610 381860 891306 856314 796661 944859 974696 561582 913396 311105 240704 679121 90668 727620 902194 672905 811180 579124 838997 524810 828999 942329 79056 884381 259714 763443 517588 1124052 42668 1083939 847597 270810 530503 184883 223471 890533 201552 629110 607317 774012 376115 106787 625324 834279 550804 959995 645400 194939 890696 793236 360325 1167574 491515 552707 669799 72028 611903 544178 1032384
1051306 293619 704404 1007094 841667 697475 557055 522399 454899 19517 810567 610542 776841 552700 982978 734176 999999999 318036 609100 123519 303848 442460 843231 898992 419249 848527 664237 344250 724051 1110567 91283 690564 701402 97651 753924 551313 575576 720460 109651 909743 278503 866112 393264 580169 787284 984950 343861 457043 222739 707167 818341 722602 1032255 648788 969502 888885 140660 221183 239305 104865 890147 505706 856986 676081 498447 492647 1011303 396420 742895 776739 776865 378934 540352 621494 655996 724068 373771 627675 113700 206805 69145 361213 666929 150482 131865 232719 713725 759201 799600 830785 70310 789440 792435 809504 278009 161268 662839 321529 415768 838028
974277 29927 917979 900763 821993 611803 275545 349701 494838 300260 751292 489485 507005 404288 939189 891433 318036 999999999 719887 242362 220569 391454 842794 721176 421761 535292 347729 577046 875294 1027046 245157 434143 422896 221427 858919 437055 263933 669497 256437 759239 313343 820234 639468 320488 585289 851874 55320 139516 341247 463077 862525 791114 961135 821988 862304 689099 456713 101917 315564 303403 854368 268214 633346 854956 226214 631991 898722 398138 433585 930630 483627 112337 773303 561505 871701 799460 70929 727182 400737 293150 251386 535590 798700 301420 391623 520443 451062 650109 888667 622939 343026 810452 481794 776160 338818 243993 821152 289882 388378 575063
600860 692526 313652 618298 352438 407876 735678 537466 235387 603742 404445 456320 823591 499092 493894 191835 609100 719887 999999999 545824 502935 373268 322324 686508 313844 1035286 922677 327733 171197 659214 576626 742077 801529 616630 145694 442216 831386 348584 700787 637194 408492 413206 338567 699799 673280 652808 774524 792984 408702 722899 241465 136247 576127 169032 592920 727117 580280 647920 417991 712408 412133 638636 760478 199600 695589 120857 632860 332467 932459 222898 892309 666334 302531 346020 291974 129401 712057 28426 517714 449941 636634 254562 85723 479846 724947 472136 768806 474876 191135 709759 674873 251813 975804 356488 386075 515500 139918 433126 356245 844195
940406 213374 694612 891123 740786 581644 447085 398982 360122 105274 700725 489420 660246 429470 878155 694306 123519 242362 545824 999999999 180384 325937 747225 775880 312222 750538 573098 341535 681140 998889 38163 572324 587750 72300 691292 430015 479720 610939 165105 788269 168060 759631 401723 464262 663842 865464 283450 372722 137219 586956 734951 645677 922308 615570 853169 765367 235158 141175 136826 193144 786133 387816 734161 646289 387810 438688 894478 287885 642246 735859 667060 274870 541146 508502 646972 649619 282447 560259 163817 101741 102961 320386 614028 69324 250403 279197 596334 640930 731515 707407 186803 698547 692353 705013 175740 40518 622319 201741 302121 719600
789258 195858 725923 729516 613955 424240 300648 218609 274521 285330 555308 318445 492875 251174 740341 680532 303848 220569 502935 180384 999999999 179251 630291 597357 201360 618626 461411 416442 663244 845615 214433 402397 427725 230104 639712 259407 364306 468537 320578 614254 111409 620435 481090 301978 483459 696018 275886 295722 174375 412604 643337 570546 773333 617149 691035 585122 404372 174986 136582 359414 651650 222821 554469 651070 243717 423900 730952 177576 508208 718298 513630 169302 596967 360846 682069 578933 210017 508638 321738 137413 270360 348200 583920 185821 427694 413130 427985 476174 668322 527045 364534 593626 557916 571412 140261 145332 611964 69961 170146 548060
616386 369998 646326 565308 434745 255722 362697 174444 141527 426752 378975 177851 480509 157532 562180 563321 442460 391454 373268 325937 179251 999999999 452224 475800 70742 668858 549415 413083 543511 674165 363992 391376 442039 390497 494743 124127 458723 290770 485092 473321 165483 442330 471752 330646 393004 543434 446053 432917 237856 382701 473825 412212 599223 517285 527468 482293 506326 354098 208117 518252 472776 265683 477255 551734 322775 330179 569033 70937 563124 596118 534116 311161 550571 184539 608743 423180 363135 371160 418915 236873 427370 314146 458798 295822 573738 470461 419126 316959 514320 437089 510502 419271 608358 392323 174625 285442 501854 126043 34593 517374
282723 822083 595721 323130 51940 278361 745620 540946 388751 832303 163498 399523 737614 482859 171789 425081 843231 842794 322324 747225 630291 452224 999999999 482448 438635 984275 928499 631589 405798 339079 784211 680732 750529 818460 279565 429139 855162 194348 912329 407823 580784 120772 654141 690042 535223 383187 896841 865995 620925 647011 118394 195059 257600 460715 308297 543922 853405 803666 610931 936741 99972 659369 607964 479522 728346 423021 341023 463829 900312 424739 828586 754122 622754 290205 589380 209456 808324 293936 776685 645943 849340 537394 352358 695089 971899 763266 701690 302278 239711 556109 913379 70692 932573 98953 571666 708663 420709 568834 461175 730850
374665 716749 1000066 264355 430838 280545 486929 384192 555692 881121 321022 297992 341928 346457 425811 855512 898992 721176 686508 775880 597357 475800 482448 999999999 529796 588228 613626 869927 833779 400204 811330 339485 400167 826720 724478 353665 582562 341682 913736 85713 635665 368258 920788 423987 143920 176838 759609 662706 712136 297615 591367 619285 378395 855270 239038 71454 979543 744013 679373 955110 404191 454538 157862 884356 510615 720554 250073 542056 540128 869283 441501 608847 960676 355439 977157 636846 656985 665701 892156 703485 867345 763627 756585 762466 1024987 945049 343825 211660 702861 123726 961695 520681 552887 386933 649142 737806 822821 580973 509361 301463
632129 397187 577234 592490 429169 285821 427137 244916 78467 405571 391327 234012 551241 226826 566038 501021 419249 421761 313844 312222 201360 70742 438635 529796 999999999 737092 611588 347036 481862 691556 350058 462087 512093 381949 443359 186969 518773 301220 476649 518724 144167 447897 404074 398724 457030 580613 477075 480930 200843 453280 442761 369617 613007 450635 555802 542135 465320 368438 180018 504758 473915 330665 542708 485158 383508 261169 598379 25233 630414 535494 604167 355317 479861 205375 538968 378547 403826 315127 379063 213617 415167 245595 398397 268866 551000 416252 489841 354051 468652 500592 489135 396111 676351 392804 141303 272513 437322 133794 43540 587524
958839 556384 1314225 850983 940549 707230 319151 498091 810178 829760 830631 600030 252841 538315 988764 1227105 848527 535292 1035286 750538 618626 668858 984275 588228 737092 999999999 191014 1034086 1206434 988182 765927 305009 237628 750890 1137829 597000 272958 793022 790870 669532 725895 898543 1098547 338375 468613 765066 527609 397063 792819 337267 1062136 1039460 959182 1185939 822026 519132 982274 627393 755205 837384 938856 409882 430864 1220327 374909 998259 837766 727039 110417 1256696 156077 475779 1205096 721788 1275111 1054421 474793 1028183 914089 752511 784641 956406 1120760 789089 925962 1022563 282710 687356 1141893 468244 878275 991159 61216 887805 754085 734187 1168927 666618 693962 287584
958843 370671 1180294 859479 891090 652493 188842 396923 688973 645882 789919 529170 285110 450031 965952 1112161 664237 347729 922677 573098 461411 549415 928499 613626 611588 191014 999999999 876415 1092618 997981 584941 276632 213604 566734 1039941 508026 97133 734271 601688 683319 572428 861614 941063 238642 473486 783638 336966 208341 631676 318635 988944 949064 954186 1060880 825496 554306 800598 443448 595941 647888 901470 285029 471018 1095387 228287 868366 849935 596854 108977 1145491 204339 302691 1057915 645185 1138284 962273 291824 920051 736786 587986 598752 808562 1008157 618016 736514 849955 269801 652622 1052733 490628 690406 922035 146169 838432 601265 561188 1048882 518768 568203 349584
892254 547163 360578 883647 649479 603491 715068 575837 315183 347343 664473 579394 882498 570149 797183 403501 344250 577046 327733 341535 416442 413083 631589 869927 347036 1034086 876415 999999999 397200 952763 355261 790970 830167 394452 457243 533981 779340 583528 452183 847571 308293 697101 64675 706750 804065 893446 622754 694095 245006 789061 567268 462100 869006 314065 851367 887508 269413 479710 280556 446843 707428 629006 889594 337759 659526 210840 894164 342170 923744 445961 920149 576190 200299 521127 312194 456867 601964 353785 232568 290511 396061 107162 358080 276347 432494 149156 818456 676614 511318 847575 396201 564540 973113 636419 280430 333104 335569 369244 378980 926029
685814 846920 192484 726453 449616 562049 906181 708662 403844 722321 529446 623452 992599 669744 570062 21886 724051 875294 171197 681140 663244 543511 405798 833779 481862 1206434 1092618 397200 999999999 738949 707615 912240 972352 748544 127440 612416 1000538 492126 824710 775863 561961 518471 378931 870951 834458 775912 928948 956878 547500 892025 292897 219760 660677 89543 707289 880343 666473 796201 564032 828915 505348 809144 920453 86390 865005 244505 743384 498842 1103640 55360 1062910 829806 274715 508725 196720 202636 873259 180079 620300 592790 762439 364490 85718 612367 826319 545408 938786 623591 178970 868814 784079 340345 1146992 470788 536815 655821 61806 594348 524892 1010727
60736 1013842 930909 138738 307449 421379 845368 680288 668941 1096380 300718 537677 739363 623316 169030 756861 1110567 1027046 659214 998889 845615 674165 339079 400204 691556 988182 997981 952763 738949 999999999 1037051 721702 788396 1064639 611509 592204 951330 390620 1159253 319281 832844 255874 982557 781437 527499 223706 1075169 1005686 891490 680013 446086 534075 83893 799007 172891 470499 1147538 1017494 871278 1191861 247837 785224 558038 816326 852001 750991 150478 714148 934651 750327 839334 920773 961070 490399 927184 548105 974795 631050 1064436 904072 1101100 851509 690938 960356 1242406 1072673 731866 377006 563507 520613 1180181 409480 951022 316582 832839 958405 758689 800162 696786 701665
978568 217796 712597 929099 778322 619675 468560 432476 396483 72012 738862 526437 686258 464883 916065 720077 91283 245157 576626 38163 214433 363992 784211 811330 350058 765927 584941 355261 707615 1037051 999999999 599566 611697 40986 722290 466995 493587 649057 128483 825015 205949 797627 412909 489683 697322 902884 280432 380690 169746 615902 770038 679491 960458 639461 891113 799411 216347 143607 173322 155015 823965 414708 766159 669409 409601 466935 932363 325820 658832 761972 688670 292338 555560 546661 664589 682964 293117 591992 155730 138272 65222 344403 642686 96783 213880 276996 622920 678652 763720 740631 150415 734799 708714 742862 212544 78657 648051 239477 340284 747023
683798 439797 1034110 583086 638294 402867 163798 217724 528005 671092 530542 296173 91785 243645 697960 933402 690564 434143 742077 572324 402397 391376 680732 339485 462087 305009 276632 790970 912240 721702 599566 999999999 70440 600100 836871 299876 245229 488459 670022 406806 490986 600308 853183 114449 197357 507193 459266 342231 567897 42118 757135 736767 680180 899596 549516 285343 804654 489865 529154 716242 640647 184862 210701 933503 207972 719142 573342 457767 221769 960709 152303 329159 941532 417909 998315 752121 363576 732498 723752 538084 640163 699972 826622 588156 798684 812857 27772 388488 838532 218820 739902 686174 251847 585353 515841 543399 879043 427121 421615 147464
751829 433209 1087982 649663 708438 472403 148114 267909 581638 681896 600945 362448 86479 302690 768036 993281 701402 422896 801529 587750 427725 442039 750529 400167 512093 237628 213604 830167 972352 788396 611697 70440 999999999 607508 900805 360760 199969 557776 669905 471485 524839 670748 893453 125747 261474 571499 440013 313641 598991 109518 825269 801947 748806 955970 616814 340960 822544 491004 560204 716858 711086 204936 259215 990134 204057 772014 639243 505186 151349 1021781 92080 327192 988728 484180 1050778 816994 352175 793244 744861 565105 646337 743634 886636 611219 801964 840853 56685 458926 904289 277029 745639 754700 182509 655477 551248 562450 937019 461858 470124 156653
1006663 196279 752668 953983 811047 645354 461885 444542 432051 79153 767910 547112 684689 481070 947113 761047 97651 221427 616630 72300 230104 390497 818460 826720 381949 750890 566734 394452 748544 1064639 40986 600100 607508 999999999 762241 487725 477935 678480 94966 844193 238056 828151 451084 488111 708371 924577 251098 359901 208718 619009 807237 717859 989087 680427 915775 811465 235301 123533 208889 129547 855467 415768 774126 710329 403782 507607 956560 357259 645423 802927 681158 282775 594691 574507 704587 721675 276122 631609 185940 173864 41003 385388 683310 137074 200965 308966 622393 702094 803125 751057 140068 770458 694901 774313 247536 109801 689020 264628 368956 747369
558500 832265 319653 601722 325020 462620 851252 645989 366195 748953 411804 541714 911846 600098 442630 145814 753924 858919 145694 691292 639712 494743 279565 724478 443359 1137829 1039941 457243 127440 611509 722290 836871 900805 762241 999999999 541095 952006 385660 846428 661593 550335 394691 455296 809259 739010 654863 913938 924087 554105 812467 165471 105865 533377 196940 584088 775534 718728 790563 562219 857564 379443 754982 822636 207749 816225 262175 619067 464561 1039430 147362 989067 798673 379161 421442 319898 88559 846619 132455 660081 594687 782304 396168 102282 625515 867805 605415 862298 517967 57863 770271 819027 216393 1080034 350332 529158 660465 156471 569780 483382 923125
538070 422279 738263 471492 398723 174900 320688 112567 237285 534280 316133 59456 382508 59164 504179 633545 551313 437055 442216 430015 259407 124127 429139 353665 186969 597000 508026 533981 612416 592204 466995 299876 360760 487725 541095 999999999 428546 240423 579683 358433 282225 386781 590802 271245 270151 436902 487405 439174 358493 281884 481101 444695 524313 601258 432901 358170 625999 426596 325889 617260 423054 230715 355782 634889 299317 426643 472168 193801 498644 661249 450660 335779 658651 139429 704627 458985 390699 432830 538576 351056 527057 432051 526772 410293 680409 594449 326602 217832 548053 313898 616807 415361 538950 348800 295576 390499 579590 230057 158587 409657
908254 283792 1084487 814216 820549 583467 110187 316019 596702 556832 724205 456499 284805 372576 905370 1019789 575576 263933 831386 479720 364306 458723 855162 582562 518773 272958 97133 779340 1000538 951330 493587 245229 199969 477935 952006 428546 999999999 662139 520341 644377 475388 796437 843995 171384 438855 744542 263536 129933 534675 285988 908899 863735 901430 966600 778505 530534 709856 354435 498839 567234 835611 199157 454309 1001071 135958 773619 806543 503062 169691 1053872 232334 206876 960945 567603 1042156 876345 201837 829883 643535 491234 511831 711669 916581 522461 655542 755069 248371 592142 967247 463736 606232 843894 217977 768543 504234 466083 955583 422275 475647 354683
330962 651576 660781 301488 158856 85939 552284 350089 281721 706625 90108 205743 549901 291034 271820 513878 720460 669497 348584 610939 468537 290770 194348 341682 301220 793022 734271 583528 492126 390620 649057 488459 557776 678480 385660 240423 662139 999999999 773428 288613 443677 151930 623334 495943 358409 313254 721903 679597 500871 456273 272719 279826 311834 516041 268063 389983 758764 643394 481181 804072 184871 468157 439109 544099 537578 401810 311002 324256 706837 528609 637989 573561 636981 108302 640549 297257 628403 326082 674727 514400 713693 477713 415328 570084 852219 690801 510355 132353 370593 386524 790287 200176 740168 108386 442513 570630 482314 415954 309542 549830
1101402 239183 812720 1047661 905608 739505 522007 529868 524920 104874 862822 638893 750703 569833 1042036 835874 109651 256437 700787 165105 320578 485092 912329 913736 476649 790870 601688 452183 824710 1159253 128483 670022 669905 94966 846428 579683 520341 773428 999999999 934429 332588 923108 502578 556079 791263 1016513 267216 393838 297245 692474 898252 806847 1083925 752199 1009367 895133 238507 180159 301665 47201 950327 488590 853161 780497 466483 587989 1049911 452044 690013 878227 737010 342978 649464 669278 764320 809891 322636 717279 223285 266574 64487 460259 763606 222879 135208 341552 690528 795229 889341 833100 93576 863271 738090 869176 340761 204175 764093 359098 463894 815964
290302 751726 948918 181459 355887 244730 543288 412251 532687 892697 251101 299246 420082 365336 340734 797331 909743 759239 637194 788269 614254 473321 407823 85713 518724 669532 683319 847571 775863 319281 825015 406806 471485 844193 661593 358433 644377 288613 934429 999999999 637889 290221 894496 479200 210037 100446 801446 714024 711035 364729 520517 557952 293131 804318 153938 156961 979492 771459 681084 973634 324217 498420 241455 831802 559796 683613 168895 534353 615947 808081 520053 647767 922076 326462 929162 575490 698644 614442 892142 708159 884077 740440 702091 767449 1038666 934414 414802 171386 635653 201447 975070 451842 631741 315891 647849 748891 769906 588365 504913 384322
773929 285140 615626 728689 573031 419176 406807 284771 197726 263693 533654 339840 582724 297004 710119 578222 278503 313343 408492 168060 111409 165483 580784 635665 144167 725895 572428 308293 561961 832844 205949 490986 524839 238056 550335 282225 475388 443677 332588 637889 999999999 591720 372671 400146 539364 708893 367233 404602 79377 494556 575399 492177 755395 510755 691193 635299 343887 240373 43722 360797 618074 321658 618261 544262 351724 319123 733138 119880 615605 617293 613639 279480 485636 343107 571339 498222 315988 417904 256543 71794 271015 236798 485758 130377 410284 324903 517872 482252 584529 583855 347577 534594 664879 536953 28863 128413 508250 63923 137332 632118
195233 802858 704948 208392 70316 214905 686296 492099 416936 853033 72281 343869 647486 432356 119906 538610 866112 820234 413206 759631 620435 442330 120772 368258 447897 898543 861614 697101 518471 255874 797627 600308 670748 828151 394691 386781 796437 151930 923108 290221 591720 999999999 728214 626492 437034 262671 872140 824156 644465 563339 238398 300680 172477 565494 189448 432948 895039 795316 627545 952516 40363 608217 502951 587366 677802 497338 224954 471845 822041 541482 742528 722232 715480 260079 694494 316981 777159 385866 813296 661472 862569 595638 457355 715671 997425 817270 618580 211867 358806 452460 936271 178386 850174 60714 588400 719555 526752 566969 459769 633054
922482 609644 313921 920684 676414 649784 779478 637225 365160 398466 700787 633987 944549 629236 822960 381860 393264 639468 338567 401723 481090 471752 654141 920788 404074 1098547 941063 64675 378931 982557 412909 853183 893453 451084 455296 590802 843995 623334 502578 894496 372671 728214 999999999 770423 860325 935619 684242 758023 309558 850286 579987 474812 898665 291198 889718 941261 300940 541180 345228 493004 735379 692919 946559 309710 724080 231835 932169 401119 988227 423242 983700 640660 147380 568505 265819 467339 665833 366260 279692 354755 449394 158906 353402 338162 469349 175755 880746 723125 511637 903451 439406 585185 1037547 667907 344654 395505 319050 433193 438082 986886
737440 325438 975907 645063 653328 415062 64223 163360 472105 560656 554391 290585 196700 212514 734317 891306 580169 320488 699799 464262 301978 330646 690042 423987 398724 338375 238642 706750 870951 781437 489683 114449 125747 488111 809259 271245 171384 495943 556079 479200 400146 626492 770423 999999999 280829 578549 348201 239394 473555 143128 751125 715171 730277 847909 608838 380220 698455 375944 434807 602466 665958 79207 315767 882341 94469 659893 638158 389082 232826 922214 213525 214712 869947 406967 937064 729040 250310 694317 619844 439359 527789 622882 785493 485753 685587 715106 134590 420891 818729 312600 627495 683680 277733 600866 426974 437742 831707 337686 355644 259991
493103 583180 983400 388796 487177 276686 343325 264892 500685 768668 373844 228347 215885 242430 520767 856314 787284 585289 673280 663842 483459 393004 535223 143920 457030 468613 473486 804065 834458 527499 697322 197357 261474 708371 739010 270151 438855 358409 791263 210037 539364 437034 860325 280829 999999999 310204 621069 520055 618362 155244 629576 633666 491860 840832 356967 104412 880053 616618 582590 834482 476794 317117 88131 872597 369398 682953 377922 463523 407358 876593 315043 473220 920628 327261 954538 650633 519094 657071 793702 602232 749354 701433 751801 659644 908887 860305 204800 233210 728334 44502 846437 556722 426315 436318 557278 627909 813113 479446 427591 196221
203690 842905 957605 92111 332902 295530 642723 502731 582822 968616 248903 377622 517826 452045 277914 796661 984950 851874 652808 865464 696018 543434 383187 176838 580613 765066 783638 893446 775912 223706 902884 507193 571499 924577 654863 436902 744542 313254 1016513 100446 708893 262671 935619 578549 310204 999999999 895636 811893 778485 465101 501069 556210 212013 814862 80480 246803 1045630 858504 751162 1054089 287802 594605 334504 839606 657419 714921 75079 598857 714903 802163 617656 741249 948266 378216 942624 573275 793087 627669 958888 780279 963733 786677 708728 839254 1115402 991319 514817 227067 621227 298821 1051873 438905 729216 305146 715899 825448 777956 663920 572752 478151
1023196 82100 967780 947269 875307 662305 296490 395616 550101 327498 802689 538364 525831 451853 990740 944859 343861 55320 774524 283450 275886 446053 896841 759609 477075 527609 336966 622754 928948 1075169 280432 459266 440013 251098 913938 487405 263536 721903 267216 801446 367233 872140 684242 348201 621069 895636 999999999 133603 391266 491251 917658 846432 1010606 874362 908947 723928 484376 143075 367404 312421 906728 305076 663778 907107 254250 685239 944573 453457 431506 984301 492224 154817 820562 614173 921141 854759 102864 782099 435595 343282 275072 585966 852908 346407 400883 557429 473668 698196 943919 656991 358710 865223 477665 828978 392165 290238 874323 345146 443527 595216
957614 163689 1020130 872435 837692 609507 179268 332321 558880 438990 752462 480820 400108 392019 939226 974696 457043 139516 792984 372722 295722 432917 865995 662706 480930 397063 208341 694095 956878 1005686 380690 342231 313641 359901 924087 439174 129933 679597 393838 714024 404602 824156 758023 239394 520055 811893 133603 999999999 450610 378271 903675 845039 947702 912819 835007 619453 594790 237530 418745 440321 861383 220537 551824 946776 154542 719416 867367 460782 298397 1011621 359807 127103 884733 576151 975496 855687 92251 795847 534924 403829 390840 639290 875908 424486 528900 651825 352893 633044 946694 551795 482078 844259 345284 787973 432855 366474 906900 363008 440824 470203
831742 311474 576767 793189 618938 485365 475016 363939 232289 211378 590851 414959 659477 375936 760696 561582 222739 341247 408702 137219 174375 237856 620925 712136 200843 792819 631676 245006 547500 891490 169746 567897 598991 208718 554105 358493 534675 500871 297245 711035 79377 644465 309558 473555 618362 778485 391266 450610 999999999 572777 601254 509788 812072 486124 756335 713595 268480 251850 38828 316894 667756 394474 697590 518056 417966 303614 798790 180234 682411 602570 686474 331230 434528 406020 530460 513222 358897 423052 181107 48097 232841 194709 478128 74848 353208 245979 594505 551418 594426 662862 293041 568564 732194 587303 63234 108342 489873 142366 206310 710192
642631 466663 1019737 541349 603462 370365 199009 213238 515424 687801 494347 270775 100714 228989 658950 913396 707167 463077 722899 586956 412604 382701 647011 297615 453280 337267 318635 789061 892025 680013 615902 42118 109518 619009 812467 281884 285988 456273 692474 364729 494556 563339 850286 143128 155244 465101 491251 378271 572777 999999999 726876 710952 639377 883138 508005 244775 816774 512702 534339 738147 603702 203961 173625 916735 237525 706393 531449 451233 260153 939397 181742 355189 933031 391559 985256 726680 393228 711967 734231 545872 659521 695009 806664 598117 818950 818647 55241 351526 811781 177759 759075 655297 286909 550654 518104 556101 861066 430710 414506 137643
393138 839018 484860 441154 168231 358076 801749 593175 377685 809787 270499 464206 821986 538927 277165 311105 818341 862525 241465 734951 643337 473825 118394 591367 442761 1062136 988944 567268 292897 446086 770038 757135 825269 807237 165471 481101 908899 272719 898252 520517 575399 238398 579987 751125 629576 501069 917658 903675 601254 726876 999999999 105369 368038 356030 426672 649357 809348 810477 598654 917307 217708 709963 707349 371093 776759 356786 459227 467457 971817 307790 908164 784586 528896 344340 482707 113207 836944 214135 739249 633505 833978 484159 250075 676024 942214 708143 780169 397779 121544 654859 887226 72854 1007674 204843 560852 698926 315276 576554 474147 822369
477682 765968 404273 509072 233530 357091 760261 552733 297249 715097 309911 440723 809684 503855 366054 240704 722602 791114 136247 645677 570546 412212 195059 619285 369617 1039460 949064 462100 219760 534075 679491 736767 801947 717859 105865 444695 863735 279826 806847 557952 492177 300680 474812 715171 633666 556210 846432 845039 509788 710952 105369 999999999 452586 266229 488457 669756 707174 731214 511081 823357 291561 665139 716962 286811 728782 251931 525462 392978 943146 250296 889069 721910 429562 319395 395191 17573 772174 108769 639275 545327 742370 381078 157732 583972 844073 603867 761700 412156 103672 664559 790631 125315 982470 251165 474756 611365 226717 501604 406037 819064
25168 946560 851978 120376 223936 350556 793466 618222 587490 1018459 221761 472315 707264 559865 92780 679121 1032255 961135 576127 922308 773333 599223 257600 378395 613007 959182 954186 869006 660677 83893 960458 680180 748806 989087 533377 524313 901430 311834 1083925 293131 755395 172477 898665 730277 491860 212013 1010606 947702 812072 639377 368038 452586 999999999 718274 139368 449845 1066082 946616 792999 1115444 164236 727384 534322 736534 795489 667113 139278 636085 897945 674590 806810 857096 878279 414731 846827 467044 911617 548045 983538 826225 1024884 768021 609953 881840 1163978 989698 692980 314746 487407 491741 1102114 327517 918172 233112 754268 881911 678177 725219 620346 676408
743414 792902 144827 773549 499513 576908 877716 688733 375805 648469 565995 620644 983762 655987 630247 90668 648788 821988 169032 615570 617149 517285 460715 855270 450635 1185939 1060880 314065 89543 799007 639461 899596 955970 680427 196940 601258 966600 516041 752199 804318 510755 565494 291198 847909 840832 814862 874362 912819 486124 883138 356030 266229 718274 999999999 750994 896122 583278 737626 507003 753397 557785 781297 928338 34530 832605 193698 789325 464084 1080381 132435 1047638 786008 186623 513833 129048 251273 826145 189962 541926 533053 691267 295284 108498 546272 745881 460632 926804 643611 253832 877947 706309 391513 1125571 512706 483883 593489 40823 550368 494168 1007882
136821 850698 892133 38619 259534 272031 672852 513331 547677 954093 190358 375698 571050 458100 197840 727620 969502 862304 592920 853169 691035 527468 308297 239038 555802 822026 825496 851367 707289 172891 891113 549516 616814 915775 584088 432901 778505 268063 1009367 153938 691193 189448 889718 608838 356967 80480 908947 835007 756335 508005 426672 488457 139368 750994 999999999 310491 1020177 859400 731998 1044614 210609 614893 395350 774239 680890 663996 43050 576200 764274 730930 670907 754168 892371 350429 879602 505124 807594 566719 934561 762987 953754 745750 643602 821075 1101039 957608 560452 215086 547724 353889 1037906 367712 782524 238297 695047 812731 713059 651811 553864 537915
446034 687401 1040452 335475 492885 319455 440996 367129 577140 870445 380825 308290 276492 339165 495896 902194 888885 689099 727117 765367 585122 482293 543922 71454 542135 519132 554306 887508 880343 470499 799411 285343 340960 811465 775534 358170 530534 389983 895133 156961 635299 432948 941261 380220 104412 246803 723928 619453 713595 244775 649357 669756 449845 896122 310491 999999999 977976 720939 678869 938089 470072 420890 88350 926362 471024 751091 320786 551420 475718 918357 375068 577189 990984 386331 1015055 687213 622355 708001 891120 700216 852411 782716 800809 758319 1011664 952486 285769 257631 757451 67667 948979 577574 485823 446608 651525 728766 865417 577097 516709 231691
