NAME : synthetic_000221
TYPE : CTSP-D
DIMENSION : 100
GROUPS : 8
RELAXATION_LEVEL : 1
EDGE_WEIGHT_TYPE : EXPLICIT
EDGE_WEIGHT_FORMAT : FULL_MATRIX
EDGE_WEIGHT_SECTION
999999999 765090 119297 578570 840961 542294 709694 359652 546862 616255 758237 471009 141091 455487 726066 402154 1013747 310076 530865 625419 255025 440468 958022 935222 934762 603548 737771 756048 952896 182693 623291 790953 115468 1012559 357741 532431 968891 701931 298063 929859 315776 655536 866375 104793 472454 381159 394307 401277 825311 884678 108996 738619 760707 592160 727271 638723 359082 695293 985662 632027 1101312 801125 1100066 849074 558974 515706 941097 1014697 716495 412284 281547 410257 558768 788629 803407 649666 507867 665293 945675 697532 210321 356042 925205 748656 366003 603693 555837 244315 751061 553759 546067 413682 956127 766826 399165 168032 629660 352027 951363 809853
765090 999999999 645799 394299 242004 223736 515052 711461 262688 892111 314053 352954 663403 847904 112692 678767 640523 455385 609821 441638 547663 626334 260262 197049 409350 182990 260842 529236 595987 794522 217566 706940 660134 335192 585029 233542 524345 215173 688044 422609 495521 433399 608399 680322 850251 565628 866560 664479 230501 564450 733591 282118 490714 460216 302667 513755 722278 758680 437877 226415 604848 596250 640293 515938 766398 339778 231881 641193 428550 534781 576754 360515 915241 95008 186667 212657 367220 580292 254572 307299 760266 826680 685043 413162 732405 346161 223532 567615 386234 595485 228833 473454 450494 643979 445856 769463 408433 561165 614417 497470
119297 645799 999999999 479989 726995 423125 624874 332177 431763 607397 651375 359606 90488 459529 608394 363436 925081 190993 468765 533219 157702 385586 841311 816728 829160 485274 627341 670964 863758 223515 507877 728247 45445 897404 289445 413173 871406 587912 266799 825557 212435 561946 784565 67260 474460 309946 414899 356319 711115 796544 129139 629649 670796 502734 618931 556238 335270 649699 879672 518161 1002519 722049 1004842 757692 528596 407253 823745 926032 621112 334111 205253 291880 564204 670173 688203 534711 401555 591721 829676 589716 223539 368433 848608 650792 344844 499845 437483 154432 650514 487875 427721 320704 852767 696590 298056 198684 533253 277825 864367 718474
578570 394299 479989 999999999 612420 277621 175148 722503 172018 500374 194631 445948 547512 479367 289251 319110 451091 338225 218314 70264 324753 256196 654551 587511 361520 380908 198316 214484 389874 519475 452041 350114 517430 729302 611348 310246 391497 517053 669718 354283 473166 89083 329252 473997 477917 232246 516592 706975 597365 325657 606200 188480 200540 69479 602486 135509 730765 369780 412619 167948 523172 280545 524978 282112 375035 107040 626114 452034 142407 193646 304184 350545 531732 477976 301051 472845 501720 202557 435042 588444 682906 806295 404414 170831 742295 50306 362266 334254 172718 201715 239673 166253 379145 293384 181951 501260 55123 247457 394038 243656
840961 242004 726995 612420 999999999 367828 750425 676781 453161 1094384 555833 370769 713930 1026056 352260 858398 878861 556036 817079 668443 675523 815586 138790 177564 641207 263583 502153 767937 836399 916968 220421 942535 726300 173803 564474 352567 760341 139103 675853 656355 530171 664658 850186 777917 1031441 740706 1030213 617084 16576 806374 779876 523356 730536 681334 146327 741025 687568 982132 663042 448732 828816 835991 868819 757940 969962 535106 139566 879492 666513 716834 722581 442583 1105484 147024 425107 192887 344750 808791 452524 172758 773347 796331 927015 653611 695278 568509 307050 696650 627152 807204 394911 651138 682591 880067 613604 890288 636210 727866 855366 739152
542294 223736 423125 277621 367828 999999999 445225 535886 105985 730090 326099 193743 447339 658473 196332 490575 669027 232230 458806 345197 327061 448819 449085 407051 488887 109294 278633 476938 612560 574491 176891 627516 439930 516535 410171 35560 574347 250139 499898 493573 294848 353506 583096 456598 663658 372921 665666 501145 351442 560376 517318 292384 450250 345544 329225 413115 546041 637863 532948 162731 687161 546762 707899 510508 607158 179713 425976 669884 381532 349365 363280 148814 737995 265203 293009 200284 239421 479745 423324 312743 555810 642460 661991 387543 557129 247788 84691 347555 369846 453042 38701 283494 523860 569613 245966 548904 318724 361031 624158 478802
709694 515052 624874 175148 750425 445225 999999999 891135 339663 451239 220668 620443 700997 490140 402435 366982 304865 505352 218659 105133 467299 303008 768970 692690 311718 542021 262521 46358 244853 614046 614004 192167 666107 844556 783447 479416 284293 671429 835909 295988 644539 91736 160588 605824 482409 331145 549178 878838 736665 176189 753819 242343 65023 124853 760433 72070 898953 265075 356472 305938 414823 105601 401395 148798 340499 282118 739159 305810 90333 297650 428229 525582 508127 607248 368287 632217 675425 90407 467935 749366 838814 969053 231457 120942 910431 197465 529505 471449 147949 190248 406556 305294 309630 129695 336589 601572 126754 358215 241787 113137
359652 711461 332177 722503 676781 535886 891135 999999999 604091 939428 847799 359198 243624 790664 727321 690663 1170014 385783 776551 788425 454558 703165 813653 823287 1020018 528876 807201 934370 1109548 535208 504355 1026785 289681 846195 127126 506476 1092225 555355 65406 1022450 251909 811488 1050227 393941 805969 617756 740988 64824 664865 1047419 250711 817379 923023 766745 534045 830906 10964 966969 1066137 687303 1213790 995420 1228229 1001856 856281 623057 807189 1170940 861635 631751 518583 394380 895508 689743 827979 520910 349465 879748 950621 505273 161872 119682 1122474 881857 21267 722754 493338 462077 872608 790740 562770 595535 1052334 985713 557334 514986 777299 585354 1115535 964507
546862 262688 431763 172018 453161 105985 339663 604091 999999999 641872 243710 287347 475655 586342 186957 416996 575962 249188 364049 239214 304041 367267 514633 459128 417824 209632 205656 372508 517694 544356 280269 521619 458145 586630 482892 139759 489445 347928 560167 419052 353351 248033 480802 450325 589381 302978 603911 577339 437365 462062 542977 213909 347677 240549 431432 307506 613559 536310 465627 87996 609705 442004 625063 412980 517037 81997 488429 576851 279503 272863 320961 210733 657736 330619 256586 301744 338878 374481 398962 416667 598630 702253 559251 289535 624985 142515 190655 321891 274954 355276 67697 210777 448711 463630 184879 520737 212995 298979 527563 379353
616255 892111 607397 500374 1094384 730090 451239 939428 641872 999999999 656006 828328 697113 165511 789534 261727 676266 627041 282487 469259 508074 283920 1151435 1087184 761446 839027 682902 476060 633285 440077 901992 355767 650947 1225217 879192 752355 710767 979704 874110 744594 758271 490271 520715 548697 147608 370855 242240 958676 1078380 577138 711823 666782 513049 440693 1052880 408391 942664 211922 803642 666431 825896 461022 795064 577379 125713 559920 1123709 676996 531348 384520 439856 717230 86565 970342 791748 927720 887911 360894 910481 1031829 817471 966167 528836 568228 952221 550334 804823 493399 592309 299338 699982 450035 754614 385774 493042 449301 501215 394888 616749 552541
758237 314053 651375 194631 555833 326099 220668 847799 243710 656006 999999999 519772 707554 662063 204655 509137 346810 483685 387553 191236 503522 444232 556753 477400 178199 393710 54948 222861 294033 712752 462241 405086 683998 631887 726134 360998 248320 501310 803356 176757 596899 166361 294363 655232 658404 426861 705959 820104 543783 253124 771732 35394 181574 226125 593191 247758 857267 483987 228362 163815 365995 285829 382713 203458 535943 244210 526668 347620 130611 388273 493326 454039 701315 409007 148617 473596 564014 303195 254620 588583 836280 945055 371415 103788 868695 156813 398877 516222 75502 363773 291808 355510 205815 342217 360120 693695 163946 441055 309220 183431
471009 352954 359606 445948 370769 193743 620443 359198 287347 828328 519772 999999999 343499 723261 372512 569360 861203 212296 584825 516171 341219 546926 493872 484418 681108 169996 472183 656654 803864 563635 159415 791306 355924 543641 232329 159395 768061 232364 335756 686515 160116 530333 767233 415364 732729 457642 708767 315994 355443 749326 410456 486127 634195 507708 260374 577063 369930 777097 723882 356145 880252 725005 901607 700054 714622 339130 480344 862073 566486 448786 402203 111360 817055 341901 475541 183107 60073 639538 592548 231909 416251 473728 845170 576604 380286 427124 135135 361249 560760 586963 228656 387592 716832 737751 342016 536782 494551 433909 814445 666697
141091 663403 90488 547512 713930 447339 700997 243624 475655 697113 707554 343499 999999999 547044 640767 453784 997115 226471 555258 605319 236397 474169 836580 821040 885699 490999 678259 746610 935725 297013 500813 813313 46197 887091 218494 430618 936618 575849 178287 883763 183780 632692 861455 150339 562395 395508 498450 273169 698772 869522 70202 682943 743319 577113 593662 634218 246088 738725 935409 563607 1065899 800689 1071498 828591 619042 464637 821777 998064 689847 416812 291457 302911 651895 675158 728306 525886 374102 673616 866400 563599 138335 279299 927903 717089 255335 561623 444507 237548 714203 573186 459341 395746 911949 779230 367095 274833 602016 362995 937778 789618
455487 847904 459529 479367 1026056 658473 490140 790664 586342 165511 662063 723261 547044 999999999 756419 169361 761142 512927 277268 471459 385727 224539 1100372 1044894 797429 763503 676378 526310 710014 276245 819407 456578 500999 1171250 741795 674454 771155 900977 725299 783399 631078 499149 599599 396791 17936 285800 80336 815340 1009599 646264 554931 664144 555161 435938 965209 429277 793020 318919 844546 631267 896890 532908 874228 633904 168863 508204 1074591 761978 552809 313484 321314 615335 104872 915576 780396 846576 780887 405007 912565 941327 660681 809005 626757 592037 802025 528636 723684 367713 611088 303930 634460 377147 799123 466597 412513 287522 498293 298822 697714 601939
726066 112692 608394 289251 352260 196332 402435 727321 186957 789534 204655 372512 640767 756419 999999999 588847 541646 418916 507182 331663 489817 532408 369345 298725 324131 215463 150269 416741 493515 731313 275006 594264 629789 444839 600477 221668 430318 301104 694520 334103 490831 321814 498505 633092 757322 480636 781744 688017 339740 457315 710271 171342 378585 352623 392766 403198 737735 648608 360715 125268 524582 484116 554373 407970 664049 252095 340087 542375 315899 446788 507633 345144 817670 206302 104266 280782 403049 469101 227005 391139 752058 836659 575985 301391 748583 239671 238002 508175 274904 490906 181698 390145 363683 531292 369957 707661 298296 480969 510599 387365
402154 678767 363436 319110 858398 490575 366982 690663 416996 261727 509137 569360 453784 169361 588847 999999999 662913 365474 151142 323597 247366 65981 931048 875703 658511 596781 517425 409579 606066 261224 654872 397186 408686 1002068 621425 508013 650711 735481 626079 646670 497302 353791 503571 314212 173245 117830 197486 704386 841999 538364 481370 507066 429826 286144 802910 297676 694957 293142 707826 464040 781801 435081 766957 515754 165649 339258 905232 663821 412689 144134 179019 458979 249956 746305 618285 681658 628478 295895 754137 780143 584068 731152 548728 451643 705139 366713 558359 234010 466761 179239 465608 208072 665907 384348 245091 255917 346069 135936 598334 479650
1013747 640523 925081 451091 878861 669027 304865 1170014 575962 676266 346810 861203 997115 761142 541646 662913 999999999 788503 511770 392099 767497 601946 848366 763367 245480 740461 400050 258790 61394 916652 808465 321250 964808 918642 1054112 704443 122171 842696 1119321 227195 918570 364447 161745 909496 749834 636009 829903 1149561 869018 129069 1053262 382108 254287 422654 934409 376756 1178690 464346 245288 506661 161625 229646 120433 168986 595235 546962 819030 952 309258 602273 732211 784153 751452 733473 454266 818676 908328 367136 463035 932033 1133453 1257044 154214 288583 1190231 447319 744853 773287 301008 483774 632714 604408 206569 295430 630023 905217 396039 662887 64585 207613
310076 455385 190993 338225 556036 232230 505352 385783 249188 627041 483685 212296 226471 512927 418916 365474 788503 999999999 409302 402941 128938 353494 661184 630705 661401 301939 452362 548715 727510 361008 335954 647107 211058 721570 282832 224141 718875 418998 331554 660386 144645 426812 664619 227381 523160 262228 496473 376639 539660 663869 294079 457800 538590 381014 466480 445838 393633 604503 710630 337136 845781 609719 854720 619627 520273 244381 641665 789440 479251 263812 191745 113816 609148 484742 502888 363795 268417 497381 642496 439750 352625 468612 736701 502507 405123 343884 254385 148988 496469 418489 237494 215524 689094 602682 173789 334287 393302 233965 732227 581575
530865 609821 468765 218314 817079 458806 218659 776551 364049 282487 387553 584825 555258 277268 507182 151142 511770 409302 999999999 196330 322793 92864 869467 804698 520732 567992 407225 259668 455059 408541 634637 260702 513646 943543 688567 484806 502931 708642 714787 507208 553137 222633 352678 432977 272046 159991 331341 779099 801354 387559 595378 392987 282881 163068 787031 153043 782478 195311 568471 383957 632824 284271 616496 366764 156879 282345 841560 512678 275572 146262 263877 474853 315632 689424 514612 658932 644751 144821 640778 768493 692046 834046 400652 314825 793417 268502 538366 318223 333923 28491 425788 198409 524131 237888 243981 400048 225548 192625 447191 331796
625419 441638 533219 70264 668443 345197 105133 788425 239214 469259 191236 516171 605319 471459 331663 323597 392099 402941 196330 999999999 375851 257740 700851 629579 335833 445982 213649 146125 330720 548735 517637 282725 572713 776237 679205 378549 345380 579646 734293 325118 540535 31466 261829 520676 467405 258606 518361 774715 653882 264203 661197 197952 138004 37765 666705 72611 796449 317088 385839 219731 478535 210701 474741 224535 346846 177296 671709 393050 93565 221178 345335 420464 510804 529703 322544 537413 571767 140384 444737 653836 742185 869168 335592 130525 807956 101087 429867 382616 143268 173045 306816 212895 346466 224456 238356 533028 33394 280517 332495 185288
255025 547663 157702 324753 675523 327061 467299 454558 304041 508074 503522 341219 236397 385727 489817 247366 767497 128938 322793 375851 999999999 249571 772500 734065 679759 414903 485027 513338 706200 247432 457536 578079 199060 836451 375403 329468 716085 540958 392177 674852 250197 404911 627205 151764 396703 163285 367552 461454 658993 638888 286521 484824 513231 345048 593421 399105 460170 512471 730683 384713 847925 565279 848689 600384 409528 262534 750896 768449 464694 180866 68350 238945 484030 590922 557462 485472 397139 437219 700921 567289 374697 512798 692209 495449 471003 348668 369098 21128 496717 338773 319154 163090 701222 542881 144174 221963 377086 130808 706676 561139
440468 626334 385586 256196 815586 448819 303008 703165 367267 283920 444232 546926 474169 224539 532408 65981 601946 353494 92864 257740 249571 999999999 881730 823344 592530 557067 454269 346465 544217 316085 618712 350619 430937 953897 623670 469537 586016 697325 639893 580712 492946 287842 444170 344951 224915 91270 261730 710945 799363 476096 509766 443224 365133 220376 769172 232835 708373 264734 641858 407159 717565 376004 703939 451773 167913 286969 855191 602865 346730 100655 184691 435570 290598 697879 556734 644731 606841 236329 690980 747938 609018 753450 493491 385667 719008 304809 521566 241100 400843 119228 420776 166465 600061 330643 209124 307207 280758 120895 537463 415186
958022 260262 841311 654551 138790 449085 768970 813653 514633 1151435 556753 493872 836580 1100372 369345 931048 848366 661184 869467 700851 772500 881730 999999999 85235 603476 359375 507957 778498 813589 1018587 335830 959318 844988 75613 698942 443041 726551 263802 810166 621224 653906 690951 845589 887508 1103833 815330 1113093 754708 149135 794423 904213 528922 738017 720343 285109 772536 824495 1017897 615202 486634 774619 842580 819812 749230 1025756 594927 30123 848878 680199 787052 812286 550695 1171893 185082 411316 310832 475318 838351 393054 311309 904460 933315 918433 659892 832450 606364 406801 793428 631882 855592 467569 723387 643795 896163 690960 992355 667521 807112 834747 737151
935222 197049 816728 587511 177564 407051 692690 823287 459128 1087184 477400 484418 821040 1044894 298725 875703 763367 630705 804698 629579 734065 823344 85235 999999999 518350 331742 430427 700005 729177 981465 325508 881670 824860 156541 703162 407313 641483 268413 813016 536190 641876 617657 763579 858075 1047297 762063 1062488 767563 180621 711354 890182 451062 658971 651341 314915 700348 834240 945813 530027 420771 689932 762850 734809 666804 961526 536820 57099 763873 603140 731655 768296 524970 1111956 146595 330264 304684 476195 765065 308128 336336 900381 942606 835593 581026 843001 538248 379390 754601 552834 789220 419644 669833 558610 818571 640757 955767 596187 756595 750517 656006
934762 409350 829160 361520 641207 488887 311718 1020018 417824 761446 178199 681108 885699 797429 324131 658511 245480 661401 520732 335833 679759 592530 603476 518350 999999999 537161 212856 286043 218326 879979 599080 447945 862135 673283 896461 522014 123327 620416 977793 20576 770686 305012 286560 831171 790978 590385 850692 989090 632538 223060 949923 204188 248480 373594 710520 368152 1029744 564091 51130 332757 200839 318498 231353 196200 652170 422249 574329 245945 246151 551953 665318 625660 819838 498688 224587 604536 719609 401808 218667 712038 1013837 1120031 342083 206979 1041081 331161 552226 691618 193012 493572 458320 527077 41392 393560 535750 862415 318322 608269 241662 211273
603548 182990 485274 380908 263583 109294 542021 528876 209632 839027 393710 169996 490999 763503 215463 596781 740461 301939 567992 445982 414903 557067 359375 331742 537161 999999999 340642 569942 687294 659744 71993 728598 493256 421616 402219 89123 636400 140858 505166 545521 316288 450699 670462 528794 769383 478952 766630 483373 247023 640995 560695 358369 539510 449914 221800 515993 539656 745409 575638 241512 737999 640162 765096 590604 716349 287671 339778 741264 470837 457103 459444 193394 845308 185164 319620 92118 189731 583428 426157 207855 580081 643717 749718 470672 549891 345840 47835 435972 449395 561797 143312 391070 575585 669133 351693 633386 417289 464881 701345 562326
737771 260842 627341 198316 502153 278633 262521 807201 205656 682902 54948 472183 678259 676378 150269 517425 400050 452362 407225 213649 485027 454269 507957 430427 212856 340642 999999999 270678 348309 705305 408437 451471 657517 583397 683929 312827 297357 446408 765087 215711 557912 194475 348246 636470 674118 425845 714904 776969 489862 308049 744146 21296 230839 244216 538298 278399 816907 520904 260025 119906 408810 336163 429578 258301 560236 222498 477982 400841 172720 387846 482163 412827 722830 355591 109226 419233 514363 339117 236742 533899 803700 907436 425762 152821 828252 152045 348073 499410 125491 385716 246373 346961 245860 388328 344612 684834 182169 436202 363895 237116
756048 529236 670964 214484 767937 476938 46358 934370 372508 476060 222861 656654 746610 526310 416741 409579 258790 548715 259668 146125 513338 346465 778498 700005 286043 569942 270678 999999999 199130 659054 641857 182423 712035 853855 825257 511730 244984 695644 879781 268714 686647 126647 115934 652181 517643 377273 588028 920794 754725 130492 799854 249611 42548 169710 785753 117970 942325 279244 327595 330203 373327 70221 357496 107809 371208 320463 748482 259733 101639 343968 474587 564569 537749 622932 371321 658790 710504 121413 458813 776107 884287 1013679 189941 119074 953823 230189 560454 517676 147368 231184 438263 351051 278856 119983 381394 646968 162453 404514 195503 76943
952896 595987 863758 389874 836399 612560 244853 1109548 517694 633285 294033 803864 935725 710014 493515 606066 61394 727510 455059 330720 706200 544217 813589 729177 218326 687294 348309 199130 999999999 857996 756233 282539 903432 885390 994239 648069 103465 793731 1058504 198289 858289 303067 112657 848560 699376 575869 776954 1089766 825881 68669 991899 329420 192969 361461 885616 316897 1118163 421998 230611 450846 192908 177148 164254 107884 546074 486523 783887 62344 248284 541775 671399 724905 705695 690013 411409 767529 851981 311129 436450 882031 1072093 1195984 133095 229006 1129705 387102 689757 712107 243104 426835 575766 543109 184478 248236 568632 846086 334794 602400 24151 146289
182693 794522 223515 519475 916968 574491 614046 535208 544356 440077 712752 563635 297013 276245 731313 261224 916652 361008 408541 548735 247432 316085 1018587 981465 879979 659744 705305 659054 857996 999999999 696962 658017 254490 1081126 511199 575977 891635 779953 471225 871343 430898 580196 760056 156840 293710 290290 211748 569919 900565 789473 288260 700872 672919 511738 823362 542179 535847 545168 930891 618529 1024606 692017 1015044 761381 398783 489102 997535 917579 642247 328354 225166 474737 377863 837965 789788 724796 612443 552365 932955 795390 392354 538731 808863 678883 543658 556742 613008 227076 687880 435313 565726 358468 894289 644973 364963 26873 562126 272018 852365 723368
623291 217566 507877 452041 220421 176891 614004 504355 280269 901992 462241 159415 500813 819407 275006 654872 808465 335954 634637 517637 457536 618712 335830 325508 599080 71993 408437 641857 756233 696962 999999999 800321 509582 389532 380808 150081 702113 83422 489156 608598 318690 522654 741793 557658 826232 537375 817647 453033 204190 711272 568741 426847 611166 520809 152471 587327 515304 814738 635259 312951 799587 712078 828776 660877 780570 356586 321263 809252 542561 518167 508027 222297 904509 185794 377407 27941 154980 654597 470886 136409 574892 622393 821039 541696 524779 417689 97171 478632 519931 629642 213103 452247 638376 741008 410777 670232 489153 520782 770813 633234
790953 706940 728247 350114 942535 627516 192167 1026785 521619 355767 405086 791306 813313 456578 594264 397186 321250 647107 260702 282725 578079 350619 959318 881670 447945 728598 451471 182423 282539 658017 800321 999999999 772767 1034812 929939 660357 370896 860935 966960 428425 791327 279720 172771 693677 443081 418316 531584 1023368 928711 235445 855602 430667 224546 284232 948863 215160 1033432 144463 481106 496670 475101 129901 440950 251795 287723 454030 929385 321949 279186 397288 522994 688975 433567 799380 553651 819821 848745 152132 637559 936446 950906 1090875 173586 301342 1044624 382908 712204 575770 329662 240373 589302 432252 430337 63155 473436 653028 311634 450590 263902 241819
115468 660134 45445 517430 726300 439930 666107 289681 458145 650947 683998 355924 46197 500999 629789 408686 964808 211058 513646 572713 199060 430937 844988 824860 862135 493256 657517 712035 903432 254490 509582 772767 999999999 898361 257227 426596 908233 587387 224303 859275 200395 600896 826183 104518 516291 354471 453268 317490 710752 836601 88772 660923 710591 543150 611807 598162 292252 695123 912327 545554 1038625 764318 1042355 796867 573704 439918 828774 965759 659264 377650 249880 301137 605834 678365 713429 535637 392450 635144 853506 582081 178419 322990 891168 687919 301528 534758 445882 197740 686499 532412 448165 361098 886941 740312 335707 231383 571316 322189 904631 757727
1012559 335192 897404 729302 173803 516535 844556 846195 586630 1225217 631887 543641 887091 1171250 444839 1002068 918642 721570 943543 776237 836451 953897 75613 156541 673283 421616 583397 853855 885390 1081126 389532 1034812 898361 999999999 736664 507827 796579 311289 847985 691473 703427 766513 919778 946225 1175109 885745 1181966 785149 188460 867867 953391 604324 813263 795404 312153 848000 856867 1093310 682537 561354 839206 917680 885718 823153 1099595 667494 105429 919129 755725 858313 878770 609370 1244329 256026 485850 362904 518514 913895 459554 341079 946777 965329 992070 735159 864117 681350 468117 857497 707106 930062 537184 794103 713140 971658 760473 1054676 742924 876454 906855 811753
357741 585029 289445 611348 564474 410171 783447 127126 482892 879192 726134 232329 218494 741795 600477 621425 1054112 282832 688567 679205 375403 623670 698942 703162 896461 402219 683929 825257 994239 511199 380808 929939 257227 736664 999999999 380066 972246 437081 111379 899557 139213 700359 940542 356616 755514 534256 702871 95679 551510 933787 259840 694912 810992 660507 426494 726900 137750 882686 941918 564220 1091790 888702 1107949 887056 784854 508574 690433 1055026 747579 542306 443172 272173 845219 566597 701538 398977 227044 779997 823504 396663 216016 242120 1014724 765529 148331 607248 366225 387446 754679 699633 438319 498113 929598 884997 456563 487304 665402 503013 1001435 850501
532431 233542 413173 310246 352567 35560 479416 506476 139759 752355 360998 159395 430618 674454 221668 508013 704443 224141 484806 378549 329468 469537 443041 407313 522014 89123 312827 511730 648069 575977 150081 660357 426596 507827 380066 999999999 609121 227890 472861 527183 270251 387762 618384 451186 680443 390199 677733 469758 336021 595929 500813 327048 485467 377426 302274 445549 516781 666875 565382 197960 720896 581440 742335 546067 630581 209534 421570 705298 416802 369226 371364 128050 756899 262292 321511 175373 203926 511699 447648 284005 533671 615004 697223 423085 527742 282140 53679 350387 405396 480445 73680 303189 557495 602998 262996 549922 352752 375779 659711 514312
968891 524345 871406 391497 760341 574347 284293 1092225 489445 710767 248320 768061 936618 771155 430318 650711 122171 718875 502931 345380 716085 586016 726551 641483 123327 636400 297357 244984 103465 891635 702113 370896 908233 796579 972246 609121 999999999 730848 1045296 105383 840459 314413 198556 864117 762210 602788 832781 1066784 751008 135695 996976 282095 220903 381099 822055 353182 1101429 502951 127719 412115 133201 250181 136109 137253 613476 474502 697305 122627 252687 566044 690300 700151 778014 616018 337691 710296 811565 366149 341099 821403 1069860 1185720 235651 220671 1112919 375497 645429 724842 222632 474494 540082 555212 84779 326709 573357 877078 339266 625789 127609 171195
701931 215173 587912 517053 139103 250139 671429 555355 347928 979704 501310 232364 575849 900977 301104 735481 842696 418998 708642 579646 540958 697325 263802 268413 620416 140858 446408 695644 793731 779953 83422 860935 587387 311289 437081 227890 730848 999999999 547878 632230 392275 581387 789729 639277 907449 617747 900494 499162 123381 754015 642454 466360 662175 586469 91907 650947 566293 884215 651612 365795 818260 765563 851762 703920 857185 427546 253509 843430 594624 597097 591100 305218 984676 148998 395833 55488 211744 718803 466345 92179 640686 674862 868579 589130 574897 478626 177296 562054 565269 701975 283164 531052 661050 800204 490690 753192 549471 602171 810066 679365
298063 688044 266799 669718 675853 499898 835909 65406 560167 874110 803356 335756 178287 725299 694520 626079 1119321 331554 714787 734293 392177 639893 810166 813016 977793 505166 765087 879781 1058504 471225 489156 966960 224303 847985 111379 472861 1045296 547878 999999999 979210 207271 758366 995715 328624 740581 555458 676069 105534 662870 995303 189820 774073 870138 711169 537454 774123 68882 904119 1024944 645384 1169007 939492 1181405 950642 791726 572944 801349 1120254 810238 570765 455205 353876 830137 674775 792902 508419 336935 821168 920135 507729 114502 142745 1066835 832086 79181 672893 466023 398845 824205 729708 523832 537102 1008812 927277 500370 450563 724757 522938 1063618 912815
929859 422609 825557 354283 656355 493573 295988 1022450 419052 744594 176757 686515 883763 783399 334103 646670 227195 660386 507208 325118 674852 580712 621224 536190 20576 545521 215711 268714 198289 871343 608598 428425 859275 691473 899557 527183 105383 632230 979210 999999999 772355 293992 266207 825935 776632 581325 837797 992680 647378 202583 947338 205185 232102 362857 722758 354301 1032072 545977 61291 335346 193770 299200 220271 176631 636456 419461 591947 227693 233982 543040 658450 628114 803999 512974 236708 614865 726290 385730 238297 723567 1013001 1121184 321524 195161 1043450 326272 558993 686196 183475 479796 462028 520354 30324 374618 530694 854224 309225 600056 221497 193213
315776 495521 212435 473166 530171 294848 644539 251909 353351 758271 596899 160116 183780 631078 490831 497302 918570 144645 553137 540535 250197 492946 653906 641876 770686 316288 557912 686647 858289 430898 318690 791327 200395 703427 139213 270251 840459 392275 207271 772355 999999999 562244 802126 275319 643304 402240 602002 234318 515054 796861 250344 567173 673283 521372 411643 587686 260990 748064 817704 438152 962818 749693 976505 750754 657458 371823 639950 919492 610782 407127 318458 147089 731892 497292 587313 343078 192100 641046 717540 381821 264799 349888 875909 630209 272493 471253 272252 265516 620710 562953 317040 360151 802056 745896 317900 404715 527538 372124 864778 713732
655536 433399 561946 89083 664658 353506 91736 811488 248033 490271 166361 530333 632692 499149 321814 353791 364447 426812 222633 31466 404911 287842 690951 617657 305012 450699 194475 126647 303067 580196 522654 279720 600896 766513 700359 387762 314413 581387 758366 293992 562244 999999999 240439 550755 494539 290046 547723 796000 650490 237622 689517 177115 111804 68958 669818 83973 819707 328400 354829 217110 447506 194735 444536 195996 369600 193928 661503 365395 62167 252550 375978 438043 535079 523559 303676 541235 584680 147471 420919 658256 769051 894330 316376 99154 831233 105730 437770 412250 113077 197924 314830 242338 315100 218870 265627 564444 35822 311735 306056 156937
866375 608399 784565 329252 850186 583096 160588 1050227 480802 520715 294363 767233 861455 599599 498505 503571 161745 664619 352678 261829 627205 444170 845589 763579 286560 670462 348246 115934 112657 760056 741793 172771 826183 919778 940542 618384 198556 789729 995715 266207 802126 240439 999999999 763249 588495 485630 668165 1036138 838053 64679 913632 327174 133127 285277 881050 228490 1058211 309690 313908 428950 305216 68540 276064 97583 434410 434081 815483 162600 201585 454296 585671 678015 593121 703367 434415 756741 819680 207939 492162 873663 999345 1129464 79257 200678 1069711 340236 665117 630673 224788 325149 544709 465710 263433 135638 497059 749891 275858 514356 98163 111150
104793 680322 67260 473997 777917 456598 605824 393941 450325 548697 655232 415364 150339 396791 633092 314212 909496 227381 432977 520676 151764 344951 887508 858075 831171 528794 636470 652181 848560 156840 557658 693677 104518 946225 356616 451186 864117 639277 328624 825935 275319 550755 763249 999999999 412268 279303 349056 421519 761783 780440 167202 636533 656193 487578 675704 535177 396229 605516 882149 533685 996579 698561 995289 744465 477036 414001 868554 910447 611703 308956 177653 337015 501658 712110 706026 585041 460823 563975 849062 646983 270987 419222 823435 643935 405268 500011 481055 139837 646585 454580 455952 308905 851986 666765 295425 131617 524904 249187 847326 705231
472454 850251 474460 477917 1031441 663658 482409 805969 589381 147608 658404 732729 562395 17936 757322 173245 749834 523160 272046 467405 396703 224915 1103833 1047297 790978 769383 674118 517643 699376 293710 826232 443081 516291 1175109 755514 680443 762210 907449 740581 776632 643304 494539 588495 412268 999999999 290738 97573 829911 1015019 636197 571316 661426 547411 432409 972829 422985 808450 304190 837681 632073 887110 522229 863629 625012 155752 510479 1077804 750661 547138 316816 331416 624202 89855 919245 778925 853265 790683 396234 909879 949265 677093 825511 614006 586279 817535 527517 730171 379107 605920 298066 638845 381290 791810 454837 417881 304581 494944 305460 686654 593642
381159 565628 309946 232246 740706 372921 331145 617756 302978 370855 426861 457642 395508 285800 480636 117830 636009 262228 159991 258606 163285 91270 815330 762063 590385 478952 425845 377273 575869 290290 537375 418316 354471 885745 534256 390199 602788 617747 555458 581325 402240 290046 485630 279303 290738 999999999 301507 622811 724290 507247 437724 418657 386405 221911 686046 259326 623436 349624 641160 357631 735959 420000 728853 475309 258662 228639 789945 636953 352167 38629 104704 346436 367136 630347 520130 564053 517369 284675 660194 663740 532713 674101 544239 388603 634283 274058 440711 158245 397857 177947 348723 92235 604035 387976 127262 274475 272146 32640 572716 436622
394307 866560 414899 516592 1030213 665666 549178 740988 603911 242240 705959 708767 498450 80336 781744 197486 829903 496473 331341 518361 367552 261730 1113093 1062488 850692 766630 714904 588028 776954 211748 817647 531584 453268 1181966 702871 677733 832781 900494 676069 837797 602002 547723 668165 349056 97573 301507 999999999 770574 1013651 711699 498233 704500 613840 481413 958825 484245 742460 396717 899088 657905 960855 600517 940729 695812 244762 530017 1088507 830761 604609 335072 310033 604910 169436 928060 815250 845318 764275 467901 951604 933461 603200 750227 699633 643868 750854 564002 724186 347611 660743 359400 645548 393318 855326 537384 422306 227748 542376 306151 765901 662113
401277 664479 356319 706975 617084 501145 878838 64824 577339 958676 820104 315994 273169 815340 688017 704386 1149561 376639 779099 774715 461454 710945 754708 767563 989090 483373 776969 920794 1089766 569919 453033 1023368 317490 785149 95679 469758 1066784 499162 105534 992680 234318 796000 1036138 421519 829911 622811 770574 999999999 605642 1029438 294125 788473 906667 755657 473131 821733 74328 972223 1033922 657547 1185366 984011 1202327 982643 869190 604239 749306 1150474 843229 633014 528062 366676 919757 637137 790309 467760 298404 874012 908349 444830 217250 180597 1110176 860985 79732 702835 451129 471639 849873 791200 530785 591165 1022807 979293 550391 547998 761066 591014 1097057 946142
825311 230501 711115 597365 16576 351442 736665 664865 437365 1078380 543783 355443 698772 1009599 339740 841999 869018 539660 801354 653882 658993 799363 149135 180621 632538 247023 489862 754725 825881 900565 204190 928711 710752 188460 551510 336021 751008 123381 662870 647378 515054 650490 838053 761783 1015019 724290 1013651 605642 999999999 794920 764941 511016 717606 666372 137446 726437 675684 967126 655397 434239 821545 822994 860909 746278 954038 519276 146981 869660 653218 700529 706004 426260 1089190 135882 414902 176746 330589 794256 447018 162482 759538 784489 915129 640901 683538 553763 290480 680121 614617 791661 378755 634805 673929 866341 597168 873894 621761 711369 844619 726958
884678 564450 796544 325657 806374 560376 176189 1047419 462062 577138 253124 749326 869522 646264 457315 538364 129069 663869 387559 264203 638888 476096 794423 711354 223060 640995 308049 130492 68669 789473 711272 235445 836601 867867 933787 595929 135695 754015 995303 202583 796861 237622 64679 780440 636197 507247 711699 1029438 794920 999999999 924930 287745 126219 293878 845822 248228 1055849 367971 249253 401019 251200 116257 229321 50397 484420 425239 764405 130019 186210 473284 603142 666326 646655 659358 385023 724358 799301 244443 432415 840321 1006320 1131842 124494 172912 1067388 326954 639928 644416 191740 359230 522761 475841 198835 191789 502528 777460 270568 533906 68435 83371
108996 733591 129139 606200 779876 517318 753819 250711 542977 711823 771732 410456 70202 554931 710271 481370 1053262 294079 595378 661197 286521 509766 904213 890182 949923 560695 744146 799854 991899 288260 568741 855602 88772 953391 259840 500813 996976 642454 189820 947338 250344 689517 913632 167202 571316 437724 498233 294125 764941 924930 999999999 748093 799001 631292 656297 685349 250088 772016 999966 630767 1127272 851188 1131126 885459 644082 527881 889954 1054213 748004 462957 333125 373109 659321 744528 796796 593382 437605 720536 935527 626089 105787 254395 977722 776687 257074 623267 514379 283518 775163 615373 528695 449195 975146 825143 424450 270485 660058 405930 992882 846298
738619 282118 629649 188480 523356 292384 242343 817379 213909 666782 35394 486127 682943 664144 171342 507066 382108 457800 392987 197952 484824 443224 528922 451062 204188 358369 21296 249611 329420 700872 426847 430667 660923 604324 694912 327048 282095 466360 774073 205185 567173 177115 327174 636533 661426 418657 704500 788473 511016 287745 748093 999999999 209621 229967 558214 260759 826966 502034 252871 131048 396909 314904 415615 237827 544794 222948 498926 382914 152277 380360 478960 423141 708335 376841 127245 438259 529612 320309 248457 553371 809955 916139 404844 131566 838356 144784 364058 498524 104195 370751 258852 342450 234967 367543 342895 680935 167445 430470 344504 216028
760707 490714 670796 200540 730536 450250 65023 923023 347677 513049 181574 634195 743319 555161 378585 429826 254287 538590 282881 138004 513231 365133 738017 658971 248480 539510 230839 42548 192969 672919 611166 224546 710591 813263 810992 485467 220903 662175 870138 232102 673283 111804 133127 656193 547411 386405 613840 906667 717606 126219 799001 209621 999999999 168684 752890 132303 931302 319881 292173 298322 352681 105541 342537 88913 404585 302906 707961 255238 68860 351078 479453 546189 571989 584883 329693 627069 686555 153683 416418 744288 880105 1006097 211756 78146 942833 207421 532678 519259 106168 254585 411788 350141 244845 162396 376310 659384 145774 411593 194574 50452
592160 460216 502734 69479 681334 345544 124853 766745 240549 440693 226125 507708 577113 435938 352623 286144 422654 381014 163068 37765 345048 220376 720343 651341 373594 449914 244216 169710 361461 511738 520809 284232 543150 795404 660507 377426 381099 586469 711169 362857 521372 68958 285277 487578 432409 221911 481413 755657 666372 293878 631292 229967 168684 999999999 671614 69356 774468 300821 423600 234805 514299 228710 508972 256919 316759 169810 691586 423606 130612 184945 311187 407818 478621 545646 352042 541935 564732 134274 478038 657213 714657 844222 355766 168111 785932 114155 429992 350646 180949 141864 307995 182097 384053 230199 211783 496382 62636 244831 361633 217715
727271 302667 618931 602486 146327 329225 760433 534045 431432 1052880 593191 260374 593662 965209 392766 802910 934409 466480 787031 666705 593421 769172 285109 314915 710520 221800 538298 785753 885616 823362 152471 948863 611807 312153 426494 302274 822055 91907 537454 722758 411643 669818 881050 675704 972829 686046 958825 473131 137446 845822 656297 558214 752890 671614 999999999 737291 544714 966896 740459 455573 907364 855803 941842 795695 932167 508811 284428 935139 685047 668520 648929 354497 1052858 224968 486101 129697 219684 804893 548698 30274 639543 653193 959987 680391 551986 566002 248876 614183 656773 782107 364844 602848 751344 888671 560423 796490 637232 667737 901973 770857
638723 513755 556238 135509 741025 413115 72070 830906 307506 408391 247758 577063 634218 429277 403198 297676 376756 445838 153043 72611 399105 232835 772536 700348 368152 515993 278399 117970 316897 542179 587327 215160 598162 848000 726900 445549 353182 650947 774123 354301 587686 83973 228490 535177 422985 259326 484245 821733 726437 248228 685349 260759 132303 69356 737291 999999999 838366 245508 415533 292333 484885 166522 472967 219620 290027 238950 743272 377699 125128 226446 357526 476795 457058 602227 387565 607766 634059 67995 502100 723700 772388 905073 293940 163816 849778 173096 497741 402215 185479 125495 375176 238978 371108 160964 273771 529542 105410 286868 313392 182461
