NAME : synthetic_000930
TYPE : CTSP-D
DIMENSION : 100
GROUPS : 8
RELAXATION_LEVEL : 1
EDGE_WEIGHT_TYPE : EXPLICIT
EDGE_WEIGHT_FORMAT : FULL_MATRIX
EDGE_WEIGHT_SECTION
999999999 751066 510930 245201 252480 556375 302271 259387 326488 508114 379113 403422 411798 551442 293636 649588 652046 252186 172278 423635 421472 512619 228483 232929 381419 320183 285533 682275 208132 365116 375564 53052 438994 630836 449949 276553 265721 500850 314078 74875 526391 554746 401450 232211 488610 409557 239424 617309 328183 642247 132436 649714 460138 593680 363057 206166 556496 272048 232652 592762 329581 257303 119394 566566 484164 491084 598356 549308 466201 275428 452574 75618 669017 424449 284833 401674 512935 198566 758712 472256 383625 422334 200608 418307 476160 202896 83369 222265 331815 223643 515079 168129 366588 333130 756158 272848 338440 477397 598231 316762
751066 999999999 342435 899333 953795 505802 1037401 504597 434603 400155 380183 1106857 440279 744515 1018118 839833 854191 982847 650369 696533 938843 432059 934046 666748 440802 895491 850044 294079 622018 1040000 1125297 732285 742374 851368 386197 992147 936144 347697 828930 790157 590771 660697 1147968 983169 337934 920651 522355 831858 1078621 118120 725426 715175 343061 170452 495310 937081 758457 694771 905693 659386 943063 1008349 704983 346700 924382 325574 209212 500366 385281 989806 315200 730813 891382 456896 900825 1145389 858973 826422 12335 300865 740841 414767 721031 344226 336850 558291 674305 915676 916680 956540 751286 624551 1060730 959003 51185 684485 563944 280633 898894 440373
510930 342435 999999999 721637 753889 575224 813189 256571 203170 63138 171270 909445 413872 754763 803493 867455 524491 701499 484416 354309 603353 484345 643369 355583 131835 571967 708350 490115 473558 859239 859599 474644 699550 518680 61916 783919 752849 10083 501156 524502 258199 694554 907423 728346 31134 585332 350631 498803 817077 293760 542263 780647 65766 183570 171445 659369 767231 580421 718956 712609 623383 755791 516011 63573 849214 41409 343596 566619 49893 698597 121797 464768 911205 119400 585559 867818 516658 652601 343245 286756 401234 393017 569497 269300 48896 373531 455140 621900 593174 734250 742398 350210 868702 640912 376735 361659 493469 246893 884137 218035
245201 899333 721637 999999999 77903 558338 185544 465942 520959 730672 565387 209565 482381 446087 151588 513810 891393 341380 250641 667952 623993 553857 367377 478129 600565 520482 99271 752726 277317 141419 354667 297886 330886 869529 664289 120304 38007 711725 536556 290799 769787 488201 304533 245899 695168 616138 386590 857110 312605 782351 180957 564815 662710 763177 593676 316686 445037 229738 25211 527613 508989 248016 206234 782099 283761 694305 712738 554336 682387 383537 638531 319608 515766 652420 474798 406909 744351 73013 909030 599364 624554 503370 180173 555711 680125 355239 270250 377388 525184 136705 404238 405215 162344 504395 891978 517440 363896 619458 429908 507406
252480 953795 753889 77903 999999999 633308 107697 497491 557945 756795 605840 156321 547974 523313 74579 587947 875316 284891 303934 662240 587675 624700 321456 479294 627939 486068 176503 821384 335135 114189 278685 301274 408593 852820 694483 43407 50292 743845 512117 278943 776521 566083 227378 182535 729139 581764 433867 841841 238407 838090 228374 642430 698141 810911 614192 268164 521936 302625 57109 605510 467287 179241 249762 812263 347989 729695 773536 629015 711765 328354 679938 320376 587282 674924 438179 332335 722006 136626 963017 656251 613059 567625 245022 609619 715105 399817 298932 335301 487891 70542 481424 420189 115059 460202 949425 514338 433350 673163 499633 545508
556375 505802 575224 558338 633308 999999999 739020 469104 444919 628098 431961 757044 181223 243587 707831 334031 1031355 802153 385633 798511 933672 91074 784850 648171 545742 846407 471931 241845 348644 676748 887067 576423 277615 1017486 557763 676713 594990 570242 810307 627794 791106 156304 859891 748643 545755 917667 363058 998497 839466 403814 448818 215197 515972 468564 589826 758321 257366 331531 576260 154210 871144 764579 446679 630739 461380 533842 302453 8958 574183 830209 454302 591180 385661 607528 823651 928864 951579 499061 518104 290212 802246 192477 399050 309142 529105 386157 479262 777960 863165 670632 259054 549960 709869 878785 471665 690603 218748 331371 400428 433118
302271 1037401 813189 185544 107697 739020 999999999 560519 625692 808656 676631 126916 645414 629693 36325 690374 869634 233679 394111 674684 557096 726737 287441 506351 683311 461816 283463 920804 428234 148915 178737 341688 515738 846532 752118 66002 154219 803110 502213 302444 803521 673744 120921 130912 790784 554406 515052 837761 145825 923680 317258 749339 761895 887696 661590 234856 627879 407602 164305 713142 431928 112247 334328 868376 441796 793003 864934 734485 768179 276136 750793 355987 686616 723595 412496 235490 709650 240134 1046042 744235 618686 663666 345450 694896 778114 479197 367027 306935 458954 81050 587783 466857 118168 420930 1036412 534464 534942 757641 597383 614731
259387 504597 256571 465942 497491 469104 560519 999999999 70127 266302 124605 653293 288387 577950 548853 691197 567987 478377 238822 330547 487043 392336 430016 191740 136506 417552 460054 503124 237631 602782 624986 231037 496443 552498 198353 528296 496544 246560 364133 287196 354301 540552 660438 486356 231729 469562 126477 534113 579608 404854 288341 637124 201576 340103 146885 432836 588224 350235 462584 569301 457239 512875 261605 316219 619852 232905 385699 460284 216484 485614 195310 227103 727139 195308 411374 641869 482879 398181 510952 263585 333973 282113 323703 209006 218134 132714 198611 412422 437589 480548 555057 121165 612207 470656 517067 228297 304863 252068 682324 65217
326488 434603 203170 520959 557945 444919 625692 70127 999999999 226271 54484 714225 264814 582076 612408 696034 586752 548485 281249 358516 542033 361483 499656 248985 108165 479010 505183 449284 271508 660096 694675 300572 512136 573430 151886 590599 553330 193613 421229 357159 351131 534848 727939 555337 175057 524174 149132 554241 649067 336370 340550 628600 141861 270089 145112 502963 593400 380650 519750 559889 521182 581636 314754 265828 650943 173409 323992 435964 171196 555340 126198 297165 735556 173171 476181 711968 519091 450856 440878 207362 373564 252717 366377 156621 159411 170364 260008 481723 499512 545178 563651 190269 671886 535374 447905 279605 310160 189535 698645 15666
508114 400155 63138 730672 756795 628098 808656 266302 226271 999999999 207676 910725 461025 797480 801724 910939 461726 680413 503020 300520 556800 537756 619553 329013 130185 533668 725841 552370 496636 865260 842029 467165 735513 456300 75745 784156 759942 63106 461085 512618 195374 741290 897086 715952 85526 539029 375132 436464 801328 356571 554523 829809 112162 245711 148864 640251 809554 606756 725836 761331 586660 743706 527698 68533 877170 99440 405996 619362 56732 673801 174480 454584 953146 87227 551576 846181 459702 664056 400081 342739 352113 441769 588374 319468 100298 393171 460877 597161 554655 731482 782663 341824 871846 604841 436631 327651 530707 304089 921462 241912
379113 380183 171270 565387 605840 431961 676631 124605 54484 207676 999999999 762139 257280 589910 662269 703478 607593 602970 320248 388603 587601 344415 553949 297770 115532 528709 543131 410021 305609 705624 748751 354637 529380 595940 132328 639654 598806 162781 468587 411482 359370 535594 780415 608925 140701 569574 183276 576350 702975 283410 384433 626186 105758 215849 166639 557439 601927 410121 565595 557433 572255 635061 359480 234801 678162 135368 278134 423041 150971 609670 74266 351571 745475 175595 527829 766394 552637 494124 386408 170006 410808 240605 404069 127154 123336 210692 309862 535850 549434 595858 575056 244472 719010 586882 394188 324966 323760 145038 714747 62355
403422 1106857 909445 209565 156321 757044 126916 653293 714225 910725 762139 999999999 691682 609210 115201 650413 995630 359236 456546 796311 683710 759924 414323 621769 782550 588730 285146 960297 485501 82026 271532 448993 504767 972587 849678 126907 171797 899386 628216 417461 919995 667494 167348 257767 885014 681222 589023 963500 253958 990398 382554 730680 854227 966367 766474 361758 604650 435728 201176 705189 558363 237797 405063 967283 388307 885757 922193 753868 866735 400904 836214 466056 637399 827766 539411 329259 836221 281433 1116322 807746 742069 712874 389705 762705 871128 555478 454911 433834 585787 184921 568216 571472 47729 546936 1100720 652907 571851 826413 546336 701825
411798 440279 413872 482381 547974 181223 645414 288387 264814 461025 257280 691682 999999999 343897 619347 455018 850492 663837 255903 617310 761157 107164 636786 471129 368192 678514 418292 276459 219211 618012 771159 421194 310078 836430 387591 590014 520358 407498 637194 477122 613865 280727 764417 627352 383117 744617 190799 817498 722702 323072 330849 369152 350606 347480 409925 617959 356930 260866 494015 300499 707835 647451 319559 473780 486473 372879 237250 172327 405242 686446 292414 432507 500598 431434 660148 805913 771225 412378 451498 152948 622122 26058 303271 145784 365639 219902 329331 626628 696389 568798 336892 376185 644145 717258 422567 512346 125067 190552 484051 252496
551442 744515 754763 446087 523313 243587 629693 577950 582076 797480 589910 609210 343897 999999999 594174 113959 1139612 760023 392623 898211 969617 313099 763398 718554 690232 870540 346883 484420 368063 527581 800468 590206 117808 1122226 722234 563691 475477 747743 854194 625853 929908 89029 744388 680659 723706 956333 451946 1104910 757230 636719 419991 121479 690070 684793 720622 723422 13942 279394 469772 111615 880597 688467 432562 815971 247759 714370 536855 247338 740837 796798 634466 610840 156747 755232 836265 851430 1030686 412646 756708 492148 884156 367590 352552 489394 706009 456025 497208 764006 883009 579862 41909 615460 566252 883025 713051 764601 273533 532044 156892 567166
293636 1018118 803493 151588 74579 707831 36325 548853 612408 801724 662269 115201 619347 594174 999999999 654115 882368 257278 371040 681136 576734 698136 306381 507260 674836 479126 248486 893795 403969 118775 214792 336785 480699 859419 742944 31313 118830 793412 515243 302790 805386 639412 152974 152013 780163 573065 496143 849934 180330 903448 294369 714068 750421 871204 655969 252774 592197 376933 131688 678706 452462 138051 313294 859960 405678 781750 842002 703498 759491 300568 736534 352887 650296 717663 429959 271208 724159 210175 1027018 722786 627201 638329 317439 674590 766952 460914 352521 324326 477685 70849 552268 460750 93894 442578 1015619 537851 506520 737756 561099 600850
649588 839833 867455 513810 587947 334031 690374 691197 696034 910939 703478 650413 455018 113959 654115 999999999 1250922 843179 498102 1009364 1070444 413547 852722 827349 804191 969766 416093 566158 476270 571549 866483 691426 211030 1233209 835805 625146 538114 860584 957572 722908 1043640 181157 798707 756804 836452 1057824 564966 1216112 825997 736254 517159 140168 803020 791128 834352 809575 103005 379791 538684 181334 976334 761362 532526 928277 263962 826869 635227 339591 854341 882002 746727 712812 52544 869191 933282 920156 1138743 492974 852135 600492 993319 477944 448988 600795 818791 567692 601349 855393 981151 650405 138588 724648 611689 977450 805101 873497 387229 640967 114679 681121
652046 854191 524491 891393 875316 1031355 869634 567987 586752 461726 607593 995630 850492 1139612 882368 1250922 999999999 651077 760449 241590 343555 948046 587430 430371 492308 415279 936812 1004688 776700 987184 804168 599458 1046428 23352 505305 880902 904054 522728 367438 600875 266353 1107944 903505 740998 541194 337259 690229 35131 784482 818241 768049 1204925 555573 707325 442826 636758 1148813 883061 874347 1137251 459346 764863 744643 507728 1131132 555658 860609 1022412 496082 617718 614361 576542 1282250 438657 463181 776387 164519 850611 852251 774673 268563 839436 829527 734684 551104 683589 666394 565520 424380 818257 1112659 529456 974245 476439 894638 385107 869883 742385 1225963 598247
252186 982847 701499 341380 284891 802153 233679 478377 548485 680413 602970 359236 663837 760023 257278 843179 651077 999999999 416975 482365 325643 763540 66937 352254 570728 236239 431060 934075 454451 375303 166147 253960 642387 627740 640020 268777 331282 691872 289377 194846 628293 780538 252945 105580 685901 324536 488695 621122 135534 879978 355836 870016 663894 817911 532999 46705 762091 491239 316585 819969 199989 121546 355525 746703 625140 692053 844872 795569 652292 43691 671876 252463 851206 593327 187897 166321 487706 350210 989313 718163 419433 674504 415782 662978 677288 452949 335311 90926 229965 214456 719860 360113 350222 187786 993363 364246 583451 718749 768337 542501
172278 650369 484416 250641 303934 385633 394111 238822 281249 503020 320248 456546 255903 392623 371040 498102 760449 416975 999999999 519841 578683 349006 400035 331590 374593 481883 223934 532240 37729 392052 515457 201308 288601 741493 431338 343535 286582 474857 461743 245964 582149 386102 511153 372131 455979 564856 137734 725355 467020 534262 76859 482696 422090 512658 382388 372769 399528 122613 255459 423223 497806 391690 63841 546971 384204 453280 471044 378863 450342 444589 391669 220382 524698 434045 451569 551581 641194 177745 659786 352337 497527 271749 85387 306171 439826 110885 105061 394527 495891 315410 360007 231022 410694 502905 645498 377687 166964 369868 465515 266457
423635 696533 354309 667952 662240 798511 674684 330547 358516 300520 388603 796311 617310 898211 681136 1009364 241590 482365 519841 999999999 266100 718438 415433 193359 278931 273993 704352 797305 535270 776223 647366 370599 804989 224058 314256 674464 684961 348836 202088 383296 157596 868189 730758 554018 360005 249550 450115 206749 617202 635877 531792 965596 362765 532584 222954 455394 907326 642413 653336 898371 329025 580595 507416 364604 894684 373331 659223 789628 312137 459842 412671 348459 1040713 242085 308982 634078 166225 620710 697539 558609 66682 608499 591155 512892 364196 442247 428510 391446 292204 612733 871076 288915 768777 348501 728848 150822 629381 531324 985238 368110
421472 938843 603353 623993 587675 933672 557096 487043 542033 556800 587601 683710 761157 969617 576734 1070444 343555 325643 578683 266100 999999999 868257 270355 295303 499805 103871 693245 989669 607917 691094 466258 379465 859500 320665 553187 582416 626262 596242 124033 350246 420646 963427 571537 426278 602222 18218 571486 319074 452188 862680 553728 1060783 596041 769543 443929 324036 975526 691198 602344 999377 125654 446180 538003 623786 895549 613839 865311 925411 556246 286727 633232 358839 1090486 484458 149684 434470 181472 603811 941478 748529 205669 760644 621822 695234 602078 547683 473634 253291 99798 521749 934679 384977 670628 139253 965255 262721 730044 731112 1018580 545380
512619 432059 484345 553857 624700 91074 726737 392336 361483 537756 344415 759924 107164 313099 698136 413547 948046 763540 349006 718438 868257 999999999 739573 577560 459204 785559 477437 202441 311310 682391 862725 525434 318058 934906 468163 667746 591638 479475 744274 580236 703759 232418 847217 720519 455013 851677 297850 915689 814439 323760 420024 303510 425595 380426 505397 718224 327020 324448 568700 239016 814348 739018 412616 539669 503934 442984 223783 82680 484272 788017 363674 537691 463712 519899 766657 900382 874875 488113 444181 199159 726265 110286 381304 219679 438470 326050 431444 730341 803342 653317 319429 483303 712214 823480 402970 618201 191800 240348 466836 350716
228483 934046 643369 367377 321456 784850 287441 430016 499656 619553 553949 414323 636786 763398 306381 852722 587430 66937 400035 415433 270355 739573 999999999 290568 513754 174788 449116 901687 436422 421364 232565 217002 646903 564135 582360 312834 363698 633905 223407 159686 561890 776312 318568 156558 629186 267043 454531 556890 202231 834355 347865 868781 608759 767120 473390 53904 766664 487880 343800 815149 146642 178356 342482 686514 648647 636046 805141 777792 593807 55898 620664 210243 864736 532793 125543 227353 425008 363059 940007 678624 352552 645206 412548 622910 621448 420236 308132 24053 171576 253351 724475 309498 400274 138747 946994 299565 566725 676083 785145 494986
232929 666748 355583 478129 479294 648171 506351 191740 248985 329013 297770 621769 471129 718554 507260 827349 430371 352254 331590 193359 295303 577560 290568 999999999 230063 231053 511089 694569 351080 593384 515855 180410 619613 410764 295931 496460 497594 346457 172739 204498 298242 697274 580356 398237 344335 277835 285868 395243 477348 579318 338659 795464 328257 496478 184270 313841 726718 453934 465038 730284 276468 426043 314640 396211 701761 352792 572960 639614 305710 344834 352517 159524 855861 242437 234275 517478 312412 428144 671125 453932 166084 468474 399183 400170 338823 268754 236089 268159 251902 436869 688770 103274 589979 292255 687094 46171 457928 438501 796556 251065
381419 440802 131835 600565 627939 545742 683311 136506 108165 130185 115532 782550 368192 690232 674836 804191 492308 570728 374593 278931 499805 459204 513754 230063 999999999 455308 596526 518939 370535 735641 727950 343445 619164 481020 69919 656321 630078 121939 388129 392702 245698 642008 775963 596576 115435 481587 251536 461351 685277 363964 424434 734924 98644 270572 57283 528128 701565 482115 595989 666134 504190 624053 397578 185148 752638 122925 380358 536795 84898 569292 135561 333074 843665 65006 463688 737018 444791 533882 444300 283054 309356 353493 459760 242668 108787 265968 331002 492795 476547 605057 671695 218593 742989 520811 465518 243859 418201 253234 805748 123244
320183 895491 571967 520482 486068 846407 461816 417552 479010 533668 528709 588730 678514 870540 479126 969766 415279 236239 481883 273993 103871 785559 174788 231053 455308 999999999 589437 919345 512781 591506 390511 280928 759081 391928 516241 482893 523553 563751 74110 247699 430644 867838 488243 331119 565654 95871 487721 386030 369217 810262 452619 964577 553870 725040 403322 226999 876028 591421 499065 904513 55248 353106 438079 602153 791746 575697 802410 838385 522713 202618 582676 261555 988709 453130 49321 368145 251514 500032 899353 681119 207313 680335 520791 626256 562576 460841 377300 154976 21262 421437 834852 305282 572851 74656 917371 211641 637885 668094 915814 479876
285533 850044 708350 99271 176503 471931 283463 460054 505183 725841 543131 285146 418292 346883 248486 416093 936812 431060 223934 704352 693245 477437 449116 511089 596526 589437 999999999 679218 238744 205546 453921 337556 232276 915850 654937 217573 129776 698790 595588 346663 789707 391425 400554 340947 679849 683630 359863 901940 411545 731990 177163 465966 645851 726061 599148 401527 345766 157429 123414 430532 584693 345355 203851 770875 202310 676939 654345 468723 673848 471716 613198 360568 420647 653932 546593 505865 798091 89523 860443 549474 668249 441556 139098 511868 663604 334820 281256 455914 596708 234776 305015 424423 237942 582315 837795 554116 294350 574711 337357 490371
682275 294079 490115 752726 821384 241845 920804 503124 449284 552370 410021 960297 276459 484420 893795 566158 1004688 934075 532240 797305 989669 202441 901687 694569 518939 919345 679218 999999999 495667 883638 1047042 684705 513340 995645 499603 863967 790680 489264 867197 742787 742408 395873 1040312 902869 467802 972018 447155 975739 998579 224936 607289 433131 449596 327241 574352 887655 498030 524623 766260 385452 955766 923451 595753 528906 699213 453469 146594 239469 510075 953578 390401 692589 618654 566593 908718 1080513 962276 684928 306103 241935 820643 261367 576455 294435 455698 481817 598932 889193 938895 844906 500857 615141 912569 967552 250311 728282 388830 265985 641252 444649
208132 622018 473558 277317 335135 348644 428234 237631 271508 496636 305609 485501 219211 368063 403969 476270 776700 454451 37729 535270 607917 311310 436422 351080 370535 512781 238744 495667 999999999 418129 552688 233637 269729 758371 423225 375736 314251 464272 489167 280921 588027 355518 546195 409605 444225 593613 122938 741714 504272 505093 111788 452932 409747 489343 383948 410064 375864 112734 284470 391787 530786 428898 101364 536761 382397 440404 438428 341760 442469 481627 374669 251463 505680 432186 484137 589188 662789 204446 631739 322260 517060 235913 101149 278673 427527 104995 135768 430295 527447 350390 337690 248480 438990 536527 615240 397227 130317 342375 451466 256155
365116 1040000 859239 141419 114189 676748 148915 602782 660096 865260 705624 82026 618012 527581 118775 571549 987184 375303 392052 776223 691094 682391 421364 593384 735641 591506 205546 883638 418129 999999999 321613 414834 422743 964536 800886 108688 106829 849259 622183 392956 890337 585477 232117 269743 833451 686475 527831 953979 293732 922751 321600 649060 801510 904586 724671 367465 523232 359330 140380 623164 567976 256823 346148 918821 311608 833126 851066 673775 818614 418784 779072 434284 560729 784777 542767 379642 832075 214344 1049806 739621 726363 640012 319313 696750 818779 496036 404757 437831 591511 170342 486473 531899 40367 558963 1031687 628517 496315 760477 469850 646885
375564 1125297 859599 354667 278685 887067 178737 624986 694675 842029 748751 271532 771159 800468 214792 866483 804168 166147 515457 647366 466258 862725 232565 515855 727950 390511 453921 1047042 552688 321613 999999999 394119 684361 780852 797759 241991 328370 849795 450882 338249 794388 837806 115074 144759 842154 469126 613438 775945 48464 1017648 442701 918280 818070 964589 693642 202071 799653 558412 330709 877558 344940 123793 451665 907340 620470 847296 972511 881604 811050 189099 820271 398727 864392 754802 345218 58191 639666 394682 1132585 847029 583539 785773 488059 793581 832374 576587 456355 256613 379900 221648 758682 512004 284883 328435 1131562 529952 673358 852960 775588 686845
53052 732285 474644 297886 301274 576423 341688 231037 300572 467165 354637 448993 421194 590206 336785 691426 599458 253960 201308 370599 379465 525434 217002 180410 343445 280928 337556 684705 233637 414834 394119 999999999 480398 578368 412982 322254 317338 464614 267220 59139 475579 587406 432874 255769 454179 366480 237561 564665 348572 627122 176930 683831 427645 570481 319913 207341 596061 311832 284648 624480 297165 282655 158988 527911 534812 457877 591094 568902 428275 269297 426339 23062 713066 381907 250526 413350 462163 251288 739272 464372 330940 428684 244172 409074 442888 203312 98074 205546 294609 265999 555254 125401 414122 303284 740797 219831 361820 464945 644754 292813
438994 742374 699550 330886 408593 277615 515738 496443 512136 735513 529380 504767 310078 117808 480699 211030 1046428 642387 288601 804989 859500 318058 646903 619613 619164 759081 232276 513340 269729 422743 684361 480398 999999999 1028052 659787 449842 361891 691566 746628 512715 850727 162781 632298 563009 668505 846817 370543 1011437 640581 627906 306674 233996 633816 657145 642646 606169 119869 168834 354022 200537 766842 571186 321525 762541 186151 660944 533605 277564 678961 679433 583765 501792 236249 683668 723248 734658 929793 294911 754123 462904 785688 336022 238588 447065 650781 367286 390829 648179 770760 463219 77622 517738 459964 768581 717820 665775 206176 499318 186586 496615
630836 851368 518680 869529 852820 1017486 846532 552498 573430 456300 595940 972587 836430 1122226 859419 1233209 23352 627740 741493 224058 320665 934906 564135 410764 481020 391928 915850 995645 758371 964536 780852 578368 1028052 999999999 496951 858122 881876 516488 344373 578887 261369 1091772 880155 717804 534253 314160 673799 19956 761130 812336 747808 1188971 547329 702000 430327 613537 1131283 864076 852314 1121488 436053 741620 724619 504669 1110760 548679 852239 1008554 488488 594368 605256 555411 1264035 429094 439843 753206 141230 829381 849760 763890 247734 825907 809728 722851 543552 666298 646586 542257 401047 795479 1094835 510634 951391 453185 890969 365237 853270 732329 1206941 584572
449949 386197 61916 664289 694483 557763 752118 198353 151886 75745 132328 849678 387591 722234 742944 835805 505305 640020 431338 314256 553187 468163 582360 295931 69919 516241 654937 499603 423225 800886 797759 412982 659787 496951 999999999 723819 694798 52042 446760 462601 243617 667208 845673 666459 49459 535033 301018 477002 755175 322002 486056 756719 50404 218965 113115 597693 734231 532491 660801 688090 566681 693918 459507 117936 802650 60677 355346 548943 19353 637728 110375 402909 877720 72174 527703 806338 479694 596185 388453 277386 354917 369214 516707 248635 50017 320800 396240 561096 537497 673459 707067 288375 809436 583851 415641 304880 454974 241135 845717 167422
276553 992147 783919 120304 43407 676713 66002 528296 590599 784156 639654 126907 590014 563691 31313 625146 880902 268777 343535 674464 582416 667746 312834 496460 656321 482893 217573 863967 375736 108688 241991 322254 449842 858122 723819 999999999 88218 773847 514876 292849 794652 608264 184285 163427 759963 577798 470859 848001 204790 876983 267213 683373 729660 847003 639610 258930 561894 345997 100479 647590 459473 154156 287202 841241 379399 761106 814093 672422 740694 312444 713895 339671 622402 700960 434107 297373 724582 179640 1001195 695740 622444 609323 287512 648233 746388 436100 330637 329145 482823 62645 521781 444573 94319 450740 988792 528987 476262 711592 533690 578653
265721 936144 752849 38007 50292 594990 154219 496544 553330 759942 598806 171797 520358 475477 118830 538114 904054 331282 286582 684961 626262 591638 363698 497594 630078 523553 129776 790680 314251 106829 328370 317338 361891 881876 694798 88218 999999999 742887 544702 303630 792071 521073 270829 230870 726874 619424 421491 870112 288613 819342 214969 595249 694816 798590 620842 311282 473687 267359 34123 560253 508109 229015 239339 812719 298082 726432 750400 591125 712658 374396 672290 338142 537034 680372 476587 382430 753887 109842 945761 636469 638945 541284 217924 592276 712116 389370 299082 375889 526742 118705 433568 429857 124817 502108 929257 535239 401854 656026 449342 540078
500850 347697 10083 711725 743845 570242 803110 246560 193613 63106 162781 899386 407498 747743 793412 860584 522728 691872 474857 348836 596242 479475 633905 346457 121939 563751 698790 489264 464272 849259 849795 464614 691566 516488 52042 773847 742887 999999999 493192 514560 256688 688224 897408 718389 24531 578189 341367 496580 807211 295883 532431 774831 57877 186698 162479 649658 760151 571424 708986 706683 614970 745823 506153 72536 840422 37060 342904 561600 41103 689178 116135 454795 904094 111874 576889 858193 511880 642761 348809 282551 394724 386957 559982 263423 41864 363974 445114 612498 584972 724167 735000 340228 858666 632424 381054 353163 485564 243092 876365 208556
314078 828930 501156 536556 512117 810307 502213 364133 421229 461085 468587 628216 637194 854194 515243 957572 367438 289377 461743 202088 124033 744274 223407 172739 388129 74110 595588 867197 489167 622183 450882 267220 746628 344373 446760 514876 544702 493192 999999999 249030 357663 844118 541955 374075 496217 107460 447760 335637 424813 747372 444044 941879 486211 658651 334490 270329 860734 577800 517192 879437 129160 398561 425918 529474 796664 506765 745164 801997 452300 261856 518473 245167 980150 381919 107439 433708 209946 506380 832353 626669 135741 636611 511385 572850 494039 424665 356986 200392 94350 452313 820521 261053 607616 148412 852613 145004 608795 610733 911723 423736
74875 790157 524502 290799 278943 627794 302444 287196 357159 512618 411482 417461 477122 625853 302790 722908 600875 194846 245964 383296 350246 580236 159686 204498 392702 247699 346663 742787 280921 392956 338249 59139 512715 578887 462601 292849 303630 514560 249030 999999999 502600 629562 384468 203912 505544 339245 295854 566754 293796 685761 206101 724589 480423 627247 363961 148262 630705 346520 273484 667505 254849 231483 194238 575444 548173 510066 650222 620518 476977 210807 482296 60496 741083 426083 210552 355232 454260 257368 796976 523501 335357 485582 274127 468213 495099 261006 149081 150386 258291 232544 589141 174638 386864 258256 799345 236203 410899 523959 668339 350080
526391 590771 258199 769787 776521 791106 803521 354301 351131 195374 359370 919995 613865 929908 805386 1043640 266353 628293 582149 157596 420646 703759 561890 298242 245698 430644 789707 742408 588027 890337 794388 475579 850727 261369 243617 794652 792071 256688 357663 502600 999999999 885823 870697 690206 275924 404834 480552 241641 761063 551914 612590 979714 293025 441002 209289 596939 940659 700443 758795 910984 485839 717618 586109 244378 966266 290401 597078 782169 232332 609642 353960 456151 1080824 183896 463137 785178 285330 713355 589549 519385 223873 599067 662688 485127 286892 484851 508589 537867 449302 735082 908593 366296 888011 505287 629733 269814 656413 484350 1036432 365087
554746 660697 694554 488201 566083 156304 673744 540552 534848 741290 535594 667494 280727 89029 639412 181157 1107944 780538 386102 868189 963427 232418 776312 697274 642008 867838 391425 395873 355518 585477 837806 587406 162781 1091772 667208 608264 521073 688224 844118 629562 885823 999999999 791900 709837 663835 949048 418076 1073752 792562 555533 428451 98204 631289 610519 677642 740827 102373 289401 510143 39804 883360 720778 435825 754060 327205 653490 454739 160833 685193 814489 572966 606285 231447 706549 837447 885820 1009135 443573 672958 421354 860497 301926 364990 425735 646366 429042 490555 774161 881991 616198 113926 594277 622499 887719 627634 742599 239688 462213 245470 520739
401450 1147968 907423 304533 227378 859891 120921 660438 727939 897086 780415 167348 764417 744388 152974 798707 903505 252945 511153 730758 571537 847217 318568 580356 775963 488243 400554 1040312 546195 232117 115074 432874 632298 880155 845673 184285 270829 897408 541955 384468 870697 791900 999999999 182211 887001 572715 626726 873873 119480 1035821 434575 864932 859942 994192 748393 275365 741780 528512 284421 831076 447361 154359 449779 959637 542485 890446 980630 855384 860625 286321 854008 443100 790888 810488 440517 168900 739647 361055 1156204 858357 669669 782059 465927 807672 875464 590263 473964 341860 480223 195810 702547 557382 192197 432368 1149153 601568 655423 869671 700379 718090
232211 983169 728346 245899 182535 748643 130912 486356 555337 715952 608925 257767 627352 680659 152013 756804 740998 105580 372131 554018 426278 720519 156558 398237 596576 331119 340947 902869 409605 269743 144759 255769 563009 717804 666459 163427 230870 718389 374075 203912 690206 709837 182211 999999999 709008 423494 468943 709622 96579 874376 301077 794969 683166 824413 567122 104495 681401 424314 220693 749618 301306 27867 308293 779244 528105 713165 827899 742822 680889 149153 681440 263653 761064 629122 281802 180325 579957 268172 990720 702596 495267 641522 351275 649401 698181 432073 311974 176475 328043 112241 639510 378234 245453 290843 988275 420554 532697 709238 675774 546693
488610 337934 31134 695168 729139 545755 790784 231729 175057 85526 140701 885014 383117 723706 780163 836452 541194 685901 455979 360005 602222 455013 629186 344335 115435 565654 679849 467802 444225 833451 842154 454179 668505 534253 49459 759963 726874 24531 496217 505544 275924 663835 887001 709008 999999999 584086 321298 514311 798936 279280 515233 750323 34947 172705 162412 643003 736157 550410 693086 682191 615969 736277 489190 94223 818843 14479 321762 537107 47904 684727 91605 445401 880123 118976 576739 852144 524465 625589 339854 258336 402912 362485 540860 238913 17763 345153 430208 608221 586912 711360 711268 330907 843742 633070 368855 354228 462402 219105 853027 189561
409557 920651 585332 616138 581764 917667 554406 469562 524174 539029 569574 681222 744617 956333 573065 1057824 337259 324536 564856 249550 18218 851677 267043 277835 481587 95871 683630 972018 593613 686475 469126 366480 846817 314160 535033 577798 619424 578189 107460 339245 404834 949048 572715 423494 584086 999999999 555211 311515 453242 844483 541561 1046542 577835 751333 425716 320327 962406 678312 594848 984802 125394 444189 525298 606119 885864 595679 847343 909374 538155 286873 615034 345509 1078471 466386 143776 439282 173628 594126 923301 730782 188319 743849 609560 677590 583898 531851 459799 248858 95468 516663 921708 368505 666925 140775 947037 244758 714979 713177 1007319 527631
239424 522355 350631 386590 433867 363058 515052 126477 149132 375132 183276 589023 190799 451946 496143 564966 690229 488695 137734 450115 571486 297850 454531 285868 251536 487721 359863 447155 122938 527831 613438 237561 370543 673799 301018 470859 421491 341367 447760 295854 480552 418076 626726 468943 321298 555211 999999999 655896 565497 409125 206756 515588 286863 377398 272108 442051 462040 231624 389219 448709 517521 492431 184108 413873 502100 317623 359178 354629 320326 506645 253987 245899 600663 314954 469860 641088 594048 314209 531061 233667 444649 194046 220828 181209 304644 36880 157126 442263 505604 434231 428597 186963 544245 527394 522440 329415 179776 242963 556791 133628
617309 831858 498803 857110 841841 998497 837761 534113 554241 436464 576350 963500 817498 1104910 849934 1216112 35131 621122 725355 206749 319074 915689 556890 395243 461351 386030 901940 975739 741714 953979 775945 564665 1011437 19956 477002 848001 870112 496580 335637 566754 241641 1073752 873873 709622 514311 311515 655896 999999999 755122 792438 732975 1170843 527378 682153 410898 605586 1114062 847965 840237 1103265 431667 733795 709538 485163 1096077 528734 832297 989561 468533 588647 585345 541773 1247301 409205 433356 749613 137888 815872 830314 744162 233728 806801 794402 703305 523597 648904 631271 534687 396074 785363 1077813 494372 941522 449191 871315 349998 835479 712506 1190866 565492
328183 1078621 817077 312605 238407 839466 145825 579608 649067 801328 702975 253958 722702 757230 180330 825997 784482 135534 467020 617202 452188 814439 202231 477348 685277 369217 411545 998579 504272 293732 48464 348572 640581 761130 755175 204790 288613 807211 424813 293796 761063 792562 119480 96579 798936 453242 565497 755122 999999999 970424 394425 874257 774194 918730 652614 164531 756814 511540 288134 832348 327882 75424 403220 865982 584137 803721 924477 833930 768882 166939 774911 354260 825639 714144 321899 94320 620454 349035 1086029 799138 554745 737313 440590 745854 788768 528631 408484 226029 360841 177382 715555 468220 259706 312972 1084336 494127 625291 805494 737643 640916
642247 118120 293760 782351 838090 403814 923680 404854 336370 356571 283410 990398 323072 636719 903448 736254 818241 879978 534262 635877 862680 323760 834355 579318 363964 810262 731990 224936 505093 922751 1017648 627122 627906 812336 322002 876983 819342 295883 747372 685761 551914 555533 1035821 874376 279280 844483 409125 792438 970424 999999999 609879 617513 273124 112328 420962 833712 650619 576652 789232 557978 855057 898952 590157 319267 808488 265110 101384 397494 326579 889710 229448 627541 786978 394065 811022 1040309 801622 709536 128851 183174 672548 297377 603580 228871 272477 445563 563497 817176 831189 843058 640782 526005 944051 869971 113915 602443 446180 166163 789128 339658
132436 725426 542263 180957 228374 448818 317258 288341 340550 554523 384433 382554 330849 419991 294369 517159 768049 355836 76859 531792 553728 420024 347865 338659 424434 452619 177163 607289 111788 321600 442701 176930 306674 747808 486056 267213 214969 532431 444044 206101 612590 428451 434575 301077 515233 541561 206756 732975 394425 609879 999999999 521484 482405 584125 423389 314009 424658 141105 182473 467299 460642 319009 27038 603467 363177 513959 547864 442700 504509 387384 457609 199407 536923 479589 416652 481342 637073 110359 734644 428549 500367 347678 68173 381277 499912 174436 104583 346076 464094 238772 383046 247944 337518 463096 721579 383136 231702 444793 467830 326768
649714 715175 780647 564815 642430 215197 749339 637124 628600 829809 626186 730680 369152 121479 714068 140168 1204925 870016 482696 965596 1060783 303510 868781 795464 734924 964577 465966 433131 452932 649060 918280 683831 233996 1188971 756719 683373 595249 774831 941879 724589 979714 98204 864932 794969 750323 1046542 515588 1170843 874257 617513 521484 999999999 718691 683447 772364 831544 126702 380902 588018 68807 978963 804178 530422 838613 363376 739320 516193 222480 774268 905206 658858 703067 191665 799049 933372 968206 1107267 526967 727510 500685 958554 388111 456295 511410 733106 527151 587478 867558 978421 696968 162830 692479 687706 982843 677522 840763 337761 541975 241556 614849
460138 343061 65766 662710 698141 515972 761895 201576 141861 112162 105758 854227 350606 690070 750421 803020 555573 663894 422090 362765 596041 425595 608759 328257 98644 553870 645851 449596 409747 801510 818070 427645 633816 547329 50404 729660 694816 57877 486211 480423 293025 631289 859942 683166 34947 577835 286863 527378 774194 273124 482405 718691 999999999 173541 152256 620273 702437 515584 661131 650373 602830 710231 456553 129137 783912 31617 305038 507248 61154 664523 62743 420022 846356 121347 562181 829848 528627 592717 346199 231262 400816 330595 506800 207647 17781 311377 399324 588370 575115 682074 677146 306074 812508 619421 369834 342320 427765 193560 818517 155968
593680 170452 183570 763177 810911 468564 887696 340103 270089 245711 215849 966367 347480 684793 871204 791128 707325 817911 512658 532584 769543 380426 767120 496478 270572 725040 726061 327241 489343 904586 964589 570481 657145 702000 218965 847003 798590 186698 658651 627247 441002 610519 994192 824413 172705 751333 377398 682153 918730 112328 584125 683447 173541 999999999 325642 772672 698370 577462 766545 619430 772694 850357 561320 207054 828858 159253 185128 461039 220607 822992 146478 567206 839742 290828 730661 981925 697164 690381 174659 194598 573646 321821 590460 216489 168998 411110 521008 748152 746227 806662 682324 458128 921636 788717 196695 514095 459404 158209 830454 277816
363057 495310 171445 593676 614192 589826 661590 146885 145112 148864 166639 766474 409925 720622 655969 834352 442826 532999 382388 222954 443929 505397 473390 184270 57283 403322 599148 574352 383948 724671 693642 319913 642646 430327 113115 639610 620842 162479 334490 363961 209289 677642 748393 567122 162412 425716 272108 410898 652614 420962 423389 772364 152256 325642 999999999 492127 731373 496671 586758 703788 453573 594889 396359 213797 765537 172414 436987 580869 121552 528269 192843 306424 871718 62157 414703 699117 388343 530340 498344 336360 252077 397440 465937 292842 159549 279320 323871 451521 424583 585396 699466 195222 728972 470739 521422 191820 447124 308374 828804 157912
206166 937081 659369 316686 268164 758321 234856 432836 502963 640251 557439 361758 617959 723422 252774 809575 636758 46705 372769 455394 324036 718224 53904 313841 528128 226999 401527 887655 410064 367465 202071 207341 606169 613537 597693 258930 311282 649658 270329 148262 596939 740827 275365 104495 643003 320327 442051 605586 164531 833712 314009 831544 620273 772672 492127 999999999 726033 451457 292663 780068 200544 128242 312154 705918 599320 648798 798180 751614 610443 73681 626849 206365 819687 553038 177690 209728 475474 317444 943651 671475 394672 628335 375851 616310 633970 406364 289084 72081 224917 199631 683779 315435 346659 192293 947175 329597 539576 672216 738577 496708
