NAME : synthetic_000122
TYPE : CTSP-D
DIMENSION : 100
GROUPS : 8
RELAXATION_LEVEL : 1
EDGE_WEIGHT_TYPE : EXPLICIT
EDGE_WEIGHT_FORMAT : FULL_MATRIX
EDGE_WEIGHT_SECTION
999999999 1072889 841531 779289 798792 324594 499369 778937 962506 841246 862301 34469 850504 392408 238215 737512 470224 713029 557861 347113 694578 228935 526440 347326 700922 744272 217336 1081962 1010497 158140 857914 843985 520021 1038860 702688 427310 202087 739191 997209 580025 271412 741742 531718 508224 957728 778790 907502 854117 222864 713703 756901 902828 740645 631582 683105 523521 1047199 911045 516469 603238 707380 298010 870247 643831 329026 824818 860670 74505 340680 803142 534930 958293 77086 557007 659358 729957 699698 552804 1216877 828213 187493 419660 656664 427546 672286 448366 600502 449304 206996 908110 671850 281749 362947 812022 857973 796218 389629 759412 849178 1053872
1072889 999999999 633606 649614 327243 973028 587297 613025 304250 427263 411424 1079385 570470 762754 1009667 336542 633747 367360 756005 873452 693009 1015578 561754 733839 703163 328812 942563 143042 260666 954009 344965 254301 569365 46803 600713 696220 876013 891323 197889 494279 808442 394873 654509 640156 573998 586004 594322 257370 850253 378788 434598 178436 569887 888167 500136 551071 426206 511693 935299 469653 897887 993453 342183 491903 869767 346658 377238 1059328 750501 630235 773452 130744 1065959 750069 453241 554120 405957 521179 286155 481328 986362 654940 816938 852852 421030 796084 493654 962301 928552 566452 577993 791141 860206 734593 682261 280449 790854 451992 588338 340677
841531 633606 999999999 966676 358634 573301 451412 935347 336994 210645 817634 826888 947258 776983 652440 522988 432468 437554 908552 504703 152805 929823 436437 550154 960387 510158 630766 528692 393277 813823 295540 429017 435934 587441 868763 439142 721871 281399 440907 479666 687600 321653 777085 362891 1015526 84180 76487 639229 681309 399689 744626 589567 130931 325703 743618 492006 295892 137158 428824 503302 299596 604124 295070 318396 518291 716939 259437 787173 685432 966034 316964 621258 881433 290910 642166 153318 368213 536103 560534 157168 671086 587240 253022 433938 394628 397608 399705 489478 823209 980358 820685 635534 868686 105190 1041821 548486 811038 766669 45530 360002
779289 649614 966676 999999999 642477 897373 569614 37053 794102 796506 239787 804805 100843 391404 872997 459680 620825 535796 228686 818570 912392 599097 568937 600544 89185 474783 791697 759002 797063 621212 735334 606098 573674 650187 102974 669560 602585 1094901 737229 497791 547487 653262 266290 689709 192217 884072 980027 412989 609244 572502 239865 503107 840112 1026601 223064 508603 943581 919524 990242 467919 1080482 897598 745011 652849 800011 311477 768565 813015 478142 29156 865102 527799 727692 860137 324515 816629 600430 449765 923647 833172 817025 484025 987559 859373 572192 818980 576106 968883 573254 148842 152424 580092 424374 1024407 86370 462274 389797 217232 936618 885529
798792 327243 358634 642477 999999999 654137 299700 607913 180422 158674 465439 798861 606415 570338 699398 182800 332524 118781 642563 555921 377863 794088 272657 451519 655502 167718 639536 288757 216467 706334 94274 77653 278861 282177 553901 388335 617556 581441 198957 240251 557388 68092 513185 321915 664504 289658 350174 281032 584269 94965 406498 234651 260781 566020 425404 288888 314172 280630 608105 237677 583477 676770 105374 169868 554979 364330 126089 772073 517746 636407 446212 274111 807665 422982 329572 240923 99309 291967 418723 204882 684499 408602 497446 528402 129976 471853 198547 635847 693402 633106 510646 524855 673103 445345 709075 193376 604166 429397 318887 280729
324594 973028 573301 897373 654137 999999999 403443 883712 781125 637222 893286 297538 939074 528098 89424 670825 348103 611331 716562 99914 420512 509225 424249 301926 839990 670805 128339 939829 837648 389491 681656 720198 416323 930859 800394 282646 336227 420623 845195 508517 364714 586887 631663 333230 1041888 529511 646979 813010 309800 594791 784532 830106 502946 313061 728688 459355 827433 672275 193024 543759 387807 31451 691964 484362 108078 823369 671194 252924 424503 913770 257639 884421 391128 284972 662186 500638 567191 515396 1044463 607266 139222 421715 350854 141568 553250 190617 483009 124712 428521 993087 756185 320845 561604 520346 983467 729911 546646 796134 592763 856669
499369 587297 451412 569614 299700 403443 999999999 545679 469026 367220 505366 500587 582939 325992 426219 268423 58152 220089 465012 305038 356936 509641 27072 152074 540542 269723 355803 583348 513587 411482 365586 346562 21203 549158 466644 122332 320381 526559 497848 105209 265071 245954 338104 120104 676093 368984 493064 409568 285478 215375 401139 431384 322001 457656 362254 63641 572649 465351 435578 141201 511072 418509 378322 159068 295579 425781 374943 476037 241869 577611 296780 486758 508860 290572 275783 301810 200447 125622 718321 371730 399228 136814 418617 314530 173317 264119 101183 431554 404702 630631 417242 226754 420637 480178 653709 328246 360311 416988 437050 564821
778937 613025 935347 37053 607913 883712 545679 999999999 757994 762688 204046 803340 78681 387938 862788 425204 598188 502641 238111 802519 884503 606602 543657 584625 110090 440200 781176 721959 760423 621321 700439 570253 548698 613265 83338 648947 597193 1069336 700383 470030 539521 620312 256271 665583 181355 853122 947238 375972 601414 539622 203820 466066 809590 1003275 192370 483793 907659 885761 970538 439075 1055690 885161 709971 623079 784527 274430 733981 809535 468712 31950 842061 490852 730215 836174 293529 786077 568249 423922 886637 800149 808149 466597 962434 840525 540720 798648 547471 951460 574321 133718 130030 569139 429615 994964 108592 426273 389632 181053 904594 849044
962506 304250 336994 794102 180422 781125 469026 757994 999999999 151126 589918 959469 743896 750760 838420 344798 492286 297275 817199 688105 424876 971843 442589 617870 817802 329410 787453 191912 59837 879967 104612 188935 447825 260269 713466 539613 789388 609126 106584 419930 731985 223111 689876 463472 784783 304870 291036 394656 754238 275320 554243 316333 303284 625413 587073 466339 150663 208464 696784 418036 620914 807199 92446 318783 691583 493236 110136 929280 696040 784058 543163 326882 977308 516233 497849 295023 274176 472371 263365 198188 832522 586326 550627 644722 307712 591145 370068 738876 869743 761066 673806 695774 853517 441169 852416 331865 784579 576947 291514 100409
841246 427263 210645 796506 158674 637222 367220 762688 151126 999999999 624072 834866 764190 678600 699284 338249 376663 261756 776545 547274 275188 876742 343443 505565 803690 323723 654130 336834 210866 774836 84912 221576 346758 380618 704682 413958 682018 466013 242567 348974 631327 147811 644427 333643 823145 159576 192087 437597 644249 226805 563190 381200 152455 475528 576251 382539 207173 123089 545841 360123 475171 664409 85356 208154 552830 522981 50025 801702 607161 791844 393736 410895 863868 366485 477088 144030 206070 406892 410304 54293 698761 498239 401169 498589 240191 446610 279955 589225 771331 791692 659488 588532 778875 308077 865434 351975 713310 585979 167191 219743
862301 411424 817634 239787 465439 893286 505366 204046 589918 624072 999999999 880618 160826 479919 892776 295950 563337 383227 393749 800492 797342 730354 493382 594547 303993 307923 812226 527834 582664 712786 550685 410980 500344 415454 213425 624867 663759 995860 518410 406666 596774 496159 340866 615864 199075 740714 815474 195270 655384 420697 109541 279447 702234 947385 179200 442676 740448 745101 940090 369847 988158 901830 558103 530040 786654 101140 587216 876701 524224 219034 792663 294491 828435 780376 231747 679167 455060 381998 690172 669082 847264 477549 894532 819522 436647 769413 469456 936169 672344 171160 213116 608576 553466 892505 273135 272102 495395 103038 781033 673364
34469 1079385 826888 804805 798861 297538 500587 803340 959469 834866 880618 999999999 873892 415732 209632 745302 467937 716928 585363 327544 678352 262897 527579 348811 727742 751427 197782 1083930 1008678 185318 854875 846660 520867 1044343 726021 421353 217217 715086 997696 585372 285701 740204 553683 501236 981199 766413 894222 865435 232640 715783 774208 911263 729493 607315 701506 528623 1039874 900724 490283 610196 682919 269851 867055 640735 310740 839832 856124 44618 356939 828159 516927 966930 111528 539914 673370 719756 700173 561257 1215882 819709 163505 429304 635272 406907 673897 431233 601319 421997 235000 931452 693758 289610 391925 793669 884431 804560 415051 777597 836220 1049363
850504 570470 947258 100843 606415 939074 582939 78681 743896 764190 160826 873892 999999999 458236 923309 426788 637994 509985 316292 854196 908593 683456 577571 637706 186937 440847 841515 688659 740205 693600 696089 560017 583341 576052 147873 692765 664459 1099419 677095 498006 604183 627251 321747 701311 107318 866893 952866 351521 665918 547771 202653 438612 825207 1039286 220712 519645 894527 886887 1014710 464215 1087863 942412 704600 642747 837254 250826 731338 878153 532084 72567 879382 455314 804080 871292 315104 801720 579191 458049 850807 805403 870598 518159 994054 886883 554937 842189 571711 1000145 647455 57612 184665 629844 505726 1013562 112322 416699 462583 180638 913786 830421
392408 762754 776983 391404 570338 528098 325992 387938 750760 678600 479919 415732 458236 999999999 490427 437775 349028 455626 188658 465353 671485 257221 343621 263231 320387 449925 411239 811855 782277 236580 656117 583607 342870 738852 310371 367050 211887 812938 746464 332975 164021 538519 140829 424127 565521 694923 818584 514776 223440 475485 381155 584343 647976 723692 303607 296420 875766 786185 656524 332936 790507 522787 668799 476183 443919 460522 675160 421831 109351 413570 568532 635323 350246 573958 311388 627756 481158 278449 968938 691608 431265 189762 705995 524521 446203 499168 398916 619355 193131 515823 280281 209191 102902 798330 473712 485763 34755 379174 762955 851022
238215 1009667 652440 872997 699398 89424 426219 862788 838420 699284 892776 209632 923309 490427 999999999 693895 376163 643232 678311 152664 499945 435934 450083 299658 809110 695823 81796 987776 893121 321689 736394 760531 442248 969342 780118 313633 284753 510007 894999 528454 327322 633898 607043 378472 1028469 603130 724590 831391 266992 631369 783245 857601 572931 402388 721338 475028 895504 744312 282226 561347 477223 60299 747409 530349 146850 830825 729550 165092 394867 891643 335493 912930 307993 361702 665242 568138 607154 525433 1101313 673764 63550 415262 438061 218716 588848 258647 516018 212756 365250 978935 738747 293742 509220 605049 958082 754027 504222 792533 668918 918917
737512 336542 522988 459680 182800 670825 268423 425204 344798 338249 295950 745302 426788 437775 693895 999999999 322724 87502 475226 571566 504375 684210 246584 404580 474865 15473 621102 374260 361351 617771 276060 157901 254513 306177 372037 388214 539603 705736 315094 165708 471903 201449 352408 353353 492726 445002 526078 145777 514660 124759 225018 166420 406296 666405 243988 221050 490020 461288 677078 135751 700569 686755 286160 239925 563381 196834 308888 727440 414843 453924 520140 222278 729420 503698 153406 383264 159497 184877 533701 378619 663230 318594 608019 569974 144978 514993 195649 686399 593689 457529 330185 456032 539072 596585 527198 60339 468711 247761 487899 442469
470224 633747 432468 620825 332524 348103 58152 598188 492286 376663 563337 467937 637994 349028 376163 322724 999999999 267076 502589 248936 322863 506053 76179 128946 587255 322859 309748 620319 540757 399049 387704 387150 68266 594024 517944 65525 305881 480189 531401 162352 260002 272311 380229 75868 732462 353203 481559 465546 267658 256488 458657 483168 307463 405930 417595 120881 583832 463488 378378 198833 462704 364578 400069 173768 240830 483866 391694 439805 253089 630048 244330 538044 487812 240985 333259 289853 235485 182555 748031 372722 354203 161658 371776 256393 213772 206433 140306 373402 399365 686552 468878 213080 436897 449340 705676 381886 382122 474134 423748 584483
713029 367360 437554 535796 118781 611331 220089 502641 297275 261756 383227 716928 509985 455626 643232 87502 267076 999999999 524002 511419 417376 687494 194396 368796 542213 77319 575225 371346 326668 607542 211703 133290 202007 329131 442952 330733 522564 619433 294692 135124 458484 117791 394406 283398 579273 358464 444709 225685 492678 37875 307347 220241 319067 583433 314603 190209 432796 384340 601142 123414 615105 629908 223423 155578 505850 284336 239641 694540 411578 532426 441625 273500 714005 423471 215444 295952 71998 179304 518697 297511 619004 305349 523130 500959 62375 444794 128339 615704 590034 543008 397810 432824 558527 509294 607132 130826 488948 329611 403867 397636
557861 756005 908552 228686 642563 716562 465012 238111 817199 776545 393749 585363 316292 188658 678311 475226 502589 524002 999999999 651059 821802 370418 474951 441101 144214 490154 599656 835501 836574 400137 735623 632982 476826 742900 183317 534459 396344 980384 788367 432547 352661 629126 132579 578094 418567 824495 939143 498783 411469 553691 325468 583908 777623 897269 255871 417000 956732 893979 838688 416648 960450 711442 747420 592478 630114 415325 761893 598038 293930 255685 738118 625410 502111 739869 322664 755434 570535 374475 1000250 800503 618305 343122 872154 705986 536402 675712 510692 805078 350867 371773 183900 396598 197296 944955 301593 505455 175258 312421 887529 916345
347113 873452 504703 818570 555921 99914 305038 802519 688105 547274 800492 327544 854196 465353 152664 571566 248936 511419 651059 999999999 353545 493572 325113 218040 766685 571292 129957 842692 743659 369508 587126 620992 317202 831496 719288 183411 297349 398986 748649 410245 307946 489074 555451 234265 955193 451804 575269 714361 262931 495034 692493 730288 420560 293609 640017 362553 742840 592218 197303 445924 368990 120858 597817 386053 22769 727661 578709 285532 357280 833247 190085 784545 400781 214381 568813 415491 467782 420151 951362 521115 167007 336346 310299 81229 453406 107464 383101 154065 399807 907000 673468 256656 514050 466213 904934 630447 488273 705146 518747 767003
694578 693009 152805 912392 377863 420512 356936 884503 424876 275188 797342 678352 908593 671485 499945 504375 322863 417376 821802 353545 999999999 798322 349602 425415 892845 494676 481164 611882 484664 678699 350071 455380 346620 646279 810646 312565 588945 204279 516900 414623 562684 319775 694740 247375 988823 124161 226979 639706 548305 381799 709797 610021 123912 200537 693037 410014 426327 263849 284567 445762 205862 451320 355148 267620 368193 700565 322836 637735 571651 916200 164504 651905 738427 139167 594035 138997 345874 464427 674859 227074 520427 484347 125983 281300 360811 247312 337432 340521 692987 948674 761191 508170 755791 127892 992972 544385 704133 730111 175385 474754
228935 1015578 929823 599097 794088 509225 509641 606602 971843 876742 730354 262897 683456 257221 435934 684210 506053 687494 370418 493572 798322 999999999 534179 380712 513491 694932 382267 1054685 1010328 124175 871024 819950 530335 989258 540568 490683 209402 889897 982178 554694 246265 750472 390108 568433 787882 855066 985029 771070 250019 700248 636048 837651 810867 786452 558017 505578 1082205 969458 686753 564935 861149 489581 883874 668626 471299 717298 883506 294255 276452 625874 657565 889839 154933 673016 567430 794704 697679 508947 1206172 877892 373882 385609 793344 572215 664563 572402 603345 628594 106904 740101 521564 294878 178758 924677 669690 736114 235918 632193 926513 1070218
526440 561754 436437 568937 272657 424249 27072 543657 442589 343443 493382 527579 577571 343621 450083 246584 76179 194396 474951 325113 349602 534179 999999999 179138 544001 246964 380888 556379 486753 437557 339410 319811 7933 523210 466154 141703 346824 525964 470776 87875 290488 219478 345855 124059 668401 353186 475077 389471 312251 188555 391190 407867 306071 461717 357057 60797 548065 444285 446751 124901 512055 440393 352177 135695 316834 410702 349608 502801 264030 575603 302378 462999 535675 293740 266460 285073 173390 119943 691307 350171 424608 156500 418792 329375 146371 277064 74122 446592 429743 623804 416579 253335 440229 470460 652076 305886 378201 408050 419934 538771
347326 733839 550154 600544 451519 301926 152074 584625 617870 505565 594547 348811 637706 263231 299658 404580 128946 368796 441101 218040 425415 380712 179138 999999999 550210 408851 221232 735217 664234 270500 513604 497858 172697 697356 501352 112881 177197 551133 649886 240212 137807 395647 338306 187799 740039 474417 604318 536035 138712 366994 485190 570830 430169 460470 427004 183767 712720 590824 397931 269064 527859 307887 526159 301046 199942 531207 519480 325803 154816 615269 306766 626686 359847 314521 365722 414267 352378 227647 869876 501044 260857 119799 445260 265157 325234 236074 253177 369270 273819 691348 455880 85847 334492 553246 686912 464821 291767 495675 545822 711668
700922 703163 960387 89185 655502 839990 540542 110090 817802 803690 303993 727742 186937 320387 809110 474865 587255 542213 144214 766685 892845 513491 544001 550210 999999999 490329 728766 802496 827022 542889 749674 628916 547711 698669 105636 629905 532107 1066688 771010 482391 481812 657054 212189 659695 281340 876605 980583 454778 542742 576961 273632 544967 831127 991947 230962 483253 964703 925616 946058 457085 1049932 837780 760278 642511 746990 357261 780592 738615 416047 118082 830496 576549 646230 828240 326796 807937 601102 429000 968351 835780 751031 439003 958451 813751 570024 777338 562463 919322 494018 237742 144863 519583 341498 1010027 157429 488466 313836 253519 933667 912930
744272 328812 510158 474783 167718 670805 269723 440200 329410 323723 307923 751427 440847 449925 695823 15473 322859 77319 490154 571292 494676 694932 246964 408851 490329 999999999 623917 361932 346442 626587 260782 142844 254893 297015 387447 388191 547290 696709 300992 168917 480008 188505 366752 350284 505370 432791 512114 150473 521529 113569 239470 162292 394730 659328 259441 225084 474547 446703 672666 141232 692150 687349 270816 231922 563689 208059 293801 732773 424273 468791 514769 218052 737590 497696 168641 371835 148998 192508 520436 364715 666416 326218 599942 567504 137228 512145 192367 683563 603398 470800 345656 462578 551548 585036 541849 59235 481178 262276 474593 427206
217336 942563 630766 791697 639536 128339 355803 781176 787453 654130 812226 197782 841515 411239 81796 621102 309748 575225 599656 129957 481164 382267 380888 221232 728766 623917 999999999 928243 840174 261422 683855 696817 373230 903472 698441 251221 210491 524107 837308 455400 247443 575956 525601 323990 946683 573245 699491 756112 188407 566229 702687 786154 538558 417054 640018 400656 855569 710602 307631 487014 492942 114415 695410 472946 113069 752060 680403 156572 313699 810132 319167 841787 274268 342404 585765 530749 544434 448520 1048676 633777 45135 334719 439394 210214 523509 233858 449953 246547 300231 897142 656961 212053 436371 595901 876941 681417 426637 711607 642021 872327
1081962 143042 528692 759002 288757 939829 583348 721959 191912 336834 527834 1083930 688659 811855 987776 374260 620319 371346 835501 842692 611882 1054685 556379 735217 802496 361932 928243 999999999 136319 978716 266305 238474 563182 116522 697353 677071 893813 800321 96491 506452 829769 353970 721273 609603 704089 494786 479203 347885 863271 368285 528904 257541 488451 811909 583570 561271 290212 397501 875072 490812 811171 963482 258907 457480 842717 447919 289302 1058738 780629 742620 716711 233378 1085222 690987 516602 477064 384940 546419 165961 387589 973174 676247 737853 809555 410034 753831 482898 911315 959827 691545 667444 803404 913329 633050 800957 331935 842965 549123 483268 203121
1010497 260666 393277 797063 216467 837648 513587 760423 59837 210866 582664 1008678 740205 782277 893121 361351 540757 326668 836574 743659 484664 1010328 486753 664234 827022 346442 840174 136319 999999999 922443 156731 203726 492482 219897 721724 590773 833065 667682 68217 455867 773656 268760 712315 516408 773227 364272 342911 388685 799001 310162 558019 303837 363108 685197 597993 505347 168897 261197 756283 449799 680001 863281 145842 368604 746410 489870 168345 979632 733902 784978 601978 304220 1022427 575193 514401 354629 314733 505308 208512 257843 885299 624985 610369 702216 346418 648152 413095 797694 909868 752954 684722 739928 885175 498023 850595 338587 815502 580243 348001 91049
158140 954009 813823 621212 706334 389491 411482 621321 879967 774836 712786 185318 693600 236580 321689 617771 399049 607542 400137 369508 678699 124175 437557 270500 542889 626587 261422 978716 922443 999999999 776966 740798 432651 923601 545970 375809 93338 765800 900323 472451 149250 656912 377106 455776 800689 741377 871758 721953 133085 615101 609929 779042 698355 662279 534192 418876 981746 861141 563421 489066 736986 371963 789727 568182 347185 682849 785992 202158 204189 645214 534727 833400 116320 550962 521433 683471 607716 434670 1123668 771534 258340 302559 669786 448041 576493 449034 510001 506642 49948 751209 516850 186305 207139 804170 699866 673850 231745 610559 812990 976286
857914 344965 295540 735334 94274 681656 365586 700439 104612 84912 550685 854875 696089 656117 736394 276060 387704 211703 735623 587126 350071 871024 339410 513604 749674 260782 683855 266305 156731 776966 999999999 141490 344391 298177 647791 435290 685920 546418 169857 323295 629546 120565 605494 359927 749424 241240 272424 360155 650379 183235 497991 298620 226227 548369 519383 366517 221758 196096 608784 325914 553663 706969 12854 214172 589699 450180 37787 824828 596147 728507 451002 326395 873238 424989 423846 212492 175301 378204 365108 138944 728963 486189 475380 547495 210022 492800 267874 646180 768015 720237 604812 592188 758378 392413 800388 279848 690371 520938 251841 199458
843985 254301 429017 606098 77653 720198 346562 570253 188935 221576 410980 846660 560017 583607 760531 157901 387150 133290 632982 620992 455380 819950 319811 497858 628916 142844 696817 238474 203726 740798 141490 999999999 326894 210864 524532 447132 655391 658743 162971 268348 591694 142329 508705 386976 609171 363991 412830 218862 624823 131304 366449 160587 337304 643426 398309 322831 337506 337577 682963 255027 661065 741480 147740 237637 618363 311313 179025 822594 544462 596954 520876 196943 846777 498328 311254 317967 153505 311046 386504 272516 741348 438635 575075 598571 173851 541810 247492 708223 723170 581412 485095 564952 686252 519402 666738 144169 616125 389283 387369 284996
520021 569365 435934 573674 278861 416323 21203 548698 447825 346758 500344 520867 583341 342870 442248 254513 68266 202007 476826 317202 346620 530335 7933 172697 547711 254893 373230 563182 492482 432651 344391 326894 999999999 530705 470821 133791 341584 521286 477204 95350 286067 224758 348319 118007 674642 352952 475717 397344 306637 195601 397792 415763 305862 455989 362730 65088 551880 446235 439747 132313 507006 432462 357129 138692 308901 418096 353913 495801 261371 580648 296279 470876 529996 288123 272894 285157 179682 125402 697394 352333 417011 154787 413901 321861 153277 269762 80506 439078 425582 629873 421270 247952 438741 468233 657049 313819 377365 414475 420220 543641
1038860 46803 587441 650187 282177 930859 549158 613265 260269 380618 415454 1044343 576052 738852 969342 306177 594024 329131 742900 831496 646279 989258 523210 697356 698669 297015 903472 116522 219897 923601 298177 210864 530705 999999999 594634 655714 843681 844522 154754 459023 776815 350064 636204 597698 588066 539253 549303 245699 816705 337973 426639 159157 523109 841677 487657 515733 387570 466745 889901 436355 851103 951798 295477 448356 828374 341566 330596 1023144 721003 632449 728197 122504 1034366 704580 432561 507417 363715 489301 274757 434728 947554 622774 770309 809149 380528 752421 453724 917836 899845 576675 568512 757257 837861 688126 688344 253332 767996 445509 542242 303603
702688 600713 868763 102974 553901 800394 466644 83338 713466 704682 213425 726021 147873 310371 780118 372037 517944 442952 183317 719288 810646 540568 466154 501352 105636 387447 698441 697353 721724 545970 647791 524532 470821 594634 999999999 567279 517191 992091 665415 396311 458061 559345 174792 586741 255179 785636 885026 349942 519927 478718 168494 439906 741093 923662 128593 405738 861073 827261 888445 367503 977546 801969 658103 553092 701233 254078 679579 730548 386662 114027 762188 472907 657105 757164 228292 717679 504844 347238 863270 738984 725987 383551 884673 758037 475250 716854 475243 868520 500186 205452 49592 486389 361926 923933 188001 383281 315463 149141 840008 808008
427310 696220 439142 669560 388335 282646 122332 648947 539613 413958 624867 421353 692765 367050 313633 388214 65525 330733 534459 183411 312565 490683 141703 112881 629905 388191 251221 677071 590773 375809 435290 447132 133791 655714 567279 999999999 283161 446974 586156 227380 250482 324937 419165 81677 789564 365569 495951 531028 242804 317742 518840 548058 322800 363441 473580 182606 619990 488458 322056 263533 426116 299592 447202 222405 175642 547586 434957 389802 262233 680583 203674 602737 453399 207060 393662 308761 294009 242896 799065 402281 296233 192376 339372 195335 275258 149741 202781 311388 384127 742826 518975 196890 445148 440421 755260 447273 397876 533372 437181 628131
202087 876013 721871 602585 617556 336227 320381 597193 789388 682018 663759 217217 664459 211887 284753 539603 305881 522564 396344 297349 588945 209402 346824 177197 532107 547290 210491 893813 833065 93338 685920 655391 341584 843681 517191 283161 999999999 686135 813210 387659 69355 566286 342713 362689 771608 648652 778975 652564 40679 527765 557043 703673 605365 585172 484801 332562 889042 767806 494498 407389 658601 324887 698634 475883 274582 623105 694031 214541 139736 623913 449828 758822 191448 464342 457307 590291 518503 354835 1035842 678241 223044 221078 586920 371772 488171 366020 420020 444039 105711 721692 481682 93837 225886 715288 685479 597395 221168 560721 720249 885002
739191 891323 281399 1094901 581441 420623 526559 1069336 609126 466013 995860 715086 1099419 812938 510007 705736 480189 619433 980384 398986 204279 889897 525964 551133 1066688 696709 524107 800321 667682 765800 546418 658743 521286 844522 992091 446974 686135 999999999 707952 601488 678557 524055 860362 406997 1184046 306456 350913 843131 647728 584631 904179 814223 322707 107798 880553 586374 576338 418325 230101 635348 33625 450928 549866 466475 420375 900768 515644 670829 705761 1101263 244470 855548 798217 240516 784457 340896 548554 645436 841868 413333 551972 637267 108427 318460 561091 321192 528980 301979 791471 1142213 942527 622604 884017 179171 1177853 747695 842612 923585 323949 641052
997209 197889 440907 737229 198957 845195 497848 700383 106584 242567 518410 997696 677095 746464 894999 315094 531401 294692 788367 748649 516900 982178 470776 649886 771010 300992 837308 96491 68217 900323 169857 162971 477204 154754 665415 586156 813210 707952 999999999 428656 751073 261455 667463 516530 707089 401649 397472 326001 781064 285453 499584 238975 393179 716524 544177 481450 236912 314843 778592 417530 717706 869300 162731 364876 749330 427791 194067 971027 706220 724047 620267 236391 1004105 594506 465774 381176 297581 473570 224009 294619 882364 599226 642778 713887 325532 658371 396710 814987 884364 687998 630430 721370 849033 544031 788144 284623 778842 521392 395385 158253
580025 494279 479666 497791 240251 508517 105209 470030 419930 348974 406666 585372 498006 332975 528454 165708 162352 135124 432547 410245 414623 554694 87875 240212 482391 168917 455400 506452 455867 472451 323295 268348 95350 459023 396311 227380 387659 601488 428656 999999999 323362 205784 300030 209207 585417 395545 506733 304619 358548 145715 306476 331173 349457 543674 279383 56793 542888 462795 534021 37082 589974 523070 336022 161343 400560 322845 342439 565129 278258 501796 386577 386963 579104 375734 183528 326515 148185 58365 652534 368691 497639 170578 496115 417211 113280 364887 80167 534428 455744 542013 346998 298817 435092 528215 578574 226017 367361 324395 456011 519708
271412 808442 687600 547487 557388 364714 265071 539521 731985 631327 596774 285701 604183 164021 327322 471903 260002 458484 352661 307946 562684 246265 290488 137807 481812 480008 247443 829769 773656 149250 629546 591694 286067 776815 458061 250482 69355 678557 751073 323362 999999999 509178 283364 324802 710903 610977 740416 583302 61894 465879 489386 635291 566119 582333 418253 269628 837462 723243 503386 341053 653160 358790 642351 423476 285736 554172 639978 279958 73088 567365 436291 690290 257582 447061 388084 549348 459015 287531 974447 631640 269703 154221 575169 374142 427469 357886 361932 460778 140062 661002 420124 56034 207658 690387 631876 529222 182192 493784 682156 828999
741742 394873 321653 653262 68092 586887 245954 620312 223111 147811 496159 740204 627251 538519 633898 201449 272311 117791 629126 489074 319775 750472 219478 395647 657054 188505 575956 353970 268760 656912 120565 142329 224758 350064 559345 324937 566286 524055 261455 205784 509178 999999999 497247 255634 693874 245107 326948 323481 531312 80770 424725 290572 209598 502594 431401 246418 337260 268603 540865 213357 523969 609925 133411 103550 488761 395714 136666 711874 475808 650179 378834 334650 754548 356047 331141 187661 58784 262489 475721 179913 621038 365836 435796 460368 93664 403856 147344 567824 647481 658971 513358 472707 640249 399050 724923 229666 573000 447118 286616 319953
531718 654509 777085 266290 513185 631663 338104 256271 689876 644427 340866 553683 321747 140829 607043 352408 380229 394406 132579 555451 694740 390108 345855 338306 212189 366752 525601 721273 712315 377106 605494 508705 348319 636204 174792 419165 342713 860362 667463 300030 283364 497247 999999999 454543 428908 692951 806713 398999 345251 422821 246884 477630 646203 782232 168865 286715 827055 761478 733903 284348 842201 631386 617478 460288 536160 331451 630842 556592 212500 284648 621255 524261 491075 620525 204799 623833 438556 242060 884004 667940 551920 227329 751936 601564 404237 565637 378473 707562 333917 378997 140143 313830 215753 816300 352029 389343 154571 242115 755386 789665
508224 640156 362891 689709 321915 333230 120104 665583 463472 333643 615864 501236 701311 424127 378472 353353 75868 283398 578094 234265 247375 568433 124059 187799 659695 350284 323990 609603 516408 455776 359927 386976 118007 597698 586741 81677 362689 406997 516530 209207 324802 255634 454543 999999999 792451 286636 416662 499060 322706 263127 514879 503635 242729 338148 480659 182058 539001 406926 326015 246042 391021 355026 371430 152186 233149 530259 356931 468308 325714 697525 178320 556491 535068 170596 390419 227780 234199 243283 724915 320663 369076 237502 298833 217668 222804 161895 157919 333287 461567 747839 537325 273570 509974 374332 773709 409158 456893 531991 358089 549611
957728 573998 1015526 192217 664504 1041888 676093 181355 784783 823145 199075 981199 107318 565521 1028469 492726 732462 579273 418567 955193 988823 787882 668401 740039 281340 505370 946683 704089 773227 800689 749424 609171 674642 588066 255179 789564 771608 1184046 707089 585417 710903 693874 428908 792451 999999999 937642 1014486 391376 772553 617034 279889 469823 898112 1129033 316164 612459 934723 944115 1110600 550026 1174309 1046144 756627 721289 938866 300177 786099 985411 638580 163737 970751 474058 910729 961004 402220 874856 650577 550480 859815 867949 976497 620249 1080394 984581 629830 938168 655095 1099048 754325 49923 290857 735414 610953 1088063 151798 471176 569443 261051 979498 864274
778790 586004 84180 884072 289658 529511 368984 853122 304870 159576 740714 766413 866893 694923 603130 445002 353203 358464 824495 451804 124161 855066 353186 474417 876605 432791 573245 494786 364272 741377 241240 363991 352952 539253 785636 365569 648652 306456 401649 395545 610977 245107 692951 286636 937642 999999999 130422 567103 608363 320644 664457 523902 47118 322824 661095 408154 303805 143395 407519 419549 316388 559299 243909 234338 462843 640590 209328 728369 605367 883983 272654 559874 814348 244915 559684 69141 287865 451925 551009 107201 615393 505345 247554 387994 312702 344625 315548 460253 748203 901363 737371 560205 787858 155688 960001 474385 729142 686260 71616 350644
907502 594322 76487 980027 350174 646979 493064 947238 291036 192087 815474 894222 952866 818584 724590 526078 481559 444709 939143 575269 226979 985029 475077 604318 980583 512114 699491 479203 342911 871758 272424 412830 475717 549303 885026 495951 778975 350913 397472 506733 740416 326948 806713 416662 1014486 130422 999999999 629670 738724 407618 750797 571039 174298 401418 757685 526675 226238 82651 505280 526033 371561 677575 268708 347111 587807 714336 234647 855400 732305 977126 389699 596817 944323 362984 656793 192045 380183 564673 495200 147484 740731 629878 329276 506708 410561 467828 428666 565530 878136 982135 838194 690153 913522 171757 1051775 543520 853078 773370 58834 297518
854117 257370 639229 412989 281032 813010 409568 375972 394656 437597 195270 865435 351521 514776 831391 145777 465546 225685 498783 714361 639706 771070 389471 536035 454778 150473 756112 347885 388685 721953 360155 218862 397344 245699 349942 531028 652564 843131 326001 304619 583302 323481 398999 499060 391376 567103 629670 999999999 632801 258760 181491 90464 533074 809101 242944 356416 545178 556049 822750 270288 839948 827659 366598 381262 705125 101931 397442 851739 518308 398572 665224 126660 837042 648129 203642 511075 294881 308727 513626 485790 796805 436544 748456 715337 287194 660577 341425 831940 691165 366410 322815 576744 608778 722073 462196 95476 540669 201289 599914 478999
222864 850253 681309 609244 584269 309800 285478 601414 754238 644249 655384 232640 665918 223440 266992 514660 267658 492678 411469 262931 548305 250019 312251 138712 542742 521529 188407 863271 799001 133085 650379 624823 306637 816705 519927 242804 40679 647728 781064 358548 61894 531312 345251 322706 772553 608363 738724 632801 999999999 495923 547275 679996 565271 547691 477533 302515 851390 728433 460194 380639 620613 301481 663032 439055 240214 609128 657454 222198 134100 629230 410159 735497 223447 424238 441943 550432 485003 329942 1002942 639362 208320 197012 547674 335163 455568 327037 386017 412505 145577 722666 481722 59872 253086 674723 693480 573367 238269 552565 679971 849083
713703 378788 399689 572502 94965 594791 215375 539622 275320 226805 420697 715783 547771 475485 631369 124759 256488 37875 553691 495034 381799 700248 188555 366994 576961 113569 566229 368285 310162 615101 183235 131304 195601 337973 478718 317742 527765 584631 285453 145715 465879 80770 422821 263127 617034 320644 407618 258760 495923 999999999 345121 244050 281539 551765 350673 196332 404980 348746 574598 143229 581188 614763 195521 124931 490998 321421 208206 691356 423798 569571 413785 294944 718749 394396 250632 258511 36121 197058 508568 260681 610605 315248 489864 479292 42723 422694 116378 592514 600477 580876 432974 436145 578209 471826 644479 163292 509390 367333 366181 375538
756901 434598 744626 239865 406498 784532 401139 203820 554243 563190 109541 774208 202653 381155 783245 225018 458657 307347 325468 692493 709797 636048 391190 485190 273632 239470 702687 528904 558019 609929 497991 366449 397792 426639 168494 518840 557043 904179 499584 306476 489386 424725 246884 514879 279889 664457 750797 181491 547275 345121 999999999 271420 623148 850037 78084 337784 703840 686169 836705 270592 894470 792675 507197 442668 678242 89877 532257 769045 417311 230788 692847 305497 726080 682180 125398 599698 376651 276252 694800 603314 737818 368010 800562 714016 353103 665087 375211 830190 571406 238905 143731 499559 462603 812081 302581 222459 400140 22951 711186 645976
902828 178436 589567 503107 234651 830106 431384 466066 316333 381200 279447 911263 438612 584343 857601 166420 483168 220241 583908 730288 610021 837651 407867 570830 544967 162292 786154 257541 303837 779042 298620 160587 415763 159157 439906 548058 703673 814223 238975 331173 635291 290572 477630 503635 469823 523902 571039 90464 679996 244050 271420 999999999 495235 791351 329080 387127 465362 493454 818636 302170 814541 847639 302754 368418 723691 191659 336391 893812 574993 488104 657616 55865 892198 637644 275081 474897 278112 350112 423390 432874 828706 483264 725987 721149 281446 664896 347677 835560 752051 449202 411223 621764 681846 679505 550125 106704 612433 291589 547676 394799
740645 569887 130931 840112 260781 502946 322001 809590 303284 152455 702234 729493 825207 647976 572931 406296 307463 319067 777623 420560 123912 810867 306071 430169 831127 394730 538558 488451 363108 698355 226227 337304 305862 523109 741093 322800 605365 322707 393179 349457 566119 209598 646203 242729 898112 47118 174298 533074 565271 281539 623148 495235 999999999 323458 617340 361129 324622 172100 395569 374294 328008 531920 231240 188617 430007 602786 199189 692436 559065 840622 249812 534227 773899 221934 516062 23528 247535 405487 558519 108628 581545 458469 249619 361649 270292 314598 269343 442878 703965 860897 692606 516015 741244 190310 916848 439093 682232 644692 116288 361299
631582 888167 325703 1026601 566020 313061 457656 1003275 625413 475528 947385 607315 1039286 723692 402388 666405 405930 583433 897269 293609 200537 786452 461717 460470 991947 659328 417054 811909 685197 662279 548369 643426 455989 841677 923662 363441 585172 107798 716524 543674 582333 502594 782232 338148 1129033 322824 401418 809101 547691 551765 850037 791351 323458 999999999 818718 520187 618146 455285 124760 579468 75895 343542 554166 427866 315474 856443 522631 563042 615078 1035195 161635 837151 691303 168086 726865 335880 515987 581374 873486 427517 444276 555814 75307 214264 522113 225198 478172 196442 689875 1085128 874445 526812 789384 239813 1111146 714131 751907 868055 361245 672567
683105 500136 743618 223064 425404 728688 362254 192370 587073 576251 179200 701506 220712 303607 721338 243988 417595 314603 255871 640017 693037 558017 357057 427004 230962 259441 640018 583570 597993 534192 519383 398309 362730 487657 128593 473580 484801 880553 544177 279383 418253 431401 168865 480659 316164 661095 757685 242944 477533 350673 78084 329080 617340 818718 999999999 298932 733742 698942 795067 247282 868194 734675 529796 430719 624280 163996 551010 698197 345467 223694 658677 369546 650107 650792 101452 593837 377697 237377 749231 611227 673210 307584 774522 668459 349138 622542 355675 782910 494715 269266 86824 432763 384615 802629 300319 259805 322100 76406 713679 682843
523521 551071 492006 508603 288888 459355 63641 483793 466339 382539 442676 528623 519645 296420 475028 221050 120881 190209 417000 362553 410014 505578 60797 183767 483253 225084 400656 561271 505347 418876 366517 322831 65088 515733 405738 182606 332562 586374 481450 56793 269628 246418 286715 182058 612459 408154 526675 356416 302515 196332 337784 387127 361129 520187 298932 999999999 582533 490245 499057 86395 571991 472351 379362 180682 351297 365391 381962 508367 229773 515742 359775 442972 523951 352589 212389 339325 192171 61982 704862 395604 442373 119990 478958 376846 159060 327304 102598 493573 404529 567063 356192 242687 396339 529898 592083 281369 331171 353428 472994 565117
