NAME : synthetic_000360
TYPE : CTSP-D
DIMENSION : 100
GROUPS : 8
RELAXATION_LEVEL : 1
EDGE_WEIGHT_TYPE : EXPLICIT
EDGE_WEIGHT_FORMAT : FULL_MATRIX
EDGE_WEIGHT_SECTION
999999999 297285 600993 420532 426425 403068 172374 677682 361639 432559 350021 427117 664997 597404 768565 702252 660974 394647 320269 168143 419065 354561 490474 490699 726817 424415 393505 267065 342261 478912 637226 308459 627688 431647 642901 430717 780456 192270 414777 517389 298722 611153 799242 537451 544958 239343 420674 277676 239209 133687 360024 179936 256270 715755 624451 310104 544241 652815 42403 102856 484201 240301 75078 234906 214659 654750 184236 826937 183573 162638 571676 374955 405650 223603 538512 82145 180855 648843 73989 342858 702994 273804 593338 174024 156676 533049 667634 350787 604419 595963 149397 248948 816658 654902 153385 324100 273212 624594 479130 598881
297285 999999999 526751 136361 665209 371074 451490 424714 67713 405999 202313 551209 430191 637696 471291 451203 570586 157184 565543 393498 239888 306693 253566 421167 437001 595068 419550 34489 45727 439520 552387 175706 664741 195846 375353 582884 635192 126912 635813 225042 131729 586241 723539 566553 270134 68430 391304 403546 184257 347453 366991 367857 47996 684388 351733 63830 676571 361678 265645 370420 292757 65973 315991 265882 138584 425853 365057 701180 281674 458386 565383 268581 558621 278404 632532 362788 423674 507484 355661 230116 644083 564081 497995 462737 273824 235868 371432 97732 307286 305968 446357 48789 523154 485021 204824 408736 473081 406542 731221 594868
600993 526751 999999999 474392 617443 197997 612338 411304 554530 922976 324723 1010878 355635 234350 715732 414671 62985 671278 583882 512799 763513 822843 749062 112922 585643 451776 920679 511457 538133 124968 38424 357228 241797 374360 446748 415191 219067 592868 564256 516197 398417 104119 202508 194870 711639 561727 181287 853344 682496 504665 245660 469012 504734 167557 459266 463382 412541 719080 609894 569636 808708 558858 671504 366501 444869 337409 773882 237688 418743 713859 130640 261474 411157 377520 326168 588175 539282 138634 588388 301798 117441 705598 45085 643210 445045 588786 613574 616855 601838 526240 676032 534304 817656 199570 648285 882478 872875 304732 688666 142337
420532 136361 474392 999999999 745525 363715 559601 291730 106959 513394 185126 681126 303690 630649 361442 318371 506312 213966 653184 486737 311220 418804 276843 384556 306317 648991 538573 157537 106611 415739 492357 188011 654243 100602 239504 629829 540546 263117 709216 99164 157023 552704 656952 560389 240760 204763 381079 537291 314294 443544 379928 452645 166090 640672 215427 111421 708388 284876 393663 479273 344120 202247 448243 320371 222167 302085 501416 612604 357141 583169 542655 248488 607869 338259 650260 476399 519670 422453 470114 222718 589863 675406 437734 575368 358686 141881 252889 174369 197392 175468 566601 182188 431428 386995 341147 538074 609384 288983 815982 570574
426425 665209 617443 745525 999999999 481942 262488 908079 732324 849186 586203 772692 870981 452538 1105029 925551 676148 799349 106164 275062 839934 779052 899591 555303 1023033 169479 798765 630725 709089 512971 653482 564629 474211 702313 902231 206712 836507 600618 53557 841785 588819 555850 753198 441011 934794 630024 482663 659717 663780 321488 430300 297462 617217 630429 895334 643554 273876 1021483 468428 323913 905109 629630 477870 427377 531556 854621 565519 845110 389236 364333 508423 555483 206616 408390 338368 344753 250206 735364 352790 553811 660792 230180 640543 277623 392228 883584 993548 746192 942734 905241 332138 625972 1176087 776597 578899 716554 596462 816883 74791 519277
403068 371074 197997 363715 481942 999999999 424243 434168 415199 745806 180667 816687 392165 269479 681347 448987 258786 526440 424269 323660 610463 646896 616462 91032 573749 337143 736305 348036 394561 77752 234701 195960 295151 279145 440416 307167 392794 412040 432615 436771 240001 222758 397141 198353 601917 390721 20693 659684 503510 310139 55484 278361 338480 326567 440347 312991 358836 642430 413096 374837 663519 388145 474058 169079 263119 375110 577652 429080 220836 519221 195571 115284 292222 179531 290795 392130 353069 270116 391899 145093 302841 525804 194780 454043 247058 500424 569594 467881 536686 476488 482587 366100 771290 299902 459507 691944 675327 337080 556606 225221
172374 451490 612338 559601 262488 424243 999999999 783896 518632 586708 443335 525432 760617 541491 918176 806151 675275 564192 158884 100591 591426 518354 661489 514793 860712 304848 536961 418288 497212 488042 650685 408214 570559 546738 760262 323562 816985 361078 261453 658728 415190 592836 794331 495949 711029 401928 436054 400642 411191 125478 370315 146177 405760 691200 746153 448817 436255 812755 214607 81131 656540 402329 215806 287065 338072 747463 304889 849368 228590 123145 547072 442806 302203 267782 455773 91919 73579 692881 99931 422721 695496 116617 617434 31794 213667 685098 812170 517052 752821 732775 82480 405736 974629 714268 325203 456242 350296 713043 308904 569594
677682 424714 411304 291730 908079 434168 783896 999999999 396428 796364 340591 972851 57517 636216 321460 26650 404710 486925 835557 692982 580314 705767 514621 388588 182245 771106 827435 438694 398327 435515 405213 376695 648981 246365 67399 741289 347546 548501 861559 240685 379086 514693 521760 579850 433441 491725 439784 828072 605913 658708 480464 649991 443558 563334 96132 380832 782218 377940 659674 710327 595101 488952 720083 501290 463086 74725 786228 426027 556746 836138 530708 354110 726197 521476 703415 715099 727087 287972 710556 364144 495879 899329 366321 806506 570238 300379 241291 460434 265394 187375 811668 466010 428273 224462 626350 829796 895246 107139 982732 549566
361639 67713 554530 106959 732324 415199 518632 396428 999999999 406734 237379 577612 410545 684380 408061 423061 593026 116919 633062 461120 211857 311846 201268 454720 384858 658304 431908 102026 23616 478467 576770 220350 710349 194948 340517 644653 641095 180295 702200 174830 177332 622597 745568 613122 204497 124134 434705 437948 213507 415125 417925 434875 115382 716990 314392 103995 735137 294200 327930 437638 254215 122629 374228 326823 203059 409041 411704 711031 347050 521176 605886 305545 620786 340765 687094 429374 491379 518541 422122 270462 671757 630593 521845 529219 340454 172629 312372 68332 246162 255928 511021 113324 456315 488133 254598 434651 517156 395279 798688 634963
432559 405999 922976 513394 849186 745806 586708 796364 406734 999999999 600807 243888 815757 991770 698428 822648 971373 310287 744634 600533 224159 100251 317977 812496 739436 855931 74320 414124 412293 821474 951701 565870 1021301 597395 735081 859599 1041009 333815 843983 558407 525913 968473 1123544 924078 418962 361506 766434 213864 242297 562759 723577 606477 419336 1071388 706815 468943 971149 544456 394736 533202 242233 364425 371843 594290 482761 815167 291103 1107093 570936 501579 939454 661537 834146 595188 954089 509254 612345 913407 501749 621185 1038828 651944 898366 574085 547399 515316 646538 339056 581602 629604 523704 389502 686622 889995 299980 157861 319271 802001 891728 968941
350021 202313 324723 185126 586203 180667 443335 340591 237379 600807 999999999 712586 319218 449853 525219 362873 370679 351817 503765 353176 440914 500561 437987 219220 436854 472929 604161 187236 218230 241088 351503 42545 474865 116627 321149 450788 452753 278093 544755 267541 75012 385868 523212 378882 421392 239590 199229 556101 363652 318119 195056 311258 181473 482478 311003 139588 524313 468330 340916 370753 489781 236621 404762 163313 143236 307390 490955 512084 216519 501775 368552 68168 430172 183513 465136 377213 387361 320611 373280 37716 441930 558764 297714 466342 229716 325177 412519 295040 369886 321476 474444 211319 606866 312740 344288 576119 598298 275488 659453 397591
427117 551209 1010878 681126 772692 816687 525432 972851 577612 243888 712586 999999999 981318 1024464 924241 999495 1067143 510604 678677 578947 444844 289298 545842 898061 946764 827480 174883 544707 574524 894326 1044688 671491 1054746 745265 918129 841535 1165280 437957 782915 747982 640839 1033200 1212803 964310 644372 488314 835935 157698 367420 555819 780065 602551 544094 1138264 891829 605074 956022 772780 406593 503816 478132 491318 352039 648816 572844 977032 243030 1222234 605954 409416 995877 760281 817940 642006 960949 478130 576918 1032854 473092 721456 1119527 547792 995807 501729 579015 719603 859152 518224 791532 826044 445441 516635 922709 1022971 368337 143061 176414 956701 796779 1023750
664997 430191 355635 303690 870981 392165 760617 57517 410545 815757 319218 981318 999999999 582844 378009 59888 347419 509361 802707 666852 604935 722305 546465 339667 239455 729092 842240 439880 409159 386874 348380 358368 594699 240303 113893 698138 293631 549798 823188 270061 367313 459392 464810 528288 471248 494952 395923 832867 613991 635142 441109 622756 443057 506073 139021 380167 733983 426225 650319 689711 625017 492046 712310 474765 450977 18435 784901 372267 532141 820274 477074 322409 684191 494689 653717 696419 700681 230551 692416 337969 438462 874772 310814 784683 547800 336094 293400 477075 310351 229651 793615 467816 484543 166946 626596 838629 894138 55730 945765 495046
597404 637696 234350 630649 452538 269479 541491 636216 684380 991770 449853 1024464 582844 999999999 923988 642646 272035 794236 455638 457104 875264 895867 885629 258423 802072 285514 971977 612278 663409 218010 256880 464360 30284 540121 662765 249855 429680 661291 400237 696081 508103 134815 305784 71271 870339 649682 250628 873603 752149 470953 272791 425118 601626 179711 670498 581535 198514 903196 621337 529636 930418 647378 672466 397655 517938 564413 781635 415742 425005 661099 105880 383031 259349 396841 116193 553856 471180 372933 557301 414571 222860 604377 276136 572979 450777 763511 815874 735195 792083 724097 619866 627493 1020755 433430 694279 915151 863565 529181 514296 93114
768565 471291 715732 361442 1105029 681347 918176 321460 408061 698428 525219 924241 378009 923988 999999999 331320 719073 421644 1014322 848094 479819 634946 380794 665820 140584 998070 753658 502379 426419 708794 716191 541225 941438 409527 270890 975023 667675 587094 1066768 263463 516641 815133 842775 859923 280402 532149 693775 811288 598148 804554 712934 813952 514096 876270 256467 470049 1039907 154360 735886 837243 457556 530686 781450 677880 582882 393462 806896 745712 718061 929088 822234 573169 955025 696664 970706 832060 880877 604648 825261 561296 811022 1032866 671036 931905 720128 235623 112764 436983 165358 205311 917618 519675 107146 543172 657559 790165 905492 417678 1176317 845176
702252 451203 414671 318371 925551 448987 806151 26650 423061 822648 362873 999495 59888 642646 331320 999999999 404013 513043 854750 714376 606129 732258 539273 399053 190839 786128 853991 464909 424971 446216 406133 399801 654295 271435 90872 755672 336389 574779 878438 266299 403542 518594 515192 588157 456673 518115 453588 854612 632535 680816 496659 671020 469629 562583 120010 406835 793323 396694 684788 733233 620070 515332 745455 522405 487596 78314 812360 414396 578484 860168 536848 373267 741207 542533 713368 738467 748417 286818 734044 385143 494302 921276 369996 829155 592582 324522 257822 486976 286436 210104 835222 492290 438457 222403 652574 856440 921417 115019 1000284 554587
660974 570586 62985 506312 676148 258786 675275 404710 593026 971373 370679 1067143 347419 272035 719073 404013 999999999 709908 645484 575658 803993 871122 782958 170464 584424 509069 972089 557850 578170 187579 24590 406097 273296 405727 448190 472128 162355 644175 622763 537790 445472 137326 152988 244590 738706 609918 242937 909465 732590 566960 307880 531748 552080 158662 464224 506789 460598 735681 668486 631914 846213 606982 730659 426113 497752 330000 831811 174795 479563 776223 176402 311261 469549 437928 373775 650145 602249 117202 650203 351560 91968 768460 73014 706114 505616 611308 621861 657417 616968 538532 738584 581887 823359 181760 702446 936853 932027 301797 746527 179379
394647 157184 671278 213966 799349 526440 564192 486925 116919 310287 351817 510604 509361 794236 421644 513043 709908 999999999 695885 524299 97258 225679 100822 570378 436638 744181 348916 186291 133728 592404 693688 330480 820979 309427 424914 734465 754162 203120 774971 248124 286460 737673 862384 723018 156436 170026 546403 389775 181447 477862 524121 506025 198780 833130 396562 213667 831300 279499 354609 486064 137987 170761 384457 420153 290778 510296 389874 825383 428532 541052 719322 419747 709716 431033 789294 472295 550851 633725 464343 383125 788562 668262 638764 568603 416187 209514 348703 59547 280938 320526 539762 179826 442462 600703 254777 371848 484743 500905 861007 748614
320269 565543 583882 653184 106164 424269 158884 835557 633062 744634 503765 678677 802707 455638 1014322 854750 645484 695885 999999999 172419 734410 673235 795773 506399 939221 178973 695806 531089 610105 468711 621609 477931 481533 617973 823951 209305 800862 495900 104239 750908 497943 538314 741197 427766 834005 527280 429077 559024 557743 218883 369552 200693 517685 624964 814753 548069 308943 924562 362264 217760 799625 527029 372895 341163 434979 787264 463648 819002 296292 269443 490265 481533 196409 321281 351279 238678 145227 689525 246692 474152 644572 157387 600380 177756 295502 788799 903964 643725 850523 817755 233768 524698 1081504 724023 472768 614990 502356 750242 165785 506582
168143 393498 512799 486737 275062 323660 100591 692982 461120 600533 353176 578947 666852 457104 848094 714376 575658 524299 172419 999999999 566932 520101 624535 414262 780742 256565 561052 359096 438315 388198 551074 321353 486919 461912 673480 264958 716421 326274 254020 585462 334831 497710 697595 406025 661600 355169 335630 438441 394550 46521 269857 45848 345756 598113 661297 379060 379344 753553 206372 75142 631896 354850 236179 192130 265690 653064 341791 749440 136781 206742 453013 346310 240472 172164 382883 100828 34197 592389 106201 329314 598831 208593 517056 130651 128642 619511 739190 471518 683334 655688 166479 352284 911884 614631 312246 488657 410519 617882 338194 476889
419065 239888 763513 311220 839934 610463 591426 580314 211857 224159 440914 444844 604935 875264 479819 606129 803993 97258 734410 566932 999999999 156063 101983 660134 515279 801920 274032 263040 225834 679403 787145 415567 902846 406020 516853 795850 851270 241662 820829 339927 371617 825987 956768 804388 199586 230098 630813 345481 181368 521611 602952 555566 273680 923385 488089 301342 897806 327945 376834 518201 65254 231898 391329 489626 361053 606414 369214 922195 488533 548056 805172 508016 770569 497803 862036 500605 589749 730157 492434 469933 880946 686373 732309 590676 472217 291958 422589 146708 357442 407489 554077 248826 480935 697857 266943 314984 449841 597802 896794 834685
354561 306693 822843 418804 779052 646896 518354 705767 311846 100251 500561 289298 722305 895867 634946 732258 871122 225679 673235 520101 156063 999999999 257805 712547 661791 772473 123271 313966 315514 722179 851469 465685 925182 499627 646350 773690 941885 235505 769310 471158 425662 869393 1023311 827517 355257 261273 667556 197935 143981 479629 626165 521438 319088 971986 618653 369267 883544 483839 314100 457221 197657 264187 303185 498235 383781 720871 245408 1007426 478393 448027 841117 561381 748115 500264 862359 434823 535357 813775 426930 521045 938815 595916 798116 509858 455967 434967 572001 245562 505051 545785 463879 289252 636440 791405 210637 160306 306486 706220 826875 870666
490474 253566 749062 276843 899591 616462 661489 514621 201268 317977 437987 545842 546465 885629 380794 539273 782958 100822 795773 624535 101983 257805 999999999 653275 427937 844608 373477 284685 222429 678882 768523 421424 911613 377297 448481 834381 811323 301038 875667 276405 378035 821712 933794 814366 101028 270813 635931 446462 263746 578161 618134 606793 297592 913837 419322 304465 929925 227509 449469 584367 82734 271575 473571 518867 389978 550615 464072 885525 529033 631090 806473 506102 809746 530415 885699 569600 650614 697875 561561 471644 865412 763022 713728 664409 516968 215374 332658 158254 271348 332284 632782 280158 378958 658217 344684 416965 549381 547705 960605 835400
490699 421167 112922 384556 555303 91032 514793 388588 454720 812496 219220 898061 339667 258423 665820 399053 170464 570378 506399 414262 660134 712547 653275 999999999 546339 399741 808602 403479 436650 47237 147137 248106 277538 288322 407866 366059 302251 481089 503946 440974 290643 168583 315365 194717 625135 452022 79278 740493 571256 401138 144588 369137 395946 263272 413669 358801 394316 647819 498079 465784 708350 449215 560195 255794 332571 321534 661642 338410 310181 610141 160427 152821 355665 268147 314848 482806 443156 183214 482408 192464 226432 614702 103891 544780 335889 510565 557452 514144 534854 465752 573610 425183 762349 221456 535468 769599 761564 284070 629177 187039
726817 437001 585643 306317 1023033 573749 860712 182245 384858 739436 436854 946764 239455 802072 140584 190839 584424 436638 939221 780742 515279 661791 427937 546339 999999999 902478 784691 462498 397137 591369 583168 461450 817527 321312 139511 876390 527228 562459 980948 211997 446405 687207 703992 740980 330473 504184 583724 817688 594768 740298 611656 742316 471905 742604 133628 417007 931558 234301 699655 781570 510382 502063 752733 598111 523139 255696 796561 605185 645526 889455 698213 473678 858277 617942 857853 780511 814607 468600 774541 469695 676113 977207 540607 878419 652352 227201 96593 432703 157852 131246 872226 485185 247724 405944 638744 806414 901548 282792 1096293 719497
424415 595068 451776 648991 169479 337143 304848 771106 658304 855931 472929 827480 729092 285514 998070 786128 509069 744181 178973 256565 801920 772473 844608 399741 902478 999999999 817614 561820 634711 354851 486929 461178 308995 588681 773739 37292 670442 561472 116107 739209 494112 386546 583889 271601 862513 575942 333536 692967 640114 293303 292026 251219 548479 461831 770729 559433 132552 932992 461198 328790 865258 574761 492315 332525 456488 711854 595943 676427 315666 427255 339297 428817 44921 317597 174904 354407 251596 574980 360816 436819 491325 335563 477780 332540 329842 790708 885327 686523 841700 793686 387227 564454 1078522 620519 562239 744510 653950 673785 237590 349798
393505 419550 920679 538573 798765 736305 536961 827435 431908 74320 604161 174883 842240 971977 753658 853991 972089 348916 695806 561052 274032 123271 373477 808602 784691 817614 999999999 421633 433554 813326 951336 566424 1001914 614941 768776 824122 1052303 327963 797218 594103 529363 958680 1122753 906169 473262 366009 756673 147142 240641 526608 709077 571962 424565 1062867 741264 479880 937290 600962 359302 490372 303555 369054 326481 577406 476053 840102 234008 1115322 547387 443452 926780 660830 798964 575813 926348 465435 569413 922295 458392 620539 1034735 593648 899233 521562 522334 558064 694244 367028 627645 669041 468952 394954 748590 903833 278550 88551 248197 823916 837385 955938
267065 34489 511457 157537 630725 348036 418288 438694 102026 414124 187236 544707 439880 612278 502379 464909 557850 186291 531089 359096 263040 313966 284685 403479 462498 561820 421633 999999999 79451 418828 538732 155531 639807 200987 392926 550266 630671 110055 601454 251336 113065 566237 710445 541360 304496 56621 368521 393460 181898 313106 340269 333387 13557 666005 370721 60385 645325 395542 237436 337166 319022 53575 290754 234197 105557 434177 347643 694383 247743 429069 543310 250751 525847 245919 603224 330264 389402 500998 323278 211072 628348 531496 484916 430237 239448 267548 400573 126923 337668 331254 415526 28108 556432 482783 187664 403537 456571 412290 696754 572910
342261 45727 538133 106611 709089 394561 497212 398327 23616 412293 218230 574524 409159 663409 426419 424971 578170 133728 610105 438315 225834 315514 222429 436650 397137 634711 433554 79451 999999999 459101 561343 199071 689627 185566 344915 621151 631315 165477 678746 185504 155607 604020 730979 592139 228109 107681 414254 431624 207947 392428 395915 411628 92617 699455 319762 82038 712000 316117 309678 416136 271707 105804 358018 303334 179475 406600 400544 700078 323492 502763 586279 286274 597252 317189 664571 408476 468794 506958 401327 250293 655514 609766 506490 508414 317099 190820 328173 79314 263089 266897 491501 93314 477427 479007 241698 431469 507203 390792 775669 615475
478912 439520 124968 415739 512971 77752 488042 435515 478467 821474 241088 894326 386874 218010 708794 446216 187579 592404 468711 388198 679403 722179 678882 47237 591369 354851 813326 418828 459101 999999999 163026 263961 239507 322804 453407 320582 333484 488014 461045 478165 307803 147636 320388 151262 656381 464075 58510 737390 579257 379742 120905 344173 410100 249968 458280 378990 347117 685290 490195 444715 730221 461404 550651 246125 338803 368754 654909 361326 295717 588904 127669 172922 311191 255418 268131 463450 415258 222553 463799 209572 225269 583625 132179 518744 322364 546145 599465 534840 574161 507172 551073 438502 803952 265675 536986 769648 751707 331255 586377 156525
637226 552387 38424 492357 653482 234701 650685 405213 576770 951701 351503 1044688 348380 256880 716191 406133 24590 693688 621609 551074 787145 851469 768523 147137 583168 486929 951336 538732 561343 163026 999999999 385973 260436 391793 445649 450113 183586 623373 600169 527714 426020 122354 171844 224953 726787 590197 218615 887044 712248 542504 283428 507185 532621 160174 460354 488686 441993 727713 645194 607464 830476 587283 707188 402443 476334 330569 808761 199276 455530 751753 157746 290677 446962 414014 355228 625782 577661 121313 625885 331057 98818 743991 54940 681525 481663 600978 616963 640460 609442 531981 714065 562364 819643 185498 680668 915045 908574 300459 724214 163770
308459 175706 357228 188011 564629 195960 408214 376695 220350 565870 42545 671491 358368 464360 541225 399801 406097 330480 477931 321353 415567 465685 421424 248106 461450 461178 566424 155531 199071 263961 385973 999999999 490726 140783 352527 441836 493838 239060 525556 279199 44089 411049 557794 393090 414508 204499 215968 514695 326518 283850 198534 281333 147852 510475 339948 117185 522748 472713 298534 333652 467655 201629 362318 137383 100785 347225 448579 551792 184876 461910 389693 95776 419871 156860 469248 338728 355502 361365 334442 55651 473618 524340 333118 430028 194927 329884 429225 271998 381425 340680 435668 177208 617772 355072 303168 535916 555804 316261 636850 419166
627688 664741 241797 654243 474211 295151 570559 648981 710349 1021301 474865 1054746 594699 30284 941438 654295 273296 820979 481533 486919 902846 925182 911613 277538 817527 308995 1001914 639807 689627 239507 260436 490726 999999999 562304 678040 274143 426886 690406 422520 717403 534612 138592 291449 98555 894422 677977 275820 903869 781390 501131 301088 455239 629325 164353 686844 607898 212957 924500 651581 559631 957497 675641 702749 427065 546426 576308 811920 407498 455083 690531 119366 407549 285132 426571 135896 583914 500585 379337 587404 440107 214937 631604 285223 601977 480914 785652 834258 762087 812313 743005 649267 655471 1039318 441324 724092 945337 893730 541842 534015 99813
431647 195846 374360 100602 702313 279145 546738 246365 194948 597395 116627 745265 240303 540121 409527 271435 405727 309427 617973 461912 406020 499627 377297 288322 321312 588681 614941 200987 185566 322804 391793 140783 562304 999999999 213919 565530 446208 310312 661293 157629 133916 455291 556583 471084 338085 257033 294467 594421 379635 423446 304852 422114 203245 541107 199607 140716 633995 363882 413360 470151 442852 254049 474138 276822 217394 233608 544598 516222 325622 591185 448070 165920 545515 296704 569698 472738 496017 324309 467705 151870 489438 663231 337222 567149 334628 223400 296764 262859 258116 205079 568300 229087 494184 293523 386563 603460 653835 211439 775276 475273
642901 375353 446748 239504 902231 440416 760262 67399 340517 735081 321149 918129 113893 662765 270890 90872 448190 424914 823951 673480 516853 646350 448481 407866 139511 773739 768776 392926 344915 453407 445649 352527 678040 213919 999999999 746027 407311 501360 857867 177031 347486 547880 574281 602273 366154 443466 448983 776485 552767 636339 481739 632252 399271 605594 29159 337829 796117 312784 621616 684044 529453 440838 680053 484436 430100 126426 739889 485943 536717 803766 558743 347320 729109 504650 720800 686564 707671 334016 681446 349847 540134 876623 401788 781008 547412 233651 179923 402117 198549 119977 781825 419306 375790 273503 579516 775161 848299 146982 976372 579991
430717 582884 415191 629829 206712 307167 323562 741289 644653 859599 450788 841535 698138 249855 975023 755672 472128 734465 209305 264958 795850 773690 834381 366059 876390 37292 824122 550266 621151 320582 450113 441836 274143 565530 746027 999999999 633672 557103 153274 718061 476723 349255 546852 234324 848142 567856 302215 703368 638512 297604 264767 253126 537108 425205 743993 544097 114576 914516 465626 339174 858430 566497 500942 317834 444710 680716 606617 639177 307448 446675 302012 403370 25599 304480 141989 364985 264682 539605 370861 414028 454081 363887 441910 352639 324172 771710 862268 676128 820522 770105 405970 554687 1057515 586174 563056 753421 669651 642650 274746 312591
780456 635192 219067 540546 836507 392794 816985 347546 641095 1041009 452753 1165280 293631 429680 667675 336389 162355 754162 800862 716421 851270 941885 811323 302251 527228 670442 1052303 630671 631315 333484 183586 493838 426886 446208 407311 633672 999999999 729934 783301 542396 525604 296829 192611 406828 749133 686471 381315 1008521 812135 701653 446836 671153 628047 282553 430958 573035 621952 717948 781329 765777 883584 683416 845187 548707 593391 281224 939484 78638 606415 909675 338361 408680 630163 563739 535196 781419 745398 132814 780375 445580 216150 916269 201339 846836 630671 614383 587029 709067 600167 518685 874155 657474 774791 153580 796944 1028600 1044426 270176 907593 338792
192270 126912 592868 263117 600618 412040 361078 548501 180295 333815 278093 437957 549798 661291 587094 574779 644175 203120 495900 326274 241662 235505 301038 481089 562459 561472 327963 110055 165477 488014 623373 239060 690406 310312 501360 557103 729934 999999999 579733 350567 204337 634762 794820 592471 352825 58565 432652 284563 91605 280506 390748 313926 107138 737982 478258 169702 662175 463528 153708 283345 306185 60942 194356 264254 149235 543828 238533 790176 251793 345210 605741 332921 531635 268105 633470 269175 350695 598361 261223 292680 707450 466062 571364 365867 232984 352425 492631 158951 426390 431849 339664 82491 628075 585443 78156 298885 347074 521097 660095 635263
414777 635813 564256 709216 53557 432615 261453 861559 702200 843983 544755 782915 823188 400237 1066768 878438 622763 774971 104239 254020 820829 769310 875667 503946 980948 116107 797218 601454 678746 461045 600169 525556 422520 661293 857867 153274 783301 579733 999999999 804162 552194 502321 699978 387519 905943 604989 432442 662094 648052 299261 382083 269160 587898 577583 851967 610132 226858 988228 455800 312113 885710 604364 472317 389202 499766 806593 566215 791561 355945 373642 454874 510582 153217 370969 286926 335112 234298 683207 342823 511253 607335 253049 587868 281794 362007 848749 954746 720248 905796 865352 337914 598766 1140557 725382 564628 717541 606587 768725 125333 465865
517389 225042 516197 99164 841785 436771 658728 240685 174830 558407 267541 747982 270061 696081 263463 266299 537790 248124 750908 585462 339927 471158 276405 440974 211997 739209 594103 251336 185504 478165 527714 279199 717403 157629 177031 718061 542396 350567 804162 999999999 253187 604634 682203 627710 206771 292223 452011 611989 387670 542531 460866 550655 261337 683661 148485 210171 790483 207125 488771 578327 355408 290083 540928 414992 321301 274492 585818 618776 454626 679864 601400 323074 697030 433551 727241 575106 618534 439131 568722 304837 626532 774452 475212 674271 457166 73687 153803 229762 102499 81397 664462 273361 339459 391788 427197 605672 691846 274131 912896 627682
298722 131729 398417 157023 588819 240001 415190 379086 177332 525913 75012 640839 367313 508103 516641 403542 445472 286460 497943 334831 371617 425662 378035 290643 446405 494112 529363 113065 155607 307803 426020 44089 534612 133916 347486 476723 525604 204337 552194 253187 999999999 454673 597822 436841 374499 164589 260045 485239 288777 293894 240629 298169 106618 553519 331670 73571 561461 439032 283050 337386 423571 161625 345445 163513 84063 358012 424633 586337 201695 457398 433741 137829 453993 181239 510444 339120 368506 394092 333961 98604 515283 531807 372473 434493 206216 297456 406022 227915 353934 320930 434422 136416 588419 382266 273282 503058 533144 330065 659721 463198
611153 586241 104119 552704 555850 222758 592836 514693 622597 968473 385868 1033200 459392 134815 815133 518594 137326 737673 538314 497710 825987 869393 821712 168583 687207 386546 958680 566237 604020 147636 122354 411049 138592 455291 547880 349255 296829 634762 502321 604634 454673 999999999 203597 115089 792983 611702 202211 877357 726182 499123 253172 457806 557651 105086 558937 524938 325403 810218 626894 562953 875646 609034 684893 385133 485716 441108 791612 291190 428240 704054 48079 318133 350785 391194 238831 584419 519398 240779 586073 356132 106274 674025 148600 624539 455295 675701 710798 680742 694743 621568 664155 586121 915626 303126 681176 912144 884108 407813 623406 42112
799242 723539 202508 656952 753198 397141 794331 521760 745568 1123544 523212 1212803 464810 305784 842775 515192 152988 862384 741197 697595 956768 1023311 933794 315365 703992 583889 1122753 710445 730979 320388 171844 557794 291449 556583 574281 546852 192611 794820 699978 682203 597822 203597 999999999 314229 885901 762040 378791 1055387 883961 695332 439828 656120 704433 127103 594045 659753 503622 874369 810237 759963 998300 759125 871005 566199 647214 449394 974727 136293 615866 902788 251336 462396 550896 575805 421735 780203 720762 244423 781176 502788 98835 877531 225619 825905 642620 755887 752831 810255 755179 674856 863543 734189 949089 300975 850792 1084964 1072096 428238 817933 235158
537451 566553 194870 560389 441011 198353 495949 579850 613122 924078 378882 964310 528288 71271 859923 588157 244590 723018 427766 406025 804388 827517 814366 194717 740980 271601 906169 541360 592139 151262 224953 393090 98555 471084 602273 234324 406828 592471 387519 627710 436841 115089 314229 999999999 799705 579446 179737 811724 683625 415017 202602 370465 530821 198066 608386 510266 217674 834698 559116 476123 859297 577103 612459 329841 447967 509889 721282 405992 360860 612316 68909 312354 236843 330359 131398 499436 423652 331089 502226 343422 219883 568893 231231 527722 387196 694318 750726 664009 724770 658414 571482 556919 955191 387567 627893 851599 806803 473534 508318 79073
544958 270134 711639 240760 934794 601917 711029 433441 204497 418962 421392 644372 471248 870339 280402 456673 738706 156436 834005 661600 199586 355257 101028 625135 330473 862513 473262 304496 228109 656381 726787 414508 894422 338085 366154 848142 749133 352825 905943 206771 374499 792983 885901 799705 999999999 309314 620004 537664 337634 615200 612642 637716 318050 878834 337314 304273 935904 128728 506368 631180 181370 309091 539803 530452 407505 477775 545174 825538 551390 695571 783407 487354 824524 544917 883657 619690 690554 644319 611961 457989 825275 818576 672949 717915 543942 135529 234260 194279 176992 246630 692286 309326 287551 598428 410363 512378 636964 480259 999789 811329
239343 68430 561727 204763 630024 390721 401928 491725 124134 361506 239590 488314 494952 649682 532149 518115 609918 170026 527280 355169 230098 261273 270813 452022 504184 575942 366009 56621 107681 464075 590197 204499 677977 257033 443466 567856 686471 58565 604989 292223 164589 611702 762040 579446 309314 999999999 411393 337924 125684 308656 376919 336000 58581 713030 420068 116828 668131 413511 204219 321878 291050 3061 250448 259635 132100 489708 296663 749405 260589 397407 586226 300259 542798 267754 632159 310958 382728 556288 303360 259988 677989 511140 536905 409982 246765 296762 435682 116511 370062 373441 388596 29013 577330 539136 136395 346957 404840 468457 692812 615879
420674 391304 181287 381079 482663 20693 436054 439784 434705 766434 199229 835935 395923 250628 693775 453588 242937 546403 429077 335630 630813 667556 635931 79278 583724 333536 756673 368521 414254 58510 218615 215968 275820 294467 448983 302215 381315 432652 432442 452011 260045 202211 378791 179737 620004 411393 999999999 679086 524139 324329 65793 290785 359037 306206 450129 332842 347860 658229 431687 389223 683613 408814 492215 187615 283776 378522 596401 414785 237746 533611 174948 132711 288719 197097 277090 407217 364130 261708 407273 164313 283751 535423 181440 466252 264259 516685 582451 487959 551214 489385 496423 386721 784973 295426 479662 711812 693333 340452 557093 204592
277676 403546 853344 537291 659717 659684 400642 828072 437948 213864 556101 157698 832867 873603 811288 854612 909465 389775 559024 438441 345481 197935 446462 740493 817688 692967 147142 393460 431624 737390 887044 514695 903869 594421 776485 703368 1008521 284563 662094 611989 485239 877357 1055387 811724 537664 337924 679086 999999999 224447 410103 624205 456818 391608 982442 751346 453712 817785 665639 252609 364436 394397 340840 203705 492423 415541 827560 97051 1064821 451622 299327 840916 602770 678905 486396 815941 338697 441587 875947 332577 564102 962473 448692 838109 382209 424900 592719 735198 384985 666867 692169 327775 365385 824137 867489 211997 58963 109384 805535 694661 869101
239209 184257 682496 314294 663780 503510 411191 605913 213507 242297 363652 367420 613991 752149 598148 632535 732590 181447 557743 394550 181368 143981 263746 571256 594768 640114 240641 181898 207947 579257 712248 326518 781390 379635 552767 638512 812135 91605 648052 387670 288777 726182 883961 683625 337634 125684 524139 224447 999999999 350990 482184 389395 184107 829206 527278 241287 746163 460351 196810 340216 245992 128742 210911 354641 240485 609995 209160 874702 337620 368312 697345 421576 612924 357336 721229 321248 414523 681777 313072 381192 797688 505026 659627 409510 316555 372049 515083 163209 446857 468112 372878 154695 623828 664681 85998 224639 308493 590715 718223 726869
133687 347453 504665 443544 321488 310139 125478 658708 415125 562759 318119 555819 635142 470953 804554 680816 566960 477862 218883 46521 521611 479629 578161 401138 740298 293303 526608 313106 392428 379742 542504 283850 501131 423446 636339 297604 701653 280506 299261 542531 293894 499123 695332 415017 615200 308656 324329 410103 350990 999999999 259080 46809 299822 601796 623052 334833 410734 707994 168174 64973 586455 308331 206398 162272 221681 622026 314822 739006 103257 209289 456366 318191 272378 143496 406002 85304 76664 574688 87369 297274 597094 240698 504912 150641 88928 574827 696334 424997 639529 614052 172547 305874 866913 592578 270184 457687 392621 587722 384636 481867
360024 366991 245660 379928 430300 55484 370315 480464 417925 723577 195056 780065 441109 272791 712934 496659 307880 524121 369552 269857 602952 626165 618134 144588 611656 292026 709077 340269 395915 120905 283428 198534 301088 304852 481739 264767 446836 390748 382083 460866 240629 253172 439828 202602 612642 376919 65793 624205 482184 259080 999999999 224995 329287 358256 479243 313983 329657 663318 373964 324037 659112 374601 432867 132403 245367 424528 538801 480394 176452 468347 217966 139769 247371 138104 271097 342558 298569 325423 342896 157346 343034 470630 247232 400468 203402 520210 600388 464722 562563 507637 430895 354783 799008 355081 430635 659684 633215 386697 505081 246938
179936 367857 469012 452645 297462 278361 146177 649991 434875 606477 311258 602551 622756 425118 813952 671020 531748 506025 200693 45848 555566 521438 606793 369137 742316 251219 571962 333387 411628 344173 507185 281333 455239 422114 632252 253126 671153 313926 269160 550655 298169 457806 656120 370465 637716 336000 290785 456818 389395 46809 224995 999999999 319861 559504 620931 347510 365430 724666 212819 105801 619888 335318 253120 148704 234675 608738 361626 705126 96826 246679 414080 301469 227700 128517 359213 129038 78337 546704 132203 285902 557523 253862 472212 175683 95062 588193 703998 451088 649922 618846 207613 329708 880914 568792 311051 504036 438570 573295 365006 438903
256270 47996 504734 166090 617217 338480 405760 443558 115382 419336 181473 544094 443057 601626 514096 469629 552080 198780 517685 345756 273680 319088 297592 395946 471905 548479 424565 13557 92617 410100 532621 147852 629325 203245 399271 537108 628047 107138 587898 261337 106618 557651 704433 530821 318050 58581 359037 391608 184107 299822 329287 319861 999999999 657984 377656 62973 632595 408577 227750 324629 330528 55549 282423 221430 92428 436827 342769 690824 234247 418584 533948 243512 512643 232860 591164 318156 376178 497731 311254 203503 621365 519295 479086 418105 225892 279636 411512 139587 349164 340716 404286 29871 569146 481209 183566 403653 451905 413969 683328 563575
715755 684388 167557 640672 630429 326567 691200 563334 716990 1071388 482478 1138264 506073 179711 876270 562583 158662 833130 624964 598113 923385 971986 913837 263272 742604 461831 1062867 666005 699455 249968 160174 510475 164353 541107 605594 425205 282553 737982 577583 683661 553519 105086 127103 198066 878834 713030 306206 982442 829206 601796 358256 559504 657984 999999999 620525 622066 376782 885863 731907 665080 971019 710302 789672 490186 588768 488614 896579 249350 533098 804832 145456 415861 431318 496260 295902 687074 618172 275782 689002 455008 69835 766901 209083 722988 560150 756328 777021 777278 768123 691422 764518 686865 979817 340212 785731 1017075 988518 459820 693571 121617
624451 351733 459266 215427 895334 440347 746153 96132 314392 706815 311003 891829 139021 670498 256467 120010 464224 396562 814753 661297 488089 618653 419322 413669 133628 770729 741264 370721 319762 458280 460354 339948 686844 199607 29159 743993 430958 478258 851967 148485 331670 558937 594045 608386 337314 420068 450129 751346 527278 623052 479243 620931 377656 620525 999999999 317087 797945 287381 601882 668999 500316 417506 659418 474096 413126 149806 716720 509500 524769 786004 567486 342444 726330 494218 724335 670582 695437 351844 665237 341647 556161 862700 414594 766089 534230 204525 158799 374978 171487 91686 765125 396614 359303 293112 556377 748957 824802 165815 969143 589706
310104 63830 463382 111421 643554 312991 448817 380832 103995 468943 139588 605074 380167 581535 470049 406835 506789 213667 548069 379060 301342 369267 304465 358801 417007 559433 479880 60385 82038 378990 488686 117185 607898 140716 337829 544097 573035 169702 610132 210171 73571 524938 659753 510266 304273 116828 332842 453712 241287 334833 313983 347510 62973 622066 317087 999999999 632232 378158 285180 368247 351282 113805 342368 226911 113380 374133 405675 638176 254496 472677 505703 206814 520693 242407 583164 365007 411365 444511 358699 169518 580775 564344 434238 464100 252566 240742 363365 155867 304825 286615 455356 88487 533436 423958 246522 463775 514838 351928 712404 535034
