NAME : synthetic_000752
TYPE : CTSP-D
DIMENSION : 100
GROUPS : 8
RELAXATION_LEVEL : 1
EDGE_WEIGHT_TYPE : EXPLICIT
EDGE_WEIGHT_FORMAT : FULL_MATRIX
EDGE_WEIGHT_SECTION
999999999 1005672 939360 563417 754496 746824 851904 952351 599053 926737 936462 683515 187246 442168 433064 813639 1132494 975834 1108752 840496 841320 584012 66491 852857 959824 858057 1008667 610222 894694 775373 1137289 860500 891615 757696 926237 1012998 775536 942270 477855 732041 970998 1007791 1018891 415958 636576 842354 968207 503815 449059 233025 826917 824916 316951 676516 897674 81611 968392 537253 287405 634607 784607 886178 666510 469952 616658 1232325 165417 929499 254408 611337 858224 265376 918718 1170413 767627 826615 347151 693479 848726 188892 815765 627717 815322 451088 201558 590579 200774 870156 767411 815655 729889 939979 973709 948567 535127 541462 645746 913803 742914 779664
1005672 999999999 829225 551410 302118 484414 546817 559008 520252 313181 184115 362237 905274 676344 619715 810761 318040 453062 389175 594997 245316 424978 1029723 198853 639041 150698 61745 513726 564720 322765 162198 705506 557863 256265 123697 557452 515541 110845 589836 399674 413596 597091 378568 723184 806027 217505 113811 506463 556864 827531 796543 529060 806615 679567 509548 946220 220421 614434 722664 697176 633896 564034 484107 598044 847077 272852 858440 175098 808363 765216 311026 905587 534978 165825 273542 577375 855078 690180 233468 927886 366496 401776 594059 736136 862595 420960 877243 618231 271159 254408 726427 880715 858706 527485 718484 608773 475407 349007 262783 230953
939360 829225 999999999 967785 879129 1067807 284315 284704 481024 1048818 645298 861760 752359 535499 897372 127259 643453 398954 552427 239547 601043 682885 907034 874974 207299 794100 776563 973766 265121 547145 819477 132168 271778 684947 709474 318369 339293 719690 566827 486529 434974 276523 492839 1014587 305259 635959 904292 681962 727635 716382 112446 1160784 1012057 285836 320759 858778 996634 1012707 750144 318881 1217620 265304 997958 569152 334913 833176 793176 654165 949993 328234 998092 679930 298630 905103 855320 1200087 594018 265302 911719 754302 1014965 830526 248346 1059293 741503 669521 739425 211791 850881 605928 217865 55292 38653 314726 413112 464674 967254 1070498 734057 785516
563417 551410 967785 999999999 250067 184879 733091 812778 486899 374514 577757 191522 556267 497789 136209 878371 797862 766455 821500 756233 514308 290264 612031 357384 865935 407857 581945 48163 775802 499197 710623 841334 769287 385432 528974 852903 651598 540033 423902 517892 739890 872574 754873 181212 761152 492101 472733 288825 258912 494080 877656 272377 281030 695446 743367 536669 436378 64244 361666 677937 272852 769267 103556 425425 777952 820210 474742 565271 314719 713816 311597 605426 774515 710407 277885 287695 609669 715713 334695 581438 260143 172155 737231 185576 514906 304485 532842 792323 280385 488940 767202 999195 1006199 791177 620386 521004 88371 356030 337396 334464
754496 302118 879129 250067 999999999 212562 608437 666425 435211 200239 358142 71163 693187 530915 335445 817183 570976 593579 610344 644447 321753 243284 790332 107977 733972 165357 336964 211632 644268 341805 462789 746994 637091 201390 297297 692556 540448 305294 438796 392955 560189 721216 558707 426088 746568 290628 225461 307129 330642 618419 810216 291042 516519 645737 599734 708005 215188 312529 493131 644042 373654 639668 186301 444720 776551 573076 628129 344545 530352 699093 132660 716898 631127 460396 32809 335915 690662 663089 94339 718055 135908 127624 631773 435497 648929 250108 665901 677805 36979 302625 711383 920866 915307 639324 621856 505366 173946 207354 147851 109711
746824 484414 1067807 184879 212562 999999999 807668 872520 599291 224576 568982 207103 738635 649672 320601 993383 777112 804531 821366 839662 533603 391665 796580 289730 936652 369891 530620 141602 846062 546678 645787 936751 839016 409444 504834 901888 733943 510903 565615 588391 771870 928840 771262 346045 898085 503036 381888 423256 413987 673722 989210 98236 451542 814139 804576 721546 310440 214315 540607 804351 161125 840822 88251 569100 921000 755921 658576 555262 495271 849984 182697 783653 836183 623524 244720 132380 780275 833215 251352 763930 122069 239844 824488 331349 696505 403571 714443 874367 249157 513427 883779 1105604 1105143 846553 762122 652498 118515 195826 354955 322263
851904 546817 284315 733091 608437 807668 999999999 100459 275587 768643 363790 600716 679000 409754 689681 273020 406556 161950 332397 49884 317034 443036 838896 594406 132953 511451 496263 730293 45448 268513 553129 158863 40689 409104 425840 161718 85141 436591 393679 219668 184201 157931 249184 815163 336934 352131 619982 466678 524475 619239 255754 896483 837250 214381 60085 771329 713131 785945 602123 255075 963540 37575 745887 399567 383733 585786 688507 371838 789192 317479 721205 629166 68789 635030 582184 938506 545901 210236 632521 690342 743032 578544 60025 855000 652685 428742 657573 72674 577624 323247 219060 334357 316485 100662 340045 311328 717020 792038 460917 508986
952351 559008 284704 812778 666425 872520 100459 999999999 372231 810714 376051 667510 778920 510210 778747 316341 361011 114343 273904 122436 354389 525175 938962 637750 80787 550363 502652 806018 59475 325852 535672 189852 61232 465056 445686 62910 181573 453330 492238 294929 151398 60848 208180 905208 417207 389552 645645 556750 616580 719647 295532 957256 931922 304490 69416 871741 745587 868202 701154 347177 1031226 67784 816753 498385 463253 549493 788953 386771 886041 404596 769712 727649 38596 622099 637793 1001140 643558 296578 678179 789890 797838 651762 145455 943575 753000 510825 757726 109795 633162 367491 293154 339640 307935 31584 436852 411715 789296 837209 519047 561356
599053 520252 481024 486899 435211 599291 275587 372231 999999999 628586 383931 400229 444256 174214 422360 395073 546999 377970 512355 283945 289192 207705 597310 468831 403703 413724 495222 494825 321032 208852 603620 356473 316046 281639 405482 427713 191017 421791 122991 143159 371946 432175 421325 545098 312208 307284 543629 201883 253372 373622 392474 695726 561961 214877 309137 521791 606041 532076 331483 208950 742117 313021 523341 130221 345120 678566 433655 382161 513897 265391 566037 416794 334983 662738 419748 731181 349674 233949 494882 461208 567472 359459 261485 587139 409724 195764 418851 319730 416020 271273 284733 512706 519512 361460 200342 88925 491816 641233 311439 368783
926737 313181 1048818 374514 200239 224576 768643 810714 628586 999999999 453177 259895 883731 731141 494526 998607 629672 720933 693261 809861 456563 443237 968662 174245 884974 260379 371007 326478 799000 501698 462543 917266 791738 365603 380399 825316 710540 379558 638953 565572 683419 859643 664783 553196 940794 421253 199405 506590 525231 810866 989638 230986 655360 833941 748997 888343 98839 422495 681858 835989 341897 795732 274171 644929 972618 567945 813499 439876 686199 893857 70661 912628 779023 422282 209472 277091 889743 850143 137586 908917 114532 318389 800672 546700 839658 449500 857044 840627 212954 446176 896515 1094136 1083280 780986 819730 702732 286547 37128 321607 266035
936462 184115 645298 577757 358142 568982 363790 376051 383931 453177 999999999 391760 809303 554350 606316 631077 220523 273774 252391 412528 97177 361193 949550 291308 455625 202517 132840 551914 380629 175167 220128 522649 373791 198309 73111 379033 339398 77785 478808 245848 234762 416982 211677 726062 641783 95737 272315 436143 497137 733172 615963 636457 791429 511876 325433 867956 376584 641599 649218 534748 729085 380030 540120 487379 685154 298886 777681 13811 775400 604429 426368 794726 351052 286777 325385 684017 732696 520209 333925 829473 468466 407071 413074 750142 769596 351625 781985 434678 321164 121190 552372 697067 674603 344658 571094 471756 521293 484284 240754 250896
683515 362237 861760 191522 71163 207103 600716 667510 400229 259895 391760 999999999 625868 477687 265292 791024 610282 604988 640500 632584 339092 196646 719939 175955 730200 216498 390569 160544 639492 342288 519884 730368 632483 210217 338914 699459 526912 349356 387190 381319 574364 724721 580744 361164 707163 312354 294181 249436 265416 551993 785830 299099 448316 614441 599077 637848 285365 255615 424843 608385 363795 634125 152516 392349 734227 629096 558952 378769 459806 659197 189468 652790 630715 524195 90624 338780 630892 632850 165496 650899 172152 58808 617582 374443 581659 206353 598838 667264 92139 316205 682639 900579 898886 642331 577030 462541 130146 260034 156971 143690
187246 905274 752359 556267 693187 738635 679000 778920 444256 883731 809303 625868 999999999 274492 420618 626459 989938 812693 956095 663367 712198 482294 160433 778939 780563 765630 898250 597046 720248 638897 1021168 676450 717745 649545 811065 840718 607061 827633 331822 584879 812085 832282 864607 458279 449333 719511 887012 401663 363426 77748 639915 828636 386238 493752 728318 108415 907174 551221 202094 451060 813045 711749 651503 323292 430110 1108186 88094 804324 308603 424597 813120 83653 747039 1065260 698736 841119 160159 509887 783898 25385 781407 567098 638298 503463 44260 484886 28057 691351 697433 688614 544395 752753 786550 777836 351818 374470 624627 878103 646863 692660
442168 676344 535499 497789 530915 649672 409754 510210 174214 731141 554350 477687 274492 999999999 392408 421164 720857 538368 682738 400214 457963 288420 431951 590735 521125 553181 658223 521444 452773 379572 772522 434693 449566 424045 568536 570861 334192 585143 92715 317312 537678 566068 590987 494735 271820 471777 682511 229500 239362 209850 427839 747749 478824 251845 456143 361801 728012 524962 214659 216663 769841 444263 564046 86277 282065 851150 279118 551436 414639 227747 662887 242587 476614 826786 524722 774845 179431 271609 608030 289546 649503 423925 375088 541947 244187 283680 250792 431453 521966 437431 317653 551070 573192 506657 130860 100253 532255 736211 438558 493080
433064 619715 897372 136209 335445 320601 689681 778747 422360 494526 606316 265292 420618 392408 999999999 797119 824947 751067 832985 704660 527013 262461 478633 441148 821574 469406 638808 179879 734459 491265 770639 777334 728593 408101 571299 826189 604974 584934 333377 489293 730222 839575 756462 127172 663166 512818 559364 223063 169922 360506 799330 408235 187751 615328 710510 401698 542992 137632 229792 591371 397829 727082 235967 332605 674266 876513 338552 595482 195242 617485 427014 472555 740180 784501 355248 420973 483333 636063 428764 445703 382782 218187 683078 165362 379781 276002 397682 740771 356217 499872 686996 923039 936022 761321 521206 435545 213152 480765 372088 389594
813639 810761 127259 878371 817183 993383 273020 316341 395073 998607 631077 791024 626459 421164 797119 999999999 672297 421813 589261 223191 570119 602459 780269 827627 257343 753358 763871 889106 274490 504289 826111 126544 279110 633371 687532 367281 296611 699923 463775 434132 451555 332206 515182 909806 178174 603065 872554 589657 629153 593088 22210 1088991 899958 183022 325979 733403 956768 918804 635053 206812 1137133 270744 918402 464893 208207 856253 670051 637700 835092 204076 942519 553109 314567 907479 796605 1125560 467525 162661 861123 627803 952550 753669 218465 955719 617025 590073 614294 212786 792390 569306 111170 130264 160110 340206 293990 361628 886889 1016767 677801 732589
1132494 318040 643453 797862 570976 777112 406556 361011 546999 629672 220523 610282 989938 720857 824947 672297 999999999 250536 96109 453869 300431 573171 1138769 489458 436155 407514 258688 770794 397845 357491 210263 547580 393449 417981 273683 327218 428872 266348 659434 405075 222440 370460 157659 945924 737433 312139 431245 642918 706052 916889 652627 835494 1008566 607782 348533 1059691 538455 861820 848136 641909 934489 401933 755938 667824 783986 190643 969554 232682 988452 710436 618510 963033 357751 297165 538264 883806 891246 608893 530700 1007727 668085 627545 466402 970578 953396 562198 963807 459527 534343 327704 624887 698723 662763 333658 704323 626489 738831 664654 461229 467489
975834 453062 398954 766455 593579 804531 161950 114343 377970 720933 273774 604988 812693 538368 751067 421813 250536 999999999 170768 206073 272332 489538 970061 551257 194194 461882 394759 753498 147523 267289 421516 297127 143458 395690 345967 105284 208871 351524 500839 263777 39477 144039 94546 878186 498773 305424 546042 536141 599408 746795 402091 883746 917349 374051 101912 897352 649321 825597 707852 412822 965237 152035 757123 508180 545587 436812 810485 285747 879735 477700 685868 771111 107248 508254 562964 929350 691300 371454 593038 826660 719674 598265 221613 912736 781993 475617 789142 209112 558354 291139 380443 453787 422144 84501 490082 438232 731993 749725 450067 484950
1108752 389175 552427 821500 610344 821366 332397 273904 512355 693261 252391 640500 956095 682738 832985 589261 96109 170768 999999999 376767 308290 573351 1109561 540643 345555 453519 327595 799230 316835 346144 302091 463188 313343 436088 319090 234412 369021 316272 631155 376990 152412 277229 92027 957475 668652 329536 498923 635557 699778 885956 568855 887370 1011492 542122 272526 1033060 606947 884394 829755 579312 981346 321974 790794 639213 715466 285601 943911 266105 984243 645779 674140 921991 276276 390179 577631 935205 845852 540737 583034 972158 719170 649368 392245 986085 922079 560973 931038 377734 573370 334739 551176 607706 570151 249090 650480 584690 770607 726709 485273 502261
840496 594997 239547 756233 644447 839662 49884 122436 283945 809861 412528 632584 663367 400214 704660 223191 453869 206073 376767 999999999 362007 466180 823773 635828 122043 554553 545191 756245 64277 308243 603002 110726 65450 447371 473349 185076 105947 484503 395601 252013 231501 169567 296223 828588 297036 396732 665773 481990 536836 607488 205873 930210 844566 182135 105352 759286 757153 806877 601172 225060 993612 57085 774813 400663 343538 634677 679087 420247 792880 282372 760439 608816 102785 684885 619322 971242 523804 174276 673049 673100 779808 606879 25176 869898 639702 452087 643299 36229 614815 366389 175289 287814 273425 133943 316822 305395 745222 832202 497827 547813
841320 245316 601043 514308 321753 533603 317034 354389 289192 456563 97177 339092 712198 457963 527013 570119 300431 272332 308290 362007 999999999 272747 853217 283362 428535 196519 209584 494506 343826 81112 314788 472329 336593 129692 122484 373445 273523 137491 381639 156490 238437 405111 241893 650247 561288 35442 303993 344039 406447 636174 557228 611452 708905 434265 292654 771926 396282 576728 554464 452704 694643 341154 491471 390210 602991 396028 681587 93473 688070 521349 415998 697795 322482 374739 290790 657211 636723 444922 323974 732313 447576 342238 357258 677977 672625 261911 684916 389707 286193 27309 481994 649793 633514 325086 480849 377708 468643 482825 182133 212700
584012 424978 682885 290264 243284 391665 443036 525175 207705 443237 361193 196646 482294 288420 262461 602459 573171 489538 573351 466180 272747 999999999 605168 305740 575958 283358 424699 291298 486120 229157 553505 554182 479708 173715 342894 568724 361345 358710 195898 230972 467867 585541 494659 389212 510728 265456 406820 81484 136841 404670 599126 488410 438182 422491 455956 521793 441477 343330 298367 413492 535568 479434 316214 202150 537605 650828 433544 352366 415354 462711 375817 491125 486675 587958 236340 523480 454398 441653 320180 505619 367911 151936 447614 423214 438996 14356 454242 502212 233651 245500 492390 717663 720936 505220 380749 265895 284984 450000 164570 212474
66491 1029723 907034 612031 790332 796580 838896 938962 597310 968662 949550 719939 160433 431951 478633 780269 1138769 970061 1109561 823773 853217 605168 999999999 885355 940948 884404 1028917 657850 880415 783670 1155588 835541 877827 777787 944328 1000590 765832 960632 479644 734942 967911 992605 1018635 473227 602177 856967 998834 523848 473868 223781 794794 877676 377452 653632 887468 83578 1005294 590302 307065 610693 842030 871909 714151 471354 578466 1247425 172338 943429 310536 580964 899276 227169 906741 1193125 801239 881585 313225 669416 884027 153453 859488 662788 798694 510543 188115 610348 181467 851772 800684 828362 702494 904230 940228 937355 511713 532204 691738 957624 767367 807477
852857 198853 874974 357384 107977 289730 594406 637750 468831 174245 291308 175955 778939 590735 441148 827627 489458 551257 540643 635828 283362 305740 885355 999999999 711260 89805 241129 317223 624892 327853 360974 743625 617629 194616 221581 654722 537278 225082 498203 393620 514663 687875 501674 534064 779435 248293 118229 380928 416093 702474 817953 347073 623886 667277 575257 802261 138010 419119 582756 672573 445156 621558 285356 505195 813865 471639 719347 277556 635229 733501 135443 794993 605492 353211 86210 395158 760074 682594 42619 803261 178994 226530 627017 542951 734823 308144 751170 666429 85828 272061 727597 920759 909251 608376 665765 548726 277902 199467 157418 100122
959824 639041 207299 865935 733972 936652 132953 80787 403703 884974 455625 730200 780563 521125 821574 257343 436155 194194 345555 122043 428535 575958 940948 711260 999999999 625046 583101 862570 90846 392172 615690 134382 97761 532951 524417 113025 216692 532570 517364 350740 231945 74948 286790 946553 384789 463937 723843 598513 655225 727028 235409 1023777 965373 289963 136003 878406 822473 918897 723215 333735 1093727 96827 876954 522537 428670 625974 799491 466031 914574 381241 841615 722498 106266 702417 706413 1066674 636316 277193 750974 789121 867127 710107 146730 986936 758553 561656 761411 89749 701804 439509 260080 262573 228250 112287 430397 427267 848470 910453 586125 631208
858057 150698 794100 407857 165357 369891 511451 550363 413724 260379 202517 216498 765630 553181 469406 753358 407514 461882 453519 554553 196519 283358 884404 89805 625046 999999999 174090 373750 539993 249374 303832 663697 532744 132177 135107 565690 459249 141166 462690 320375 425065 599449 412091 575321 718359 161109 130267 364153 410555 688025 742441 434068 656630 600400 489171 800826 203561 471769 577656 609909 528579 537067 351654 470424 755430 412650 714243 188715 657672 673930 225217 772311 518951 316363 133379 481766 728678 614358 132227 788975 265983 251914 547355 590693 722245 281551 737582 583925 129971 188267 657067 841296 827540 520608 613828 498602 338006 287955 118833 80260
1008667 61745 776563 581945 336964 530620 496263 502652 495222 371007 132840 390569 898250 658223 638808 763871 258688 394759 327595 545191 209584 424699 1028917 241129 583101 174090 999999999 547319 511494 290240 131932 655113 504790 251222 89870 498500 471225 73440 575292 366069 355295 538736 317904 748167 769371 187939 172804 505452 560141 820764 748803 581273 826542 640763 455963 945800 280524 645830 722779 661266 683793 511311 522488 583709 811740 238896 856753 126550 822634 730319 363115 892903 480221 168600 306067 629678 837646 650075 279675 920037 415921 423481 545914 764556 856492 418714 870369 566695 303000 224184 683803 828811 805060 471071 689901 584145 510762 406150 270307 250639
610222 513726 973766 48163 211632 141602 730293 806018 494825 326478 551914 160544 597046 521444 179879 889106 770794 753498 799230 756245 494506 291298 657850 317223 862570 373750 547319 999999999 771926 486699 674306 845458 765223 364822 499287 843303 650717 509416 442724 512308 725179 865078 736269 227976 779529 469955 430669 303041 282376 532596 887208 233980 328917 706858 736693 581534 390015 102605 399559 692077 250303 765744 56330 445095 798769 784453 517121 539032 362579 731762 264179 643000 768129 670344 241387 254838 642691 726784 291890 622336 212049 155300 738346 228356 554988 305017 572930 792068 244343 470146 778138 1007336 1011929 783082 640222 536313 41403 307879 313999 304016
894694 564720 265121 775802 644268 846062 45448 59475 321032 799000 380629 639492 720248 452773 734459 274490 397845 147523 316835 64277 343826 486120 880415 624892 90846 539993 511494 771926 999999999 302688 558206 151150 7264 443646 446323 122363 130488 455850 438843 259926 177541 113479 240717 860128 361107 379247 643653 511542 569665 661809 255087 933620 882685 245580 55689 813889 739714 829328 647072 288017 1002945 8518 786108 444651 407514 582332 731801 389876 834585 346520 753861 668334 40559 642420 617128 976287 584128 238405 663963 730949 777969 619295 86265 899733 694875 471791 699316 61708 612533 352836 238468 317953 293995 70162 377387 355087 757640 823581 496434 542581
775373 322765 547145 499197 341805 546678 268513 325852 208852 501698 175167 342288 638897 379572 491265 504289 357491 267289 346144 308243 81112 229157 783670 327853 392172 249374 290240 486699 302688 999999999 394782 415794 295483 140968 201909 357629 210044 217507 307128 76918 241486 382484 265531 617523 483479 105290 369463 289570 353719 563909 493107 631982 666269 358622 258259 703570 452935 558688 490652 374517 705671 298340 492951 315678 524312 471807 613252 173370 638151 442455 452753 620780 289785 455850 314440 675471 557597 370622 364807 658221 475290 331399 299193 649621 600470 216150 612002 339658 309846 68540 410547 593064 581622 300107 399814 297027 466651 524039 193971 240482
1137289 162198 819477 710623 462789 645787 553129 535672 603620 462543 220128 519884 1021168 772522 770639 826111 210263 421516 302091 603002 314788 553505 1155588 360974 615690 303832 131932 674306 558206 394782 999999999 708370 552327 379834 211283 515934 546590 195081 693769 465864 384568 558921 330166 879049 855628 302257 267311 633497 689735 944114 808790 686071 958351 724502 503307 1072824 364714 774145 850565 750345 792829 559974 646041 702300 900060 110665 983255 221484 954437 820350 469489 1011171 521672 88576 433136 734084 951466 730924 395404 1042270 526636 554798 608818 894314 980196 546713 993481 618069 430417 335293 758397 873853 843604 505004 790793 691722 636578 499446 401947 381883
860500 705506 132168 841334 746994 936751 158863 189852 356473 917266 522649 730368 676450 434693 777334 126544 547580 297127 463188 110726 472329 554182 835541 743625 134382 663697 655113 845458 151150 415794 708370 999999999 156530 552971 584045 241443 207202 595108 452270 354364 328608 208215 391209 897521 256133 506873 776241 558350 607476 630514 105708 1029262 902496 184817 205146 778941 866723 888272 646731 225909 1087677 148605 868083 455658 298058 733259 705788 530617 844538 260015 866060 611801 190233 791707 723154 1068935 524726 167075 780027 682233 882816 700330 116608 941038 659300 540579 659905 90310 718717 475865 135538 177648 168584 214403 325376 352510 837646 938618 601908 653534
891615 557863 271778 769287 637091 839016 40689 61232 316046 791738 373791 632483 717745 449566 728593 279110 393449 143458 313343 65450 336593 479708 877827 617629 97761 532744 504790 765223 7264 295483 552327 156530 999999999 436437 439312 123772 125222 448901 434366 253125 172547 117309 236108 854368 362473 372012 636533 505739 564091 658808 259933 926494 877491 245456 49300 810901 732509 822961 642800 287583 995974 8637 779225 440256 408987 577367 728495 382975 829768 346956 746605 666490 37527 636349 609921 969197 582541 238868 656700 728663 770757 612482 86148 893837 692027 465373 696635 66561 605325 345574 240473 324436 300888 68521 375974 351529 750803 816317 489253 535343
757696 256265 684947 385432 201390 409444 409104 465056 281639 365603 198309 210217 649545 424045 408101 633371 417981 395690 436088 447371 129692 173715 777787 194616 532951 132177 251222 364822 443646 140968 379834 552971 436437 999999999 169756 492474 345812 185297 335252 199984 364331 520175 371547 527963 588155 107109 262347 254235 309965 571842 624103 492235 593778 473252 398397 694615 328090 448340 471560 480280 569777 439304 362732 343286 624358 478453 605711 187383 580820 543135 313186 649575 429760 416148 173492 536465 601366 488252 228016 671936 334324 213285 436610 553067 607173 167496 621548 479659 168892 106013 532993 729193 720164 438131 481662 366493 339244 385724 54492 100569
926237 123697 709474 528974 297297 504834 425840 445686 405482 380399 73111 338914 811065 568536 571299 687532 273683 345967 319090 473349 122484 342894 944328 221581 524417 135107 89870 499287 446323 201909 211283 584045 439312 169756 999999999 451245 391948 16661 486273 278419 307206 488534 284405 686309 683772 98263 200357 422425 479516 733782 673597 568329 758565 556510 391911 861542 303659 593207 639350 575171 663685 445050 482451 494727 725415 308808 772001 60357 749214 643721 355700 804002 418899 258269 264581 616233 747967 566811 264037 832526 400123 362285 471485 706808 769720 335702 783276 497862 260668 134824 602745 760180 739978 414534 600897 494407 466109 411907 199247 195273
1012998 557452 318369 852903 692556 901888 161718 62910 427713 825316 379033 699459 840718 570861 826189 367281 327218 105284 234412 185076 373445 568724 1000590 654722 113025 565690 498500 843303 122363 357629 515934 241443 123772 492474 451245 999999999 239048 456763 549157 337862 144357 43382 186315 953145 478041 407469 651319 605866 667058 780566 345727 983445 983972 367208 118643 932620 754530 910044 758324 410004 1061927 130621 850557 555599 523757 517801 849127 391031 940374 466783 788797 790223 94330 603925 662646 1028428 706308 358906 696206 851994 820863 688177 208334 990201 814209 554460 819239 169392 658017 390198 353354 373595 335815 66303 499680 471751 824223 853645 546950 585017
775536 515541 339293 651598 540448 733943 85141 181573 191017 710540 339398 526912 607061 334192 604974 296611 428872 208871 369021 105947 273523 361345 765832 537278 216692 459249 471225 650717 130488 210044 546590 207202 125222 345812 391948 239048 999999999 404909 310711 147496 216879 241206 278515 730236 311892 306521 576242 381918 439376 543970 284130 824914 752269 180594 122147 695705 662776 703279 519736 213049 887670 122716 668877 316941 357718 594640 611050 344684 704900 281924 658861 562763 145094 622801 516151 865651 482453 184864 573151 620011 676130 500957 91325 770327 578344 347160 584409 141426 511694 273210 213096 383596 374995 173512 282119 234199 639328 731512 394806 446364
942270 110845 719690 540033 305294 510903 436591 453330 421791 379558 77785 349356 827633 585143 584934 699923 266348 351524 316272 484503 137491 358710 960632 225082 532570 141166 73440 509416 455850 217507 195081 595108 448901 185297 16661 456763 404909 999999999 502935 293795 312449 494763 286353 699057 698595 114509 194727 438458 495219 750329 685706 572155 772373 570920 401081 877802 299875 604276 655485 590123 668970 454831 491095 511388 740458 293754 788314 66561 763896 658836 357877 820663 427484 241691 272747 620231 764573 580948 267195 849120 404051 374556 483274 718864 786249 351696 799834 508319 268975 150872 616300 770776 749756 422017 616835 510715 475566 411864 212882 205706
477855 589836 566827 423902 438796 565615 393679 492238 122991 638953 478808 387190 331822 92715 333377 463775 659434 500839 631155 395601 381639 195898 479644 498203 517364 462690 575292 442724 438843 307128 693769 452270 434366 335252 486273 549157 310711 502935 999999999 255336 493823 551412 541053 447813 337326 391546 591433 142400 167082 257542 466376 663851 451042 282563 430871 401981 635366 458236 209171 258142 692841 430592 481771 8573 356289 777529 312783 474523 397285 289915 571024 317744 455685 743767 432107 693230 266216 303327 515318 351135 559302 334876 371579 492890 294088 190967 305084 430138 429320 359014 353938 590306 605385 483073 197531 102491 449728 644682 346939 400918
732041 399674 486529 517892 392955 588391 219668 294929 143159 565572 245848 381319 584879 317312 489293 434132 405075 263777 376990 252013 156490 230972 734942 393620 350740 320375 366069 512308 259926 76918 465864 354364 253125 199984 278419 337862 147496 293795 255336 999999999 248056 354965 288419 616439 406601 182208 443824 272371 335683 512247 424347 678274 653579 282512 225539 657130 523214 573415 453336 297613 743875 254030 526361 263593 447406 536582 567550 245913 617207 365565 512217 559896 256624 530265 368790 719623 492188 295186 427988 602698 528640 359370 238820 652651 548689 216675 558834 286188 364353 145418 336760 529681 522445 274278 325437 227991 497739 585403 247600 300182
970998 413596 434974 739890 560189 771870 184201 151398 371946 683419 234762 574364 812085 537678 730222 451555 222440 39477 152412 231501 238437 467867 967911 514663 231945 425065 355295 725179 177541 241486 384568 328608 172547 364331 307206 144357 216879 312449 493823 248056 999999999 183515 65001 857078 517877 270537 507076 518926 582794 744182 432480 849585 900028 390222 126253 893525 610752 799939 698438 426983 932823 180838 726798 501485 564637 404823 805601 246905 865206 493782 649613 774169 138730 470738 529160 895543 696343 389556 556657 827057 684658 570276 244144 890355 779845 454226 787812 239086 524571 258786 402951 489503 459222 120468 498786 438267 702386 712628 418409 451036
1007791 597091 276523 872574 721216 928840 157931 60848 432175 859643 416982 724721 832282 566068 839575 332206 370460 144039 277229 169567 405111 585541 992605 687875 74948 599449 538736 865078 113479 382484 558921 208215 117309 520175 488534 43382 241206 494763 551412 354965 183515 999999999 228981 966052 453374 439763 688871 617597 677369 774827 310312 1012252 992482 349560 129595 926865 791030 928374 760020 393091 1088140 121952 874719 557391 498238 561073 845150 428602 946072 445895 821106 778383 99394 646797 691968 1056639 693291 339205 728926 842397 851265 710489 194352 1004371 807646 571198 811762 146754 687333 420156 328184 331623 292939 82391 486324 468564 847626 887201 574463 614875
1018891 378568 492839 754873 558707 771262 249184 208180 421325 664783 211677 580744 864607 590987 756462 515182 157659 94546 92027 296223 241893 494659 1018635 501674 286790 412091 317904 736269 240717 265531 330166 391209 236108 371547 284405 186315 278515 286353 541053 288419 65001 228981 999999999 882304 582439 269142 479624 552576 616858 794924 495777 843902 931495 454183 190879 942659 585999 816576 741755 490203 932312 244538 732918 549015 629164 342307 853810 225126 901040 557570 637071 829987 200992 417860 526627 890865 753860 454011 544238 880477 676762 583206 309141 913129 830955 481680 839700 302422 522154 266224 467946 547817 515038 178966 559204 492745 710477 695951 423797 449041
415958 723184 1014587 181212 426088 346045 815163 905208 545098 553196 726062 361164 458279 494735 127172 909806 945924 878186 957475 828588 650247 389212 473227 534064 946553 575321 748167 227976 860128 617523 879049 897521 854368 527963 686309 953145 730236 699057 447813 616439 857078 966052 882304 999999999 766273 634122 651013 348668 291779 414695 913500 413655 105817 730122 837174 408873 617580 132205 300489 703038 368881 852647 279075 445797 772387 987014 370347 714685 162732 722448 492122 525074 866670 885245 451175 411604 554379 750878 514200 481409 438699 325020 806513 48161 423967 402886 440752 864566 453055 623310 801074 1037566 1053165 888145 625537 550188 269155 532138 487777 497550
636576 806027 305259 761152 746568 898085 336934 417207 312208 940794 641783 707163 449333 271820 663166 178174 737433 498773 668652 297036 561288 510728 602177 779435 384789 718359 769371 779529 361107 483479 855628 256133 362473 588155 683772 478041 311892 698595 337326 406601 517877 453374 582439 766273 999999999 588736 846180 476961 503118 420323 193674 996014 744243 131483 397014 556867 915656 793324 477282 109089 1029807 354117 816503 335753 46819 906529 497185 644805 675216 48117 877968 375008 399642 928364 731881 1027716 289791 128543 806736 449958 877112 661036 278005 813634 442096 500835 438318 308700 728184 552010 125190 303477 338052 430979 141981 245695 784423 953154 622462 679742
842354 217505 635959 492101 290628 503036 352131 389552 307284 421253 95737 312354 719511 471777 512818 603065 312139 305424 329536 396732 35442 265456 856967 248293 463937 161109 187939 469955 379247 105290 302257 506873 372012 107109 98263 407469 306521 114509 391546 182208 270537 439763 269142 634122 588736 999999999 269931 340822 401489 642751 590569 579100 696976 463258 328079 774910 361040 555230 554963 479798 664160 376539 464102 400070 629589 390486 684799 87366 679837 547715 381453 709094 357851 355785 259100 625226 651142 474682 289164 740341 414284 320060 391444 659956 678997 255954 691939 424789 254545 36951 513084 684430 668611 360086 502831 396207 442423 447751 155991 181016
968207 113811 904292 472733 225461 381888 619982 645645 543629 199405 272315 294181 887012 682511 559364 872554 431245 546042 498923 665773 303993 406820 998834 118229 723843 130267 172804 430669 643653 369463 267311 776241 636533 262347 200357 651319 576242 194727 591433 443824 507076 688871 479624 651013 846180 269931 999999999 485836 526590 809826 860365 418792 741900 725892 590099 915462 108028 533189 694112 737377 525707 641814 393689 599019 884056 375931 831020 260335 753298 802346 202571 897823 617924 242838 204225 466864 856908 738990 139010 910877 260936 343989 661229 658139 843182 406658 859055 692579 203525 303263 779947 953584 936032 614616 743861 628831 390245 235401 244851 194561
503815 506463 681962 288825 307129 423256 466678 556750 201883 506590 436143 249436 401663 229500 223063 589657 642918 536141 635557 481990 344039 81484 523848 380928 598513 364153 505452 303041 511542 289570 633497 558350 505739 254235 422425 605866 381918 438458 142400 272371 518926 617597 552576 348668 476961 340822 485836 999999999 64292 324211 589326 521488 381286 406678 489061 440542 514059 330768 217327 389585 553292 504114 339915 146200 498055 729218 352100 428180 348722 429057 437126 414074 518258 669305 305793 551360 383555 427000 391170 425259 420560 194549 460773 388423 358140 86805 373638 518158 303729 317279 478492 711501 720544 540406 339132 233308 307837 509204 245576 291294
449059 556864 727635 258912 330642 413987 524475 616580 253372 525231 497137 265416 363426 239362 169922 629153 706052 599408 699778 536836 406447 136841 473868 416093 655225 410555 560141 282376 569665 353719 689735 607476 564091 309965 479516 667058 439376 495219 167082 335683 582794 677369 616858 291779 503118 401489 526590 64292 999999999 287923 630644 511426 318015 446685 549578 390293 543863 291154 167602 424687 530505 562032 326941 167687 519061 787651 304517 488667 284469 456158 454679 387397 578238 721374 335311 536561 370032 467363 420529 388050 429865 206847 514738 333924 319200 145541 335871 572794 334016 379473 518543 754073 766289 601281 361828 267762 295623 523372 294099 333860
233025 827531 716382 494080 618419 673722 619239 719647 373622 810866 733172 551993 77748 209850 360506 593088 916889 746795 885956 607488 636174 404670 223781 702474 727028 688025 820764 532596 661809 563909 944114 630514 658808 571842 733782 780566 543970 750329 257542 512247 744182 774827 794924 414695 420323 642751 809826 324211 287923 999999999 604461 765895 356859 445842 665975 152095 831727 495218 133129 404899 757327 653291 585872 249109 408712 1031986 76986 727940 279992 389018 740206 112368 686370 987638 623008 781132 148810 463529 708357 101058 710527 493187 582312 461782 36567 407161 49713 637319 621588 612273 502602 722045 752088 716496 305891 309805 557876 806489 569234 615380
826917 796543 112446 877656 810216 989210 255754 295532 392474 989638 615963 785830 639915 427839 799330 22210 652627 402091 568855 205873 557228 599126 794794 817953 235409 742441 748803 887208 255087 493107 808790 105708 259933 624103 673597 345727 284130 685706 466376 424347 432480 310312 495777 913500 193674 590569 860365 589326 630644 604461 999999999 1084324 906169 184011 307376 746359 945977 919310 642288 211773 1134435 251666 915319 467895 226221 837296 681333 622901 842366 215894 934475 567757 294903 890729 788977 1121511 481689 163297 852071 641955 945835 749772 202891 959059 629238 586481 627032 193418 784712 557306 112458 124083 147647 319937 302688 363926 883963 1008455 669499 723768
824916 529060 1160784 272377 291042 98236 896483 957256 695726 230986 636457 299099 828636 747749 408235 1088991 835494 883746 887370 930210 611452 488410 877676 347073 1023777 434068 581273 233980 933620 631982 686071 1029262 926494 492235 568329 983445 824914 572155 663851 678274 849585 1012252 843902 413655 996014 579100 418792 521488 511426 765895 1084324 999999999 519052 910595 890209 805274 328645 287683 633057 901616 111287 928722 184554 667332 1019170 793981 746646 622646 570896 947904 218262 876713 921686 651951 320872 48406 876126 929486 305111 853794 168205 336482 915899 389963 787245 499981 805185 964437 325494 593302 979821 1199640 1197822 930323 860308 750366 215839 194713 438231 398799
316951 806615 1012057 281030 516519 451542 837250 931922 561961 655360 791429 448316 386238 478824 187751 899958 1008566 917349 1011492 844566 708905 438182 377452 623886 965373 656630 826542 328917 882685 666269 958351 902496 877491 593778 758565 983972 752269 772373 451042 653579 900028 992482 931495 105817 744243 696976 741900 381286 318015 356859 906169 519052 999999999 726311 865930 320725 715659 237311 266961 694443 469356 874772 382018 447128 744010 1064243 299107 780982 77795 703660 592468 460897 893875 970868 538926 515441 503996 746773 607612 407159 540867 404847 821136 134520 358112 450535 373233 879753 540283 681611 794934 1029726 1050185 917938 607988 550065 369358 635606 559491 577045
676516 679567 285836 695446 645737 814139 214381 304490 214877 833941 511876 614441 493752 251845 615328 183022 607782 374051 542122 182135 434265 422491 653632 667277 289963 600400 640763 706858 245580 358622 724502 184817 245456 473252 556510 367208 180594 570920 282563 282512 390222 349560 454183 730122 131483 463258 725892 406678 446685 445842 184011 910595 726311 999999999 273608 594910 801133 735864 465807 43787 955564 237725 737465 284328 177125 775194 520981 515407 665135 103701 774361 432865 281041 798066 627642 945948 346443 20764 697606 500877 779735 574322 159361 775423 475080 410640 476254 203327 623641 426971 71944 307780 324124 313120 141940 180072 705769 849335 512562 569089
897674 509548 320759 743367 599734 804576 60085 69416 309137 748997 325433 599077 728318 456143 710510 325979 348533 101912 272526 105352 292654 455956 887468 575257 136003 489171 455963 736693 55689 258259 503307 205146 49300 398397 391911 118643 122147 401081 430871 225539 126253 129595 190879 837174 397014 328079 590099 489061 549578 665975 307376 890209 865930 273608 999999999 817783 687410 798877 640033 313516 962866 56686 747856 437426 443815 530359 733190 334913 821782 377007 705790 681686 31639 587128 571639 933712 599676 270108 615006 740721 732126 582557 119726 875123 700204 441611 706004 114846 567018 303557 278672 373640 349232 52344 395317 356280 720233 774463 452040 495893
81611 946220 858778 536669 708005 721546 771329 871741 521791 888343 867956 637848 108415 361801 401698 733403 1059691 897352 1033060 759286 771926 521793 83578 802261 878406 800826 945800 581534 813889 703570 1072824 778941 810901 694615 861542 932620 695705 877802 401981 657130 893525 926865 942659 408873 556867 774910 915462 440542 390293 152095 746359 805274 320725 594910 817783 999999999 923106 519305 223560 553039 775608 805371 637665 393868 538437 1165392 90374 861596 247577 530600 818641 190087 838400 1109744 718389 811682 268408 611905 801495 114880 780197 580394 734115 449578 119970 527135 119507 788765 717768 746810 648568 860343 893388 868444 453565 461509 614158 878257 683815 723936
