NAME : synthetic_000240
TYPE : CTSP-D
DIMENSION : 100
GROUPS : 8
RELAXATION_LEVEL : 1
EDGE_WEIGHT_TYPE : EXPLICIT
EDGE_WEIGHT_FORMAT : FULL_MATRIX
EDGE_WEIGHT_SECTION
999999999 896538 1103798 831442 504219 597195 672367 303669 882034 813831 770155 958884 271002 487246 900487 710405 485592 583934 494978 818966 846534 594225 452506 56385 519972 814747 728307 873334 484831 232956 932604 604732 943952 958211 626698 723281 864132 335150 169782 745066 635108 855360 304625 180494 343578 821961 658708 852607 740452 385447 718553 1105875 357809 250447 125822 847904 694400 792403 817023 766501 434696 792154 777772 502141 759904 546745 759272 244680 554827 933597 758893 420871 587727 962482 173082 678968 543270 495578 917647 255752 314797 1025468 507175 807534 258018 728602 267522 636067 702188 491500 330193 46110 581143 194303 135396 485386 592548 549206 292072 561786
896538 999999999 259038 108646 443805 660723 553091 746294 382720 515845 464533 102767 974966 409769 607500 261125 689645 589756 413933 528869 95988 337871 727355 944657 769693 132034 286564 214706 415641 889840 402926 636731 47533 114460 405891 260905 340677 562007 756551 391732 295985 120661 593759 771932 560657 628360 262154 95869 355316 521553 191384 311054 707681 688112 797745 146630 330536 280244 435753 188459 768312 191231 500025 490610 240008 445447 321314 838542 410472 642454 382048 480703 732765 203791 758613 678798 671595 710414 348540 839077 733401 149884 748539 232307 1039906 229428 726624 480767 240973 437409 566520 930721 340442 779539 831949 696019 604556 354861 605042 722718
1103798 259038 999999999 277507 691576 919759 610604 903644 351368 511963 715713 161009 1213712 623477 843427 398757 800695 848722 649499 774409 352826 511226 845282 1155768 865937 290951 545152 245253 643852 1127457 622541 895751 228406 155195 520541 388280 576970 771461 980303 646443 469269 372027 811732 957582 785650 875394 512880 257596 611277 750257 390069 83113 855058 872629 1018148 255906 589502 342861 437441 447496 1022682 313268 750301 637018 498077 587326 388997 1002381 564371 874716 428730 683565 809163 150991 949348 725463 930080 816660 570361 1000462 889394 113036 849191 309948 1273007 376689 964837 567230 498048 680454 781368 1142239 586626 1010562 1019471 806559 863585 556108 820239 807656
831442 108646 277507 999999999 420446 673551 444519 656448 288049 410983 511267 127941 936606 347139 669887 156509 587219 600262 373027 582462 163932 248693 626541 882233 665354 23769 317905 127165 366399 850258 483237 651010 145644 126803 300824 154314 411275 497072 703383 433487 205467 195340 535430 694101 508308 677739 249787 21346 395139 472750 113344 301692 614249 609199 741865 51423 354579 173878 331984 221106 755794 82647 547311 394432 278629 347162 213204 751648 315241 707425 274397 410635 625904 162334 683311 570207 675669 607288 429712 751273 642989 194998 644744 126760 995501 125708 687914 373271 249742 406413 505619 868543 316084 733060 755360 593547 616764 282243 544563 616677
504219 443805 691576 420446 999999999 296386 569905 487763 614286 645121 303377 531309 533469 168445 470915 379979 549283 227817 79834 372270 370095 293924 560718 542119 635189 414281 224476 516610 111854 449787 437922 280629 487481 536384 413122 395697 363565 223615 341444 254816 306119 370501 217395 441755 171269 421672 181715 437861 241804 132395 320061 722138 482604 379097 386469 458600 190674 481314 597618 277334 336419 425198 324738 367782 259349 365694 477113 546037 333459 510944 517463 210551 647147 580719 418792 664338 278598 573128 416656 551864 481312 590918 611109 466428 602709 376225 288131 486033 212532 32649 208851 528192 104967 349925 487969 554586 246130 220682 234033 623825
597195 660723 919759 673551 296386 999999999 863341 710866 902439 941373 258295 761044 476776 462220 319888 667365 814933 73651 375547 265095 568148 589701 816564 609700 895507 673995 375691 786640 405982 422663 440973 24955 694630 770035 709438 682650 412185 461368 436741 293715 598553 553312 424841 622295 388422 232454 425662 686661 320274 372981 591952 966407 723796 590808 474712 719464 330446 766775 892007 472264 191656 698630 242606 655217 423479 658966 767945 738017 628650 346668 811666 487763 920545 835191 595654 950967 54571 837617 456365 746786 709034 809187 872382 745181 562282 658541 330774 780925 425885 326914 437766 598488 376942 402898 645834 819430 56799 516951 439523 895340
672367 553091 610604 444519 569905 863341 999999999 383657 274156 147835 823207 538129 889202 401719 1000668 299583 219720 797317 490106 900559 584424 296387 266902 728497 262983 421058 643392 378401 458318 810961 871482 849460 588044 527272 171914 295498 788464 443121 632513 748879 312356 613629 495936 492475 508365 973470 522760 459547 715214 504810 397317 569561 325504 426881 648412 415778 653344 283309 185743 585249 843491 362307 854819 214444 629846 204438 236696 478067 237472 1041689 184008 383150 199021 464825 499947 125729 836834 227125 824252 471531 369674 594073 250723 329356 912953 330508 686399 87384 563112 537998 467369 718304 518511 686222 546730 223916 815539 357558 490713 200526
303669 746294 903644 656448 487763 710866 383657 999999999 625646 530455 791130 781249 555373 372184 955349 508281 182349 667158 433050 858612 726578 409074 149569 357413 222302 635069 675954 659458 405630 491755 912702 707600 792420 776319 386490 516915 831670 265117 328672 738745 451869 745411 288481 129111 330579 896434 569545 677358 719128 359947 554925 887419 58159 120267 322953 656363 658863 565582 548909 673451 610916 595247 811466 266695 690089 316347 523743 100065 342386 994401 505753 297730 284913 753667 148620 375964 665970 191968 881453 96990 14693 847595 206485 593839 558943 534828 422138 367203 619432 459703 283684 349354 512332 386130 169670 181867 682143 400322 272721 258586
882034 382720 351368 288049 614286 902439 274156 625646 999999999 160605 782450 325211 1056124 474238 949358 235177 485937 829476 542880 857163 451981 331029 533075 937965 537029 271965 586360 168171 520414 971359 770952 882860 400495 310919 256075 219801 697176 585186 799837 703431 309195 483376 636584 711586 629253 947438 487908 291462 665268 607806 318986 299540 569930 632483 827428 239207 614600 136699 89523 498144 939927 221693 817989 379907 554334 336269 138926 725142 336059 988147 123153 500460 471517 222395 711510 378650 891776 497136 717626 720535 610967 364099 523903 169464 1096866 245569 822259 258975 508000 589018 604075 925926 525515 844785 771713 490986 847432 403716 638351 474618
813831 515845 511963 410983 645121 941373 147835 530455 160605 999999999 862172 474484 1019126 484100 1036362 301957 366733 871294 566800 939212 569677 351999 413614 870171 400984 390233 670624 310503 538230 938172 879682 924705 541385 461171 234399 291003 800529 558255 760579 784264 349645 600882 611756 635228 616268 1021662 557621 420247 747671 604905 402846 457742 472385 565197 780632 369378 690169 237300 81013 595146 946387 331434 896211 329401 647112 301091 204455 625685 320324 1076615 144152 485542 328143 379659 640781 225745 921717 372400 828499 619262 516299 519656 392019 284298 1048373 326036 803403 183552 589038 615422 580905 859466 574149 811726 691172 370636 889645 424447 609234 336428
770155 464533 715713 511267 303377 258295 823207 791130 782450 862172 999999999 567096 711801 447828 177619 561956 842515 215218 366139 77475 368740 526897 858443 796870 929982 519791 196148 636922 398004 644344 184072 234537 487699 578973 652640 574598 158713 526590 600373 79023 516498 345145 514274 738533 468252 166475 304831 518073 117253 433206 465472 775007 784876 681041 644795 562233 172078 647852 796982 290175 435100 561744 36050 645310 232673 629431 664373 846654 590712 218716 719787 507176 932998 661372 714119 932896 297466 866619 198792 853013 784663 602677 905747 613548 794692 542221 512098 735838 275350 332273 510378 783858 308692 586623 779257 848189 218477 469536 531175 911682
958884 102767 161009 127941 531309 761044 538129 781249 325211 474484 567096 999999999 1056530 473313 707114 274637 701397 689428 492146 630580 198751 375536 742797 1009322 775534 147095 388400 164487 488753 970562 496611 737279 88563 15295 413580 268467 439425 624147 828193 494498 332331 222376 661251 821852 632402 730444 351968 106613 458032 595541 240331 208294 737268 736900 867462 127973 431629 254828 393602 289415 861690 189045 602500 516803 342312 468320 301645 877436 438963 741175 356260 538245 729270 115093 811221 661669 769960 720173 442486 876729 767563 67104 756159 209451 1117875 246595 807522 477024 337552 521192 631953 995583 426457 855793 883184 707610 704626 409833 670893 722894
271002 974966 1213712 936606 533469 476776 889202 555373 1056124 1019126 711801 1056530 999999999 598746 796331 849394 730202 497851 564444 737252 903543 734557 704033 237829 777380 925341 741704 1008745 570574 86570 893407 494053 1019734 1059673 803917 864403 842945 470939 258718 715168 768245 902902 420072 426276 434281 707344 714247 956171 724719 465483 825848 1233061 602614 467997 241438 965774 698356 944754 1005779 809609 285131 919189 706621 690643 783992 725787 921523 512488 720350 821106 936578 556972 838511 1087804 408184 918852 425173 744099 894413 523663 563780 1119110 761811 947499 85820 859032 249009 835658 745481 537560 452650 236483 634734 211409 398719 731233 498068 670972 417774 811612
487246 409769 623477 347139 168445 462220 401719 372184 474238 484100 447828 473313 598746 999999999 623164 252211 395045 395598 89028 522442 367996 143209 413587 536534 482822 332526 306094 410000 56630 512250 545779 447835 457273 473683 249853 267639 463054 152274 356978 383475 170920 382218 188325 368552 164655 583162 197586 367948 357874 135567 233818 636036 351541 288284 394781 370041 294931 350993 444166 303462 467549 320766 474887 201208 317931 197350 335423 451059 166613 664057 365774 76301 486099 490587 352537 496773 438661 419168 511333 454044 362254 539373 458587 349373 652169 260300 354477 318705 247368 136318 158640 522713 144876 390287 426383 400814 413824 72760 197581 464201
900487 607500 843427 669887 470915 319888 1000668 955349 949358 1036362 177619 707114 796331 623164 999999999 734935 1016688 316767 539179 100904 515201 704302 1030738 919605 1103702 681228 366073 796984 571689 741785 228242 304673 621697 720447 829857 746939 267845 690338 732871 252785 692873 487246 671505 891934 626709 91299 480602 673787 288728 595402 636252 910641 953252 841397 774989 721310 348129 816856 969164 451481 511275 727678 148282 821962 395025 806916 836343 1003666 768296 41111 893155 679270 1109091 810282 866454 1110474 372970 1040739 275585 1010817 949911 732026 1079501 779894 881965 713526 633932 913288 447425 501683 671948 907538 485942 708788 927120 1022246 309580 647062 688235 1087365
710405 261125 398757 156509 379979 667365 299583 508281 235177 301957 561956 274637 849394 252211 734935 999999999 430732 594526 311156 638591 284851 117130 470384 763889 509107 133086 368933 163195 291736 763114 581253 647978 301635 268673 144810 15833 500515 385581 601049 483528 81339 314235 431934 559101 415366 723739 259300 175607 446485 387739 101916 395472 462959 474276 634771 148173 390538 101580 235152 294776 709736 86971 596532 242514 345451 193733 103285 605772 166361 775028 158244 296505 472003 252734 551634 424529 656784 450785 531552 604480 494359 340118 488335 98662 899138 31817 606631 221542 287522 355870 399794 750708 290542 639263 621040 437055 612538 179452 437433 461605
485592 689645 800695 587219 549283 814933 219720 182349 485937 366733 842515 701397 730202 395045 1016688 430732 999999999 759883 477541 916327 693618 364267 47368 539690 88107 563814 692877 557119 445010 661076 933201 806818 731850 693401 287888 434297 849135 354429 488383 778254 400422 718113 397363 307626 427768 970951 573902 606250 751340 442633 505262 770632 128478 266431 491612 573457 687836 458441 400971 663847 747684 512904 868625 210295 694512 247467 411763 266207 286559 1057356 376837 338742 111694 650177 322693 193615 777067 24124 893694 258326 170796 764149 64021 496588 739126 461654 567465 234269 622245 517233 378828 531432 538305 545970 352019 6405 776806 389553 385708 84542
583934 589756 848722 600262 227817 73651 797317 667158 829476 871294 215218 689428 497851 395598 316767 594526 759883 999999999 307597 242315 498185 519319 764545 603038 842465 600484 306511 712997 339012 433809 398861 53608 624761 698135 640526 609739 359318 409796 417204 234976 526723 484682 378732 588077 338526 239487 352068 613587 257078 317573 518341 894093 675355 548322 458658 645962 260551 693625 820473 401446 220113 624997 208874 591974 354441 592922 695508 702687 561249 349750 740117 427010 863258 762060 561804 888578 87397 783030 407052 710806 664087 738766 818950 671649 581604 585256 317165 713805 353280 259367 387451 590877 303988 392051 617655 764655 18360 447298 394449 838638
494978 413933 649499 373027 79834 375547 490106 433050 542880 566800 366139 492146 564444 89028 539179 311156 477541 307597 999999999 438970 353476 217137 492322 538809 564540 363273 247413 457143 33121 478417 480080 360268 460104 495240 333973 326989 400181 179150 344488 307173 233692 360649 191838 405342 151545 495780 163783 392189 286112 110123 264840 672543 420995 333546 387173 405592 226119 412676 521575 271656 398611 365458 391237 289669 270449 285981 404524 501164 253652 579817 441786 141151 572230 528457 385090 585700 355146 501578 451244 505758 424992 555256 540333 402473 626575 311440 315451 406216 207907 48681 172357 524756 87361 365617 457619 483078 325894 143062 206387 549606
818966 528869 774409 582462 372270 265095 900559 858612 857163 939212 77475 630580 737252 522442 100904 638591 916327 242315 438970 999999999 434092 604292 930970 841810 1003488 592148 271104 708921 471331 675808 192450 244780 548186 643126 730084 651042 200483 593506 649784 155063 593939 408321 577254 799738 531845 101225 382127 588081 192454 498986 541323 837225 854872 746144 693145 633718 249364 723222 873454 361758 453934 635920 47744 721066 304382 706137 740738 910023 667624 141977 796585 579435 1008273 728888 774688 1009777 313037 940397 225544 916835 852754 661673 979274 687933 821882 618311 555349 813200 351424 402504 575941 829248 385093 630474 837460 921919 239663 546328 594094 986625
846534 95988 352826 163932 370095 568148 584424 726578 451981 569677 368740 198751 903543 367996 515201 284851 693618 498185 353476 434092 999999999 330062 727113 891794 777790 181378 192637 288705 361735 819781 319795 543892 126576 210289 423003 289902 250859 516952 697709 295758 293367 31486 541913 736443 504491 533076 191434 162630 259480 463515 190842 407025 694009 655113 740637 213703 237772 333074 492470 98198 684146 238476 404327 486123 145286 446164 366745 813532 407373 551165 428586 443191 750052 295316 720475 709156 581542 715865 266011 815316 714698 241206 755321 288073 972148 254249 657497 504705 158745 368874 517598 877752 271805 715284 794330 700019 512416 326383 554864 736834
594225 337871 511226 248693 293924 589701 296387 409074 331029 351999 526897 375536 734557 143209 704302 117130 364267 519319 217137 604292 330062 999999999 397050 647347 449697 228443 349199 280229 191391 648546 583280 572763 383570 372185 126238 131168 499222 268595 484414 452555 43235 353929 315720 447416 301767 679137 227616 269887 419259 277436 146756 512035 369873 362352 517721 255981 357059 210358 304451 303192 609911 198259 558775 156127 340689 117814 192243 503214 77744 745313 224817 179615 429540 368258 438289 409890 571956 386932 539274 503087 395945 442537 426739 215654 782737 134665 494406 209003 270801 265265 283396 634088 225159 523798 509103 370651 537667 74255 320696 413363
452506 727355 845282 626541 560718 816564 266902 149569 533075 413614 858443 742797 704033 413587 1030738 470384 47368 764545 492322 930970 727113 397050 999999999 505412 80164 603343 716096 601080 460535 638120 956712 809837 770371 735217 329403 474803 873011 355362 469346 796755 435057 750650 393926 278250 428142 981433 599016 645965 771416 447176 540661 816549 103579 248582 468559 614834 708291 502609 448306 692573 738560 553894 883227 241091 720474 282491 456299 224736 319964 1071106 423029 351536 135370 694538 295988 231782 776428 45005 918884 216156 140285 806228 59533 539648 708460 500834 554448 280048 648080 529313 378799 497896 558223 527176 317547 43001 781000 415623 380876 109285
56385 944657 1155768 882233 542119 609700 728497 357413 937965 870171 796870 1009322 237829 536534 919605 763889 539690 603038 538809 841810 891794 647347 505412 999999999 570968 866023 766588 926981 530783 217003 963916 619346 991943 1009036 682445 776978 898004 385189 201289 776515 687783 899422 351054 236267 387373 838361 702495 903311 774222 428721 769084 1159310 412429 306750 155935 899987 730891 847089 873317 809419 437109 844890 802223 558123 800051 602410 814497 292085 609735 951257 814841 472248 640308 1015511 229455 733250 555222 548945 951531 302915 368995 1075678 559064 861376 211391 781422 286485 692438 744643 531799 378337 14055 623860 211351 187927 539280 610173 600233 339656 614658
519972 769693 865937 665354 635189 895507 262983 222302 537029 400984 929982 775534 777380 482822 1103702 509107 88107 842465 564540 1003488 777790 449697 80164 570968 999999999 641725 780923 625519 532185 713853 1021190 888356 810732 766698 364536 511294 937093 434139 547410 866168 484444 802931 473710 351191 507178 1056664 661758 683715 839401 524896 588267 830059 182348 327768 544678 648114 775913 526885 448701 750693 818658 588592 955763 297377 782158 332123 479436 281758 371986 1144288 437641 424897 80000 716796 370771 191012 855914 64104 981438 271763 215149 836647 24239 567891 777576 540539 634127 300179 709951 603363 457873 564488 626321 605218 384620 82137 859101 477372 460833 64734
814747 132034 290951 23769 414281 673995 421058 635069 271965 390233 519791 147095 925341 332526 681228 133086 563814 600484 363273 592148 181378 228443 603343 866023 641725 999999999 324906 117240 354766 838870 499113 651852 169396 144273 277189 130590 425427 481122 689392 441441 185236 212860 520791 675004 495092 686181 248616 42760 403007 460494 99585 309341 592252 590008 727222 45490 359547 152935 311887 230420 750448 59900 555777 372164 287772 324568 190788 730740 293318 719250 252272 393906 602135 166444 664738 546768 674191 583794 445990 730198 621516 214126 621171 106841 982886 102606 677067 349516 253303 398636 490524 852399 310850 720431 736438 570135 617288 265805 529424 592928
728307 286564 545152 317905 224476 375691 643392 675954 586360 670624 196148 388400 741704 306094 366073 368933 692877 306511 247413 271104 192637 349199 716096 766588 780923 324906 999999999 442144 271243 661758 240616 351346 318982 398517 471480 380866 157133 426498 565778 117187 331587 178202 433846 652454 389462 361905 121813 326550 78912 347866 270413 595994 657615 580691 610882 368243 46575 452122 603125 99708 501874 365613 231849 485623 47931 460893 470309 748021 420425 406096 527175 378390 772626 473087 631645 759079 391225 716819 205536 752303 666794 433838 756897 417400 816313 347582 505066 556418 81691 237935 418252 752665 163708 571346 703461 698964 320253 304438 449601 753824
873334 214706 245253 127165 516610 786640 378401 659458 168171 310503 636922 164487 1008745 410000 796984 163195 557119 712997 457143 708921 288705 280229 601080 926981 625519 117240 442144 999999999 442926 922249 608476 765025 233256 151835 275294 150056 537980 548263 763061 558650 242060 319680 593612 719255 574541 803346 361214 126134 520219 544274 197069 232758 610127 634868 797480 75787 476369 98788 229508 347188 852505 91745 672924 393292 404653 343609 146089 758644 323586 834583 194637 459140 573581 94397 712936 500049 784084 573917 554573 756401 645109 215913 607707 66451 1060627 149731 763490 325399 369719 497304 561733 913831 416454 799710 781209 563089 730142 337933 599724 569543
484831 415641 643852 366399 111854 405982 458318 405630 520414 538230 398004 488753 570574 56630 571689 291736 445010 339012 33121 471331 361735 191391 460535 530783 532185 354766 271243 442926 999999999 484111 507126 391343 462533 490839 304540 307516 426123 159206 341024 337364 212174 371564 180209 384975 145017 528873 176841 386296 314762 106800 255296 662953 391289 310176 382138 395540 253496 392692 495386 285671 419520 351744 423621 256646 290311 253974 381588 477024 222668 612391 416094 110423 539192 518011 365972 552842 383591 469072 476351 481147 397042 553179 507964 385762 629358 294944 322517 375034 224056 79690 156532 516769 107794 367084 439268 450590 357253 117263 193207 516647
232956 889840 1127457 850258 449787 422663 810961 491755 971359 938172 644344 970562 86570 512250 741785 763114 661076 433809 478417 675808 819781 648546 638120 217003 713853 838870 661758 922249 484111 999999999 823444 437145 934877 973564 720219 778168 769156 386361 178448 641852 681918 819996 334840 364013 347867 655115 629786 869885 648980 378917 739358 1146503 535225 395656 169634 879231 619326 858832 922581 726710 235364 832636 642139 609001 703007 642713 836190 460738 635978 769330 852426 471535 771052 1001239 343140 846566 368906 676423 821359 471838 498787 1033398 696870 861135 154643 772547 163260 754622 662217 452596 367396 210660 549962 127009 346197 662581 436366 584537 333309 743918
932604 402926 622541 483237 437922 440973 871482 912702 770952 879682 184072 496611 893407 545779 228242 581253 933201 398861 480080 192450 319795 583280 956712 963916 1021190 499113 240616 608476 507126 823444 999999999 417736 408599 510910 700609 590268 84287 656260 763924 187558 559994 288825 655269 879055 609190 285187 359832 482357 196276 569701 479373 693644 896830 812286 809144 533455 253963 647027 805559 287020 618939 553081 199425 725108 242665 698035 675250 980109 657280 254681 735925 616372 1010775 606170 856512 991022 481505 957096 54386 985127 904160 513380 997212 604429 975371 554512 683690 785888 313081 460005 644651 950482 401588 756732 925869 939316 402544 544066 671840 992698
604732 636731 895751 651010 280629 24955 849460 707600 882860 924705 234537 737279 494053 447835 304673 647978 806818 53608 360268 244780 543892 572763 809837 619346 888356 651852 351346 765025 391343 437145 417736 999999999 670323 746397 693627 663161 387644 454489 441848 268780 580331 528791 420174 622613 382096 219539 403849 663856 295355 364220 570963 942965 718573 587901 481084 697291 306299 746908 874076 448283 209527 677484 220117 642892 399078 645022 749064 738049 613846 333359 793720 476639 911403 812420 596070 939205 68888 829729 432207 746581 705261 785002 865043 724480 579255 638442 337396 766338 402771 311842 431381 607822 357437 410732 648383 811445 35443 500564 435310 886473
943952 47533 228406 145644 487481 694630 588044 792420 400495 541385 487699 88563 1019734 457273 621697 301635 731850 624761 460104 548186 126576 383570 770371 991943 810732 169396 318982 233256 462533 934877 408599 670323 999999999 103395 446278 299948 353869 609498 803286 418047 341283 143671 640983 819305 607524 648780 305823 128730 383061 568191 237610 289333 753070 735403 844671 174089 364324 309701 460559 224107 808532 226090 522530 535093 271357 489210 353262 885156 455081 654998 412545 528221 771448 202171 806080 713464 707991 752229 354624 885567 779421 115636 789947 261709 1085472 270330 771757 518641 281004 482283 613885 977998 385000 825584 879386 738201 638967 402231 652366 762321
958211 114460 155195 126803 536384 770035 527272 776319 310919 461171 578973 15295 1059673 473683 720447 268673 693401 698135 495240 643126 210289 372185 735217 1009036 766698 144273 398517 151835 490839 973564 510910 746397 103395 999999999 405829 261755 452900 623869 829399 505806 329087 234805 661880 819186 633893 742766 358096 105771 469085 597543 240045 197501 731624 734165 868252 120839 441240 244031 380383 299180 868018 182290 614482 511157 352852 462377 291154 872977 433933 754736 344780 537370 719385 99803 809011 650375 778063 711897 456727 872084 762535 71454 747567 199501 1120181 241506 810690 467608 345553 525416 632253 995343 431432 857911 880664 699585 713514 409006 671201 713445
626698 405891 520541 300824 413122 709438 171914 386490 256075 234399 652640 413580 803917 249853 829857 144810 287888 640526 333973 730084 423003 126238 329403 682445 364536 277189 471480 275294 304540 720219 700609 693627 446278 405829 999999999 146841 617272 334386 546163 577631 140732 450716 387170 459352 386329 805365 350985 319239 543605 371980 232497 500959 335480 378237 572229 285614 482067 179345 202986 415333 712923 225032 684777 125772 458487 80202 137586 486352 87093 870813 133616 255034 328156 369655 457488 290789 688113 307129 654182 483425 371955 476828 344083 211544 841897 176464 577041 85306 391255 382652 355169 670265 351064 593233 520461 294130 658880 193643 387109 316982
723281 260905 388280 154314 395697 682650 295498 516915 219801 291003 574598 268467 864403 267639 746939 15833 434297 609739 326989 651042 289902 131168 474803 776978 511294 130590 380866 150056 307516 778168 590268 663161 299948 261755 146841 999999999 510122 399763 615485 496006 96719 319809 446534 570423 430508 736922 272851 172422 458756 403195 111848 382727 470599 485751 648872 140917 403508 85766 222412 304463 725569 79485 609334 250497 356120 201213 89830 614908 176096 786904 146897 310763 471929 240965 563450 420933 672349 453868 540061 613379 502874 333175 490924 84600 913699 36059 621985 219989 299703 371673 414320 763855 305754 654113 632384 440579 627725 194896 451802 462390
864132 340677 576970 411275 363565 412185 788464 831670 697176 800529 158713 439425 842945 463054 267845 500515 849135 359318 400181 200483 250859 499222 873011 898004 937093 425427 157133 537980 426123 769156 84287 387644 353869 452900 617272 510122 999999999 577897 696973 127830 476567 221468 579895 802278 534210 301507 275583 412577 123793 493830 398625 642949 814469 733448 742359 462314 174946 570187 727710 205740 577351 477155 186859 640871 158865 613781 596386 901209 573035 301879 656474 534592 926496 544210 780367 907433 445720 873007 53538 905915 822819 464936 913138 529047 922818 474643 622722 702577 228832 383361 567489 884357 319581 694044 850767 855263 366465 459874 596236 908413
335150 562007 771461 497072 223615 461368 443121 265117 585186 558255 526590 624147 470939 152274 690338 385581 354429 409796 179150 593506 516952 268595 355362 385189 434139 481122 426498 548263 159206 386361 656260 454489 609498 623869 334386 399763 577897 999999999 216378 477169 306450 528817 53508 226312 73339 633175 335827 518131 460494 95133 383895 778756 266233 156199 249222 516137 403053 476637 537228 444586 403751 462841 546404 230653 448726 258448 451112 323924 249621 729534 466108 89123 462298 633855 206791 506636 422641 376723 629555 329217 259606 690568 411036 484206 514882 399967 245223 376096 383258 197278 25097 371478 265347 259617 280073 358699 425981 215379 53178 436358
169782 756551 980303 703383 341444 436741 632513 328672 799837 760579 600373 828193 258718 356978 732871 601049 488383 417204 344488 649784 697709 484414 469346 201289 547410 689392 565778 763061 341024 178448 763924 441848 803286 829399 546163 615485 696973 216378 999999999 576379 521009 703410 169568 209185 196127 656357 506829 723934 573180 235158 590304 992007 365767 221992 45395 726893 529653 693008 747452 612146 295030 675996 608206 431925 600189 467520 667056 320683 463784 766825 679290 304856 599520 846672 184100 670450 384191 505214 750509 330973 333387 893358 528772 699705 298508 613894 107948 577061 547019 332819 201333 187521 427100 57830 215100 490384 426926 426504 163740 572278
745066 391732 646443 433487 254816 293715 748879 738745 703431 784264 79023 494498 715168 383475 252785 483528 778254 234976 307173 155063 295758 452555 796755 776515 866168 441441 117187 558650 337364 641852 187558 268780 418047 505806 577631 496006 127830 477169 576379 999999999 440121 274430 471670 696397 425377 244838 227817 440955 38439 387206 386567 702782 728166 633236 621614 484250 95564 568855 718417 212709 450744 482799 114663 576964 155489 558219 585729 800577 518810 293528 641533 447745 865289 585585 673125 860658 322234 802375 179511 806206 731280 533624 841942 534565 795275 463416 497694 661509 196498 279926 463515 763047 240336 570086 741252 784088 243975 398473 488430 844788
635108 295985 469269 205467 306119 598553 312356 451869 309195 349645 516498 332331 768245 170920 692873 81339 400422 526723 233692 593939 293367 43235 435057 687783 484444 185236 331587 242060 212174 681918 559994 580331 341283 329087 140732 96719 476567 306450 521009 440121 999999999 318690 351605 490271 334108 673161 212395 226654 405137 306478 105876 472439 411798 405216 555591 213607 344772 180798 293875 275559 631396 157108 549596 195399 317761 152992 171124 546336 115367 733649 213553 217371 459472 327900 480773 431076 584538 422537 513998 546133 438641 399348 461955 179301 818737 93718 525298 226036 250864 279998 319677 674419 225274 558357 551884 406826 544960 98181 357686 444862
855360 120661 372027 195340 370501 553312 613629 745411 483376 600882 345145 222376 902902 382218 487246 314235 718113 484682 360649 408321 31486 353929 750650 899422 802931 212860 178202 319680 371564 819996 288825 528791 143671 234805 450716 319809 221468 528817 703410 274430 318690 999999999 551114 750611 512183 508068 196934 193548 239426 470702 218221 429908 714507 670334 746931 244896 224483 364429 523834 93301 676431 269812 380360 509563 130279 470894 397699 830673 431569 522661 459504 458118 776911 323106 733830 738048 569336 740606 234897 832809 733835 259301 780246 319536 973200 283987 658624 533116 158033 372051 528050 885368 276313 718547 807647 724504 498232 345220 564634 763166
304625 593759 811732 535430 217395 424841 495936 288481 636584 611756 514274 661251 420072 188325 671505 431934 397363 378732 191838 577254 541913 315720 393926 351054 473710 520791 433846 593612 180209 334840 655269 420174 640983 661880 387170 446534 579895 53508 169568 471670 351605 551114 999999999 224886 46314 609142 354910 556188 459057 86200 422130 822462 299014 170654 206457 557677 405460 525298 590120 463302 353951 506434 531057 284023 460958 311778 501458 332803 301794 709719 518305 136956 507036 677153 201470 556311 382856 418803 632593 339589 285403 727012 451273 530546 467208 444349 191722 429578 399746 196826 32578 337080 278998 208716 270877 401210 393893 256994 16901 480622
180494 771932 957582 694101 441755 622295 492475 129111 711586 635228 738533 821852 426276 368552 891934 559101 307626 588077 405342 799738 736443 447416 278250 236267 351191 675004 652454 719255 384975 364013 879055 622613 819305 819186 459352 570423 802278 226312 209185 696397 490271 750611 224886 999999999 271194 824871 560700 715442 682788 309475 584549 951582 179163 85065 196823 703243 627356 632199 642456 669070 501272 644380 754153 333580 674980 381077 595363 115858 395816 929186 588723 293380 413335 811380 26705 500131 573421 319528 854442 125070 138068 888955 335590 652813 431500 581185 311053 460156 608827 419170 234800 226596 491643 264848 61964 307943 601178 417076 208052 386724
343578 560657 785650 508308 171269 388422 508365 330579 629253 616268 468252 632402 434281 164655 626709 415366 427768 338526 151545 531845 504491 301767 428142 387373 507178 495092 389462 574541 145017 347867 609190 382096 607524 633893 386329 430508 534210 73339 196127 425377 334108 512183 46314 271194 999999999 565896 315326 528666 413033 42028 395644 800416 336866 214702 237180 533855 360047 512061 588694 422925 335265 485409 485458 294058 417975 315232 491954 378518 299409 665195 514112 131305 535484 654977 247749 577452 349305 450039 587033 385103 326559 697364 484174 513277 488003 424811 193058 436809 358665 151746 49346 373324 237614 225777 316741 432030 354321 236693 63149 509615
821961 628360 875394 677739 421672 232454 973470 896434 947438 1021662 166475 730444 707344 583162 91299 723739 970951 239487 495780 101225 533076 679137 981433 838361 1056664 686181 361905 803346 528873 655115 285187 219539 648780 742766 805365 736922 301507 633175 656357 244838 673161 508068 609142 824871 565896 999999999 464669 684416 283270 538170 629337 937556 898834 779796 697220 728705 333567 812165 958846 456641 422710 727359 130439 784239 399130 774280 826738 938450 737361 114217 880651 632223 1067919 827001 798876 1077820 286482 994780 323631 946151 892050 762583 1032628 778962 793097 705465 554497 886545 439488 453833 613048 826655 454970 628712 856480 976239 229531 616186 625538 1045016
658708 262154 512880 249787 181715 425662 522760 569545 487908 557621 304831 351968 714247 197586 480602 259300 573902 352068 163783 382127 191434 227616 599016 702495 661758 248616 121813 361214 176841 629786 359832 403849 305823 358096 350985 272851 275583 335827 506829 227817 212395 196934 354910 560700 315326 464669 999999999 264751 192805 273779 169682 548918 546352 483417 550142 294105 132766 351308 494258 108832 509924 274761 338611 365288 121864 339240 362508 648073 298700 521321 416005 273366 651393 412120 542374 637486 425940 597705 319954 651317 559338 409969 637865 323543 781435 242866 466995 435571 49956 177704 333068 688440 80394 523873 615858 580066 369055 184394 368848 632977
852607 95869 257596 21346 437861 686661 459547 677358 291462 420247 518073 106613 956171 367948 673787 175607 606250 613587 392189 588081 162630 269887 645965 903311 683715 42760 326550 126134 386296 869885 482357 663856 128730 105771 319239 172422 412577 518131 723934 440955 226654 193548 556188 715442 528666 684416 264751 999999999 402777 492803 134275 284726 634854 630536 762594 52343 364781 184379 340422 228253 772525 97373 554116 414852 285549 367321 225960 772722 335872 710796 286360 431837 643011 148573 704655 585084 690084 626098 428440 772296 663860 173657 663314 136443 1015570 145337 707359 390069 261472 424653 526495 889609 333180 753169 776705 612561 629864 303431 565443 634291
740452 355316 611277 395139 241804 320274 715214 719128 665268 747671 117253 458032 724719 357874 288728 446485 751340 257078 286112 192454 259480 419259 771416 774222 839401 403007 78912 520219 314762 648980 196276 295355 383061 469085 543605 458756 123793 460494 573180 38439 405137 239426 459057 682788 413033 283270 192805 402777 999999999 373428 348870 666313 706008 616651 618566 445859 63670 530906 681148 174530 467510 444491 153031 547774 117534 527064 548386 784418 487239 329157 604630 425020 836053 547799 660245 828404 344351 775433 177329 789620 711097 498697 815216 496306 803209 425875 500000 627918 159056 263826 448472 760569 213245 570757 729764 757265 267969 367903 475601 816100
385447 521553 750257 472750 132395 372981 504810 359947 607806 604905 433206 595541 465483 135567 595402 387739 442633 317573 110123 498986 463515 277436 447176 428721 524896 460494 347866 544274 106800 378917 569701 364220 568191 597543 371980 403195 493830 95133 235158 387206 306478 470702 86200 309475 42028 538170 273779 492803 373428 999999999 360910 767597 360809 247836 277298 500389 319292 486439 572320 381113 341571 454068 452068 290939 375985 305726 469411 414044 285022 634499 495811 121697 547566 622321 286826 581830 338291 465631 546458 420101 354680 659960 501379 484567 522769 394866 219272 429081 316744 110630 77174 414667 195697 260384 356963 447307 334295 208299 102410 522421
718553 191384 390069 113344 320061 591952 397317 554925 318986 402846 465472 240331 825848 233818 636252 101916 505262 518341 264840 541323 190842 146756 540661 769084 588267 99585 270413 197069 255296 739358 479373 570963 237610 240045 232497 111848 398625 383895 590304 386567 105876 218221 422130 584549 395644 629337 169682 134275 348870 360910 999999999 407976 516610 500018 628579 140763 295949 182925 333059 192886 656370 106864 500628 301271 244310 258254 200290 647603 221231 676000 258720 298008 559212 263618 572725 520804 587577 527031 429894 647963 542017 306991 566137 153994 883339 77339 577727 315303 190134 302170 392275 755369 219406 620878 645359 511667 535801 169644 431220 546159
1105875 311054 83113 301692 722138 966407 569561 887419 299540 457742 775007 208294 1233061 636036 910641 395472 770632 894093 672543 837225 407025 512035 816549 1159310 830059 309341 595994 232758 662953 1146503 693644 942965 289333 197501 500959 382727 642949 778756 992007 702782 472439 429908 822462 951582 800416 937556 548918 284726 666313 767597 407976 999999999 836063 867376 1027668 267414 638468 321933 388638 496566 1057233 316077 810267 623029 550328 573620 364273 987190 555766 943317 393924 689756 768438 145449 945594 678145 972736 784764 640525 984374 872901 180446 814952 299018 1288204 378801 985468 536504 540862 707674 791046 1146091 617699 1026192 1013508 776214 909760 565513 829461 769458
357809 707681 855058 614249 482604 723796 325504 58159 569930 472385 784876 737268 602614 351541 953252 462959 128478 675355 420995 854872 694009 369873 103579 412429 182348 592252 657615 610127 391289 535225 896830 718573 753070 731624 335480 470599 814469 266233 365767 728166 411798 714507 299014 179163 336866 898834 546352 634854 706008 360809 516610 836063 999999999 145424 365594 611061 644248 514815 492026 647064 637522 549660 807316 220481 667995 269400 471839 155408 299008 993001 451068 280997 236054 704509 194581 321246 681562 141510 862860 150610 44451 803059 163034 545144 610654 490741 451958 311061 596270 452707 287928 403784 495246 423596 225592 128959 691184 370033 284779 209052
250447 688112 872629 609199 379097 590808 426881 120267 632483 565197 681041 736900 467997 288284 841397 474276 266431 548322 333546 746144 655113 362352 248582 306750 327768 590008 580691 634868 310176 395656 812286 587901 735403 734165 378237 485751 733448 156199 221992 633236 405216 670334 170654 85065 214702 779796 483417 630536 616651 247836 500018 867376 145424 999999999 227064 618188 558792 548861 566576 590981 493479 559396 699491 252801 600247 299004 513065 167827 311763 879889 509349 212216 377535 726714 79263 451220 545709 283306 784761 173021 119968 804001 308114 568454 486353 496162 306730 385898 532331 353430 170667 295365 417885 279666 146851 268392 562998 333348 154336 350291
125822 797745 1018148 741865 386469 474712 648412 322953 827428 780632 644795 867462 241438 394781 774989 634771 491612 458658 387173 693145 740637 517721 468559 155935 544678 727222 610882 797480 382138 169634 809144 481084 844671 868252 572229 648872 742359 249222 45395 621614 555591 746931 206457 196823 237180 697220 550142 762594 618566 277298 628579 1027668 365594 227064 999999999 763787 574963 724571 771661 656032 322893 711617 652031 454276 644939 492654 696727 301409 492041 808405 705799 338343 601431 882570 174507 678279 421380 506802 795895 312179 329530 933014 527413 733370 269707 648982 143938 597660 590996 377166 236958 142142 470720 76046 190114 493044 467694 462787 198286 574308
847904 146630 255906 51423 458600 719464 415778 656363 239207 369378 562233 127973 965774 370041 721310 148173 573457 645962 405592 633718 213703 255981 614834 899987 648114 45490 368243 75787 395540 879231 533455 697291 174089 120839 285614 140917 462314 516137 726893 484250 213607 244896 557677 703243 533855 728705 294105 52343 445859 500389 140763 267414 611061 618188 763787 999999999 403894 135613 289146 272169 794940 61469 598266 390661 329689 341713 179704 753561 314133 758837 238469 427908 603579 122873 694256 540715 719629 592336 479714 752425 642480 192262 628522 87637 1021854 122412 718055 350687 298081 442177 526829 886491 355628 759566 765001 579677 662750 301060 565575 596342
