NAME : synthetic_000029
TYPE : CTSP-D
DIMENSION : 100
GROUPS : 8
RELAXATION_LEVEL : 1
EDGE_WEIGHT_TYPE : EXPLICIT
EDGE_WEIGHT_FORMAT : FULL_MATRIX
EDGE_WEIGHT_SECTION
999999999 213338 570766 457338 580640 345868 120647 619961 395238 598896 504372 538270 524208 666424 729848 555684 522942 263233 414304 543244 777354 630717 467523 856216 217704 97803 416591 671382 512346 369593 238367 614724 717487 360455 746675 477914 601865 378821 243881 477035 754405 435814 459112 552110 178380 49320 319914 313258 529328 494554 631603 361676 397195 496589 345894 326699 287444 360441 551221 568333 405066 327476 345683 853350 252980 259347 498388 254280 544679 818760 562419 391282 722074 62619 266556 273567 266219 605389 437557 148129 437799 564060 244141 388557 676494 371116 334751 215343 436003 211080 81783 396200 105649 178955 269513 245205 438970 146517 340566 661052
213338 999999999 734501 667106 786189 559048 210528 832976 598263 812231 616357 746710 568527 860469 897404 768833 636797 469367 587457 727151 988363 834158 486545 1061359 430823 253079 399749 822905 722375 378376 278066 827986 916564 568112 944984 688545 806939 362037 258191 544050 944923 628941 588216 547583 367705 231569 427401 365278 727453 649708 844883 331261 605928 680646 559096 355416 490594 536097 693440 608435 598361 527157 556197 1060442 210460 246420 688769 453428 698280 1014528 559391 604177 914570 256665 425729 188094 273533 807258 647949 65222 648590 727965 224346 501880 867535 385998 228877 211797 473780 160574 231630 404955 125328 160571 426251 430204 593086 352356 549731 822611
570766 734501 999999999 316466 614061 398822 524029 504950 562479 464000 904920 305358 403090 217187 922430 468663 203569 354362 704979 106198 468027 277319 461112 447386 461883 630566 533486 933793 530327 911036 487934 484735 750952 518662 303510 509349 629832 533318 802028 345980 260047 634629 841268 527943 393719 527740 786859 430047 200899 803043 490999 557036 514128 705489 431200 863365 542887 211696 96738 420147 210454 567477 487023 466003 822615 547987 676865 337961 839352 344057 527193 444090 245699 583143 676979 634666 823393 250950 326435 682204 496109 6706 561430 268455 203743 908785 905066 782154 420940 605869 512179 934002 670091 749700 682960 327691 772563 438945 501970 894266
457338 667106 316466 999999999 300506 130904 483259 222289 262126 184925 624861 82451 610263 256246 606015 168065 452456 199147 413217 216853 321679 187180 625947 402721 255907 468164 653937 621536 214431 706568 521351 206487 444310 227736 313178 193005 317815 634596 628012 541716 346582 329872 560763 714912 310877 436077 548565 515580 132702 505227 219488 643110 211180 395842 153750 659300 281779 234988 382197 643687 145169 289834 202694 397205 670891 582439 364807 223428 535930 389077 719026 143334 310694 434306 434800 651129 645593 170422 21516 602901 183345 312417 584438 413069 276888 700989 765989 625372 578809 598673 443143 724048 561123 613092 440572 266578 484389 314866 219097 580083
580640 786189 614061 300506 999999999 285743 658749 156241 188414 183231 464084 317227 891000 496200 319122 153313 749036 407684 272987 510305 377050 400894 891015 514848 373835 537567 897746 363058 89737 667084 736325 173380 151668 220483 506488 121955 21745 870843 643268 822671 568977 181183 410335 983621 511029 584855 487466 758026 417183 317475 181901 870704 185600 187683 264167 628404 295600 516506 682694 928034 438488 260869 240023 490449 704953 788522 153056 445785 322695 572484 989446 220221 536499 529806 402049 836399 652657 406718 295761 722606 156724 610513 783272 690822 522110 657621 799625 662024 844629 775506 607961 673970 662068 674884 405257 499493 331605 481822 241760 313948
345868 559048 398822 130904 285743 999999999 394703 279021 167220 254267 510229 211613 609883 383462 548994 214201 486482 122581 306220 315238 435797 318077 605672 529709 131843 343362 613058 543196 198773 575678 457300 271373 437278 120516 444021 164202 306983 587362 498840 542254 474728 240374 446063 698539 231965 333548 419604 472995 250077 404333 287943 589250 124346 314596 32614 528395 154508 244684 441661 648593 190550 170762 88264 521563 544108 513249 290956 160209 441845 519892 704628 65680 439006 313992 305552 570710 515934 300676 109464 493907 130203 393410 510799 410497 402253 570148 640057 498407 559499 513098 348134 593294 445663 489805 311410 213819 374538 215650 103185 508331
120647 210528 524029 483259 658749 394703 999999999 673544 481688 646745 624781 558337 411630 655659 837392 608782 438475 285226 523462 518946 803581 637123 349302 864726 284916 218211 296015 784980 581852 476124 118194 664963 802894 440188 742409 546355 680436 258449 345674 370393 738021 532067 578464 432157 172549 84028 440439 197903 526485 608776 681195 242677 473216 598338 404113 436515 378009 327231 485964 455291 395797 420607 418742 866589 337018 142253 595570 260627 658783 809951 442627 451265 708677 180720 383621 177786 367633 608791 466262 160670 506771 517482 130310 301634 661190 479162 400551 308695 320538 118439 52189 503485 169575 260487 387026 227518 554161 179723 417640 771543
619961 832976 504950 222289 156241 279021 673544 999999999 275326 40992 608042 199994 831962 355059 467757 64831 667094 393483 402905 398754 224337 259104 847896 359612 402257 600288 872259 518924 135398 778175 729373 20920 254345 280847 354184 158157 159825 850816 732836 763519 420204 303963 550187 937162 507440 611615 601052 732678 304272 464260 25718 856788 242613 333777 274201 735442 362696 457273 585652 864551 366529 342274 282159 336491 788380 787828 297379 426427 475101 417728 941312 228820 389540 580244 500480 848798 745766 271463 229010 767787 193387 502621 786938 635339 381406 769890 885180 743285 800752 791853 627134 788959 714728 745696 504922 476160 469196 494669 292488 469314
395238 598263 562479 262126 188414 167220 481688 275326 999999999 274464 365775 323553 763039 513481 387724 224660 651820 267190 152034 472351 487619 431002 748179 608586 201010 349168 740612 376032 141526 502884 569922 280301 322679 49972 555335 118272 208831 710317 462475 696943 600800 73154 302378 841669 351074 403802 326539 604121 394571 243461 296257 706063 51026 147903 134902 460173 108050 409445 608788 803566 356941 72855 82767 592052 521577 617253 127869 305272 277032 629820 848857 120118 565114 342360 225684 657843 473884 422841 245256 535050 92607 557363 609684 566825 535950 494685 617468 477644 703669 595932 429843 514070 473851 487679 229938 357201 223672 311827 73540 342205
598896 812231 464000 184925 183231 254267 646745 40992 274464 999999999 620544 159002 793181 318016 500051 49917 626721 363964 411167 357802 213909 221931 810847 342315 381760 585114 837536 545683 142027 775866 698142 21885 293087 272608 323260 156410 190389 816976 723938 724840 386668 312238 560940 899556 478414 587806 600852 698409 263289 479388 35181 823898 235952 350194 253631 732004 352878 419628 544725 825311 327970 336977 269153 322085 777354 757454 313741 395402 494010 389819 903511 210680 354958 562207 496536 820627 737843 232517 193464 747014 186155 461650 757366 597360 344292 768036 874272 731920 763712 764706 601574 787968 696074 731452 501293 443821 479657 469125 281152 497016
504372 616357 904920 624861 464084 510229 624781 608042 365775 620544 999999999 689319 1008705 878823 346272 573892 950376 561725 214201 825463 831992 796610 964727 962678 455322 408197 920772 242231 478626 299701 741321 619701 500615 397310 920221 470755 472241 883171 367725 951686 966553 309998 64249 1052903 586379 544340 190947 808700 755533 147192 632845 865598 416300 276532 479353 288618 362133 719238 933087 1052678 694476 339470 424857 942447 432353 762704 312096 590337 159319 994072 1062694 481583 930841 444569 251553 761278 360244 788533 606365 575199 456033 899102 746054 836450 900845 287923 496804 410908 928361 702767 579935 289688 510176 456818 246633 627810 142732 530196 408739 267871
538270 746710 305358 82451 317227 211613 558337 199994 323553 159002 689319 999999999 644901 191162 634365 165963 470879 277431 475464 199218 245548 109164 670912 320289 338324 550616 708513 662704 242500 786220 587592 180145 446950 296367 235644 231925 330620 692315 709959 577373 277250 385237 625795 756499 385903 515244 624951 573140 104464 562153 187938 703631 273112 444183 231334 739223 358205 281895 386020 674688 187714 361464 275419 315303 753293 649877 410369 297749 588195 311434 759510 211730 241600 516547 511861 722135 727335 99526 103672 682889 235366 302852 653524 454468 214959 780338 848437 707754 624143 671854 520402 803054 642540 695479 517518 335794 547138 394408 291577 617957
524208 568527 403090 610263 891000 609883 411630 831962 763039 793181 1008705 644901 999999999 617700 1150480 777682 200446 496027 861420 480814 856266 660169 93620 850032 577736 619843 196222 1124935 801431 887747 300335 815036 1042058 713165 706205 769571 911285 222320 757095 68652 661334 831807 954243 126078 428150 476717 836845 214046 554713 958956 826497 256312 730397 907062 637310 847862 688160 376957 308758 44250 465441 728522 681287 867360 743105 322177 890864 457773 1006104 745545 124307 674831 648756 574396 757380 394630 778927 629960 606633 547633 739333 400103 344197 200180 606363 890765 792227 718758 94851 407954 442465 915115 577471 668138 762160 406312 910955 481985 689527 1099170
666424 860469 217187 256246 496200 383462 655659 355059 513481 318016 878823 191162 617700 999999999 815308 343181 419948 407468 665514 146868 257280 96088 668670 233548 494831 699276 730864 850625 429660 955526 651673 334294 609147 483019 91966 422195 506369 724623 866977 557441 91602 576334 814999 741094 493672 633302 803065 611677 139355 753252 334188 743895 462664 634886 409211 907722 537084 332152 313925 636729 262487 546019 458906 249661 902468 714832 600669 412149 779213 154293 741099 398040 56589 658600 689014 797002 886097 92061 276425 800539 426439 219122 724014 460859 26358 950709 994105 858072 625680 756894 628866 974448 771906 837494 694872 430282 737130 520427 475305 804593
729848 897404 922430 606015 319122 548994 837392 467757 387724 500051 346272 634365 1150480 815308 999999999 472352 1035156 654889 315577 821745 670661 719881 1132243 811744 578694 651522 1116375 110439 393828 639397 939479 487163 241917 437692 821925 413086 309703 1083472 679260 1084610 886716 319033 334764 1225560 731957 753898 489148 983965 731042 250152 492162 1074918 424728 244716 518416 619330 469465 793677 982206 1191213 730406 426831 470142 783294 747083 978958 259888 692844 205499 884486 1233230 489124 854836 668045 472646 1003415 678141 725720 596503 843352 429577 918274 967648 954528 841231 627737 825278 715312 1088659 940887 785709 632845 775924 749979 471648 744261 305672 686037 461099 79748
555684 768833 468663 168065 153313 214201 608782 64831 224660 49917 573892 165963 777682 343181 472352 999999999 619375 329508 363148 363220 263220 248354 789932 388955 338016 538299 811220 510208 95813 725962 665855 60013 282307 223142 359121 106829 165180 788967 674922 709066 418213 264554 513602 880108 443177 546857 550971 671303 268726 434412 77056 794197 186192 306625 209797 682150 303881 401230 543720 811566 313175 287172 221042 369967 728957 723900 270420 363093 451486 428655 884639 165023 384953 516932 446682 784210 688607 253406 171301 703624 136370 465656 722721 579458 368988 718122 825862 683621 742823 727116 562305 738053 651232 684269 451421 413545 432339 429845 232480 462878
522942 636797 203569 452456 749036 486482 438475 667094 651820 626721 950376 470879 200446 419948 1035156 619375 999999999 394233 774013 289490 665071 470047 267601 650954 496117 605466 353155 1026694 659978 890142 362388 648488 896108 602688 507079 631950 767700 362129 766787 149308 460899 724444 890200 326199 372277 474047 800582 283197 372590 874345 657929 391200 610811 799712 517773 845163 599357 242378 108328 216782 310549 634185 569427 669321 770581 411796 777368 361627 917354 545107 324753 546414 448837 556185 703139 498266 789112 440932 454014 597109 608133 201040 430086 136867 407299 890535 838946 736811 233652 486427 447218 915945 605032 693926 708704 322872 833541 428322 581123 994014
263233 469367 354362 199147 407684 122581 285226 393483 267190 363964 561725 277431 496027 407468 654889 329508 394233 999999999 379844 298420 520740 367485 485746 593282 108421 292765 490502 635917 321321 561879 336707 383113 558919 217247 484645 286581 429067 464856 462754 429757 497426 337143 499824 579002 114507 237836 432614 350503 268628 480142 398863 467282 235409 412765 144543 513853 205195 157519 371738 536386 154453 240424 185264 591308 495264 394395 395058 38724 523619 557764 585535 187545 463813 251137 324001 456883 482788 342396 181342 405810 251231 348006 393565 299876 419939 558702 586652 451200 440121 402061 244011 583576 368640 430190 329932 92359 439819 117438 193805 606470
414304 587457 704979 413217 272987 306220 523462 402905 152034 411167 214201 475464 861420 665514 315577 363148 774013 379844 999999999 619516 624549 582467 832752 751904 284263 337625 808120 265485 269468 397754 629068 412477 355917 187857 706040 258109 286431 773823 394157 798763 752707 99095 151601 925087 434003 439604 219528 680237 545099 100373 426732 763285 202905 101522 274027 362330 175408 534286 742941 904012 495676 140361 218245 733042 460499 665528 125190 413954 144913 779997 933558 270062 717058 352472 162556 687868 399105 574823 395548 530850 241846 699513 653441 673914 687930 387737 549611 422309 791364 625369 472246 402684 463887 448541 162898 459737 71676 382928 203036 248125
543244 727151 106198 216853 510305 315238 518946 398754 472351 357802 825463 199218 480814 146868 821745 363220 289490 298420 619516 999999999 376118 180587 525643 378520 399678 588870 584673 838101 428307 859954 506923 378556 645364 431687 238808 409394 525506 577853 760079 417680 220106 542939 761301 601659 365777 505635 722395 464869 94809 715352 384963 597030 422480 611360 346438 811894 466527 191816 192642 503903 143969 486000 401737 391549 788574 569808 581138 292848 748983 296927 602510 352373 193538 544409 609639 653082 780478 151535 229563 669600 399573 103984 579781 314888 145577 856504 876526 745722 481662 615375 496929 881207 647239 719453 615643 299637 689018 401008 417489 796929
777354 988363 468027 321679 377050 435797 803581 224337 487619 213909 831992 245548 856266 257280 670661 263220 665071 520740 624549 376118 999999999 196107 895292 141084 567610 778646 943027 734507 355081 986574 831433 212406 434716 481321 200082 370049 376239 929861 927389 791870 275085 525480 773432 975302 631048 757654 813295 811434 306575 688590 199223 943431 446537 558108 445234 941854 558592 517735 563530 880020 425898 547277 472738 113792 977084 894117 521716 542960 698755 234837 976775 409296 258546 749581 706802 967463 942605 226534 340441 923901 397310 468733 898386 679420 278700 979112 1073679 931354 849701 917401 764621 999625 879789 925341 711788 581168 692237 636400 486485 683660
630717 834158 277319 187180 400894 318077 637123 259104 431002 221931 796610 109164 660169 96088 719881 248354 470047 367485 582467 180587 196107 999999999 700173 227673 440581 651275 751255 757532 337254 893693 650537 238301 513336 405338 126591 332630 410626 740110 813957 595818 172087 490155 733372 779363 467480 603129 733853 622894 115454 666697 238629 755629 381025 545260 339588 846464 466979 330638 370783 684248 244116 470606 384566 230651 854790 713863 510354 380745 690296 202482 780744 320844 137540 614531 620560 791532 831908 31078 208659 771712 341010 277208 720271 485117 122389 888038 948919 809533 654931 745775 604000 910984 736096 794229 626251 409822 654105 484581 400737 710848
467523 486545 461112 625947 891015 605672 349302 847896 748179 810847 964727 670912 93620 668670 1132243 789932 267601 485746 832752 525643 895292 700173 999999999 902218 553808 565074 102651 1098121 802603 821697 232122 832434 1042679 699099 759435 769086 912004 130844 690316 118342 721127 813566 913433 93492 400619 422767 786064 156028 589259 927460 845220 164844 720699 887546 630139 784110 663955 391537 372384 125315 484906 705950 668787 916892 670579 241279 874806 447056 975965 805017 101033 671353 705012 522644 715646 306846 711637 669281 619177 471729 735808 457140 263417 216809 660305 825594 713275 649738 47144 326925 387325 849293 508179 597418 719982 393427 876789 449831 675018 1076106
856216 1061359 447386 402721 514848 529709 864726 359612 608586 342315 962678 320289 850032 233548 811744 388955 650954 593282 751904 378520 141084 227673 902218 999999999 658412 870838 963153 874553 484060 1098129 874437 345113 575319 595209 143880 494107 515363 955544 1028431 790655 201227 653493 902556 974051 695090 830057 929641 840761 339875 821572 333949 973501 563563 691892 545466 1052064 667374 553053 543448 867404 470499 662061 581503 33867 1073218 937848 655402 608107 834493 128752 973801 516357 203667 836667 819559 1017132 1045195 256105 423808 998572 516230 450067 945228 693403 243708 1091446 1168593 1027607 859139 972620 831567 1113116 961190 1015750 824885 637323 821294 710689 596552 823899
217704 430823 461883 255907 373835 131843 284916 402257 201010 381760 455322 338324 577736 494831 578694 338016 496117 108421 284263 399678 567610 440581 553808 658412 999999999 212538 540558 547229 298639 462284 368920 397201 518807 156294 564110 263453 395520 509643 373643 514575 586261 260979 394326 647008 153275 212987 325109 405713 355997 383163 414122 505053 188310 333999 128290 414263 110598 264854 479598 620058 257026 152148 133860 651672 414987 417158 323495 135032 429172 639267 654837 173643 551371 182210 215611 462578 392067 419643 234665 365610 223433 455603 410562 390040 510340 458186 510181 369489 510815 401898 234255 482558 314728 358431 221552 176225 338768 110827 133134 522793
97803 253079 630566 468164 537567 343362 218211 600288 349168 585114 408197 550616 619843 699276 651522 538299 605466 292765 337625 588870 778646 651275 565074 870838 212538 999999999 513793 585701 480221 285629 336135 598308 664194 324326 773054 448158 557815 475750 171775 570457 789769 376016 365430 649914 240442 143215 222231 410330 559977 409192 615353 457456 363088 428232 334188 239856 243469 419108 622700 664056 445698 276848 318220 864196 203674 354509 435696 296536 459065 847447 660217 374546 755786 49371 179884 358620 192885 628959 447031 193722 409237 623905 337990 474389 712489 285394 297873 158845 532827 297821 178103 310862 127846 146819 181737 303886 352673 191621 308925 579508
416591 399749 533486 653937 897746 613058 296015 872259 740612 837536 920772 708513 196222 730864 1116375 811220 353155 490502 808120 584673 943027 751255 102651 963153 540558 513793 999999999 1072842 811821 752410 180537 858543 1048438 693364 822704 777044 919243 39238 621430 209031 791114 801118 873692 147958 389930 377324 735897 140286 637034 898407 872552 68665 719411 872642 633640 718019 647435 426932 451683 226322 520873 690428 665454 975053 594501 164761 863963 453090 947971 873922 159711 677932 771797 476386 677448 213863 641852 720181 644073 393953 741035 528759 185406 270024 725443 757361 628499 578466 120501 245202 342046 780064 438930 524625 681179 400053 845220 430918 669295 1055256
671382 822905 933793 621536 363058 543196 784980 518924 376032 545683 242231 662704 1124935 850625 110439 510208 1026694 635917 265485 838101 734507 757532 1098121 874553 547229 585701 1072842 999999999 421002 540252 893214 536432 326072 424343 868387 431882 359799 1038080 591900 1061262 928347 302915 241514 1190541 698690 700960 402310 945714 752091 176881 544434 1026447 421187 229005 510934 524221 436782 784472 984410 1167097 731988 397019 457609 848265 659164 927222 257069 672111 126785 935407 1198971 490426 894777 608778 406189 943261 588462 759011 608715 772767 438547 929043 914019 934308 875758 528494 732179 630858 1056468 881467 734596 531588 705299 669815 404028 720517 233069 648297 445578 51579
512346 722375 530327 214431 89737 198773 581852 135398 141526 142027 478626 242500 801431 429660 393828 95813 659978 321321 269468 428307 355081 337254 802603 484060 298639 480221 811821 421002 999999999 643547 653734 143234 240727 155897 452705 35576 109871 785861 603015 733062 508921 170409 418917 894984 427896 511592 465903 671767 337220 338600 158047 786981 117174 211170 180236 601360 237462 426771 595797 838347 349515 211450 166668 464110 660817 707714 175174 358924 356316 523400 900659 134245 474770 466118 367203 759575 614931 338011 207883 657772 75221 526466 703634 601252 454756 635101 757173 616329 756071 699712 532179 653901 600405 622911 371421 412411 337635 402880 172702 375577
369593 378376 911036 706568 667084 575678 476124 778175 502884 775866 299701 786220 887747 955526 639397 725962 890142 561879 397754 859954 986574 893693 821697 1098129 462284 285629 752410 540252 643547 999999999 590097 782931 750007 505319 1019688 620824 682274 713177 131419 844683 1047122 486117 305622 897833 525509 418901 179622 673859 817526 401646 799043 687478 540304 496758 555048 48070 430757 701004 907775 931344 716091 439353 516679 1085590 168240 587813 522943 573367 437186 1095536 909059 581777 1011849 334964 279773 556265 110561 876014 685142 361555 589905 904447 567010 757364 971978 11778 203581 174181 796037 509456 449931 27663 314106 228553 274803 587376 357495 474313 501848 559687
238367 278066 487934 521351 736325 457300 118194 729373 569922 698142 741321 587592 300335 651673 939479 665855 362388 336707 629068 506923 831433 650537 232122 874437 368920 336135 180537 893214 653734 590097 999999999 718021 884896 524493 742336 618303 758040 144871 458844 267664 726028 627013 693436 313964 225848 197146 558275 88382 535532 718300 733280 136247 553542 696926 473521 552050 472389 321441 430830 343024 407211 515520 498807 880835 442772 63411 690338 302964 767977 803809 324438 519728 700461 296758 496949 147107 480371 620323 507737 248794 580365 481875 73603 231916 652490 593774 494591 419233 206744 124080 161701 617645 277652 367998 500716 255015 664857 258095 500772 876761
614724 827986 484735 206487 173380 271373 664963 20920 280301 21885 619701 180145 815036 334294 487163 60013 648488 383113 412477 378556 212406 238301 832434 345113 397201 598308 858543 536432 143234 782931 718021 999999999 275231 282135 334832 162122 178356 837722 734236 746685 400171 313382 561028 921253 497436 604794 606766 719273 284220 476986 17048 844347 244588 346924 268912 739620 363337 441308 566070 847194 349787 345191 280975 323150 788688 777040 310441 415124 489458 399354 925241 224735 369248 576687 504271 839410 747674 250543 214546 762765 194849 482477 776662 619110 360635 774868 885578 743400 785295 783086 619284 794369 710884 744278 508875 464022 479845 486773 292204 487149
717487 916564 750952 444310 151668 437278 802894 254345 322679 293087 500615 446950 1042058 609147 241917 282307 896108 558919 355917 645364 434716 513336 1042679 575319 518807 664194 1048438 326072 240727 750007 884896 275231 999999999 362764 601019 273618 130878 1020960 748352 973636 670517 288974 460606 1135286 660443 726239 574436 908965 550695 359010 275095 1019943 331473 254589 414880 717121 430063 666666 824978 1078706 586012 390569 386301 545620 813544 935588 234347 597158 342158 657725 1141097 371669 641407 662891 509256 979816 754408 525526 442134 854610 307694 747963 929366 841892 635506 739433 904585 773285 996296 918167 751400 751946 791330 793263 511174 650907 393913 628512 385673 275115
360455 568112 518662 227736 220483 120516 440188 280847 49972 272608 397310 296367 713165 483019 437692 223142 602688 217247 187857 431687 481321 405338 699099 595209 156294 324326 693364 424343 155897 505319 524493 282135 362764 999999999 531319 124544 241900 663687 452171 647004 572157 121761 333144 792588 303464 364706 334433 556149 358319 284474 298886 660376 38887 197201 87902 460554 82168 360329 561825 753632 311061 66864 33275 581139 507649 573447 177823 255392 321336 606710 799670 85022 536277 311471 225568 617365 465549 394178 209054 503909 87482 513358 566760 516852 504361 498003 604395 462686 654396 556008 388841 518920 445260 467386 230645 307508 257962 266733 24143 391574
746675 944984 303510 313178 506488 444021 742409 354184 555335 323260 920221 235644 706205 91966 821925 359121 507079 484645 706040 238808 200082 126591 759435 143880 564110 773054 822704 868387 452705 1019688 742336 334832 601019 531319 999999999 452330 513022 816588 937752 647165 75159 611970 857379 830378 577330 715880 860443 703522 217770 787564 330072 835809 505909 663319 466086 972340 593562 421775 399652 723569 346967 596884 511054 164004 976726 805599 627675 493304 808644 75932 830038 447098 62644 734578 747125 887126 956080 144470 334565 884004 464193 306194 814355 552682 99844 1014159 1069934 931752 716831 845803 713465 1037221 852323 914230 752823 515633 777520 600168 527189 820109
477914 688545 509349 193005 121955 164202 546355 158157 118272 156410 470755 231925 769571 422195 413086 106829 631950 286581 258109 409394 370049 332630 769086 494107 263453 448158 777044 431882 35576 620824 618303 162122 273618 124544 452330 999999999 142946 750828 575222 701350 504696 160797 409383 861668 392484 476439 444810 637084 320808 335250 178241 751707 85705 212807 144782 577660 206691 396334 571211 806974 322197 184157 132378 476136 631757 672167 178508 324406 357675 524858 867493 99149 469833 432638 342470 724060 587847 330134 183720 623806 40141 505191 668060 569431 446574 612746 728382 586946 722680 664265 496769 632287 567125 591847 346985 378014 328367 367323 139517 388639
601865 806939 629832 317815 21745 306983 680436 159825 208831 190389 472241 330620 911285 506369 309703 165180 767700 429067 286431 525506 376239 410626 912004 515363 395520 557815 919243 359799 109871 682274 758040 178356 130878 241900 513022 142946 999999999 892433 661192 842899 577048 197414 420127 1004529 532709 606399 502755 779473 431836 325149 185063 892379 207253 197015 285729 644268 316361 536293 699920 948105 457196 280986 261726 489970 723363 810267 163867 467102 327137 577515 1010290 241547 545144 550683 419745 858070 670191 417867 313933 743478 178279 626423 805013 711109 532441 672651 817700 680699 865563 797140 629615 688532 682663 694371 422794 520782 342533 503564 263330 309783
378821 362037 533318 634596 870843 587362 258449 850816 710317 816976 883171 692315 222320 724623 1083472 788967 362129 464856 773823 577853 929861 740110 130844 955544 509643 475750 39238 1038080 785861 713177 144871 837722 1020960 663687 816588 750828 892433 999999999 582192 224508 788339 769481 836701 186461 360875 340535 697709 119250 625141 863136 852099 34044 690812 840293 606714 678800 615279 412241 455885 256157 505326 658365 636510 966174 555481 125538 832568 428178 912835 870333 198111 651688 767530 439093 640942 177749 602618 709104 623733 354941 714159 528253 146179 265937 720590 718123 590568 539245 136704 206337 305491 740831 399700 485429 644570 375948 809570 399322 639709 1021377
243881 258191 802028 628012 643268 498840 345674 732836 462475 723938 367725 709959 757095 866977 679260 674922 766787 462754 394157 760079 927389 813957 690316 1028431 373643 171775 621430 591900 603015 131419 458844 734236 748352 452171 937752 575222 661192 582192 999999999 715287 958004 465132 350641 766544 410123 292980 190285 543088 727663 429772 751029 556959 490223 495399 483824 98645 371070 590415 791160 800564 616553 391602 455560 1019305 67857 456733 514182 468171 474027 1012853 777743 518122 923564 218954 241537 428473 22347 793286 606548 233054 539625 795356 436091 632339 881187 135935 156695 46450 665014 379479 322229 159055 182764 100229 238758 474778 376391 363169 442874 600686
477035 544050 345980 541716 822671 542254 370393 763519 696943 724840 951686 577373 68652 557441 1084610 709066 149308 429757 798763 417680 791870 595818 118342 790655 514575 570457 209031 1061262 733062 844683 267664 746685 973636 647004 647165 701350 842899 224508 715287 999999999 605849 766330 895932 184009 367407 428421 783834 179341 488679 897025 758258 256567 663388 841760 570058 803200 624616 308307 255061 106643 396991 664382 614881 806795 706456 301600 824812 391787 943631 689962 184946 607010 591204 523579 700133 382082 737409 565351 537992 516185 671443 342401 322659 131948 547520 846997 762092 679083 88747 384903 395503 871756 539278 630356 705095 341195 850081 422446 623512 1034495
754405 944923 260047 346582 568977 474728 738021 420204 600800 386668 966553 277250 661334 91602 886716 418213 460899 497426 752707 220106 275085 172087 721127 201227 586261 789769 791114 928347 508921 1047122 726028 400171 670517 572157 75159 504696 577048 788339 958004 605849 999999999 661613 902972 786876 579788 719843 894277 679359 230414 838355 397036 809910 550286 717347 500016 999312 628006 411510 352576 675168 349390 635900 548912 227392 992676 788586 682412 500308 862369 84216 785638 487142 35908 748486 780259 872590 977244 178125 367082 886048 512039 264002 799168 522446 77911 1042310 1083746 948470 680528 835478 713716 1066046 859622 926913 786102 515150 824383 608995 565287 881060
435814 628941 634629 329872 181183 240374 532067 303963 73154 312238 309998 385237 831807 576334 319033 264554 724444 337143 99095 542939 525480 490155 813566 653493 260979 376016 801118 302915 170409 486117 627013 313382 288974 121761 611970 160797 197414 769481 465132 766330 661613 999999999 249082 906961 413874 451026 306508 666677 462559 176919 327676 763200 120639 75673 208039 447221 154789 482077 681911 872843 429923 111734 155017 634241 528506 670959 63540 374641 206208 685117 914498 190848 626268 378229 223695 705243 473413 484722 314281 567950 149896 629600 661769 637006 599664 476781 621817 486869 769754 642718 479878 493613 503613 504665 226375 425496 167863 370257 143913 269923
459112 588216 841268 560763 410335 446063 578464 550187 302378 560940 64249 625795 954243 814999 334764 513602 890200 499824 151601 761301 773432 733372 913433 902556 394326 365430 873692 241514 418917 305622 693436 561028 460606 333144 857379 409383 420127 836701 350641 895932 902972 249082 999999999 1002786 529281 496374 162212 757591 691318 101676 574645 820700 352690 223115 415129 284662 298758 657314 870689 998023 630815 275302 360608 883025 417734 718443 257311 529313 131627 931488 1012305 417527 867225 397759 197789 722815 346950 724896 542195 542327 393255 835485 702766 778540 836906 294085 491568 390493 875863 662847 531737 301294 475750 431749 193487 568234 81287 473584 344492 255048
552110 547583 527943 714912 983621 698539 432157 937162 841669 899556 1052903 756499 126078 741094 1225560 880108 326199 579002 925087 601659 975302 779363 93492 974051 647008 649914 147958 1190541 894984 897833 313964 921253 1135286 792588 830378 861668 1004529 186461 766544 184009 786876 906961 1002786 999999999 493759 509104 871847 245788 670958 1019191 933651 216322 814076 980850 723306 862203 757021 479951 434397 125672 572267 799126 762248 990591 741664 310437 968265 540294 1067911 871091 11925 764208 773616 609181 805129 360886 787312 748775 708987 541188 828723 524718 331785 302543 730603 902416 776393 724324 139041 392775 473485 925495 583781 670859 809314 486728 968010 542305 768508 1169030
178380 367705 393719 310877 511029 231965 172549 507440 351074 478414 586379 385903 428150 493672 731957 443177 372277 114507 434003 365777 631048 467480 400619 695090 153275 240442 389930 698690 427896 525509 225848 497436 660443 303464 577330 392484 532709 360875 410123 367407 579788 413874 529281 493759 999999999 140135 428605 253131 359749 530898 513268 359679 329937 487250 247709 478967 263351 182475 382319 471249 231192 305367 275687 695739 428941 281331 475921 88159 578353 647385 501652 293888 548453 191630 335482 342385 431884 440014 294257 306915 354738 387017 279546 250445 502001 524663 513054 388531 358001 288084 136574 550144 281496 356701 340742 66826 482921 56615 279379 675596
49320 231569 527740 436077 584855 333548 84028 611615 403802 587806 544340 515244 476717 633302 753898 546857 474047 237836 439604 505635 757654 603129 422767 830057 212987 143215 377324 700960 511592 418901 197146 604794 726239 364706 715880 476439 606399 340535 292980 428421 719843 451026 496374 509104 140135 999999999 363300 267458 498110 524808 621435 326200 399490 515904 338183 375860 298136 319212 504645 520913 370872 340151 345937 828890 299410 226281 514383 222813 574798 786693 519135 384872 688322 100079 300457 254476 315325 576651 417264 168585 436404 521045 213852 339366 642020 420370 377574 263268 389730 192240 35627 445479 142605 224016 304042 206024 470323 121263 343102 687638
319914 427401 786859 548565 487466 419604 440439 601052 326539 600852 190947 624951 836845 803065 489148 550971 800582 432614 219528 722395 813295 733853 786064 929641 325109 222231 735897 402310 465903 179622 558275 606766 574436 334433 860443 444810 502755 697709 190285 783834 894277 306508 162212 871847 428605 363300 999999999 630570 668427 240320 622585 678584 367124 319997 394835 142830 266939 585070 799147 881083 581377 267583 350257 915256 258022 575417 344507 453170 283792 936320 882051 415242 858512 263519 114081 570718 189304 718965 527624 384429 416016 780541 558004 677281 821666 170310 338422 228584 752306 512784 398787 188064 319229 269747 108199 480431 188757 372300 334502 410432
313258 365278 430047 515580 758026 472995 197903 732678 604121 698409 808700 573140 214046 611677 983965 671303 283197 350503 680237 464869 811434 622894 156028 840761 405713 410330 140286 945714 671767 673859 88382 719273 908965 556149 703522 637084 779473 119250 543088 179341 679359 666677 757591 245788 253131 267458 630570 999999999 507631 773649 733495 132854 580989 739450 494084 634410 514530 293703 362279 257491 386358 557150 527455 850305 529844 128773 728958 312914 822526 760035 254947 538024 656716 367054 559825 215103 564895 591976 505028 337135 601375 424476 147896 162936 609239 677021 582966 504768 122898 207654 232244 701270 363631 454466 564113 259782 722255 298323 532018 925423
529328 727453 200899 132702 417183 250077 526485 304272 394571 263289 755533 104464 554713 139355 731042 268726 372590 268628 545099 94809 306575 115454 589259 339875 355997 559977 637034 752091 337220 817526 535532 284220 550695 358319 217770 320808 431836 625141 727663 488679 230414 462559 691318 670958 359749 498110 668427 507631 999999999 637845 291181 640305 343714 527828 278310 769622 404584 215197 283111 581719 130900 417846 331119 345303 763265 598905 496094 275591 668563 289491 673001 275061 195927 519638 554399 677372 746846 84857 149551 666270 315226 198400 605715 372985 154453 812957 855223 718794 543411 632886 496086 836916 634962 698817 560325 299064 615969 382918 347421 709434
494554 649708 803043 505227 317475 404333 608776 464260 243461 479388 147192 562153 958956 753252 250152 434412 874345 480142 100373 715352 688590 666697 927460 821572 383163 409192 898407 176881 338600 401646 718300 476986 359010 284474 787564 335250 325149 863136 429772 897025 838355 176919 101676 1019191 530898 524808 240320 773649 637845 999999999 489423 850720 294154 130701 371869 375811 275382 634632 842812 1001832 594506 240666 316073 800134 497629 750954 166931 514001 50124 859995 1027954 363533 803074 431941 229453 766411 429620 661630 488685 597789 326813 797688 737476 773175 776541 390390 578331 465209 886941 704589 558764 399652 530241 500151 227455 559128 56761 478383 301426 173189
631603 844883 490999 219488 181901 287943 681195 25718 296257 35181 632845 187938 826497 334188 492162 77056 657929 398863 426732 384963 199223 238629 845220 333949 414122 615353 872552 544434 158047 799043 733280 17048 275095 298886 330072 178241 185063 852099 751029 758258 397036 327676 574645 933651 513268 621435 622585 733495 291181 489423 999999999 859074 261212 359044 285836 755879 380193 453827 573841 858185 361679 361676 297978 311024 805612 792522 322611 430496 500673 392759 937496 241757 366944 593706 520599 855383 764393 252822 228495 779661 211527 488947 792339 631303 360544 790919 902496 760341 798095 799252 635707 810298 727883 761312 525165 478998 493556 503209 309144 494724
361676 331261 557036 643110 870704 589250 242677 856788 706063 823898 865598 703631 256312 743895 1074918 794197 391200 467282 763285 597030 943431 755629 164844 973501 505053 457456 68665 1026447 786981 687478 136247 844347 1019943 660376 835809 751707 892379 34044 556959 256567 809910 763200 820700 216322 359679 326200 678584 132854 640305 850720 859074 999999999 688866 832840 607076 654250 608525 425910 482318 290148 517787 651655 634241 983157 527863 103195 826550 431649 900621 891254 228135 652751 788121 423044 626298 145253 577016 724736 631291 327457 714319 551778 121807 288668 740851 692765 560085 513322 169572 178517 291956 715098 375184 459164 629692 380677 796478 394250 636578 1011290
397195 605928 514128 211180 185600 124346 473216 242613 51026 235952 416300 273112 730397 462664 424728 186192 610811 235409 202905 422480 446537 381025 720699 563563 188310 363088 719411 421187 117174 540304 553542 244588 331473 38887 505909 85705 207253 690812 490223 663388 550286 120639 352690 814076 329937 399490 367124 580989 343714 294154 261212 688866 999999999 192188 93857 496135 120989 368992 563417 769972 310843 101053 54845 548331 546209 604225 166839 274111 326503 580719 820765 70212 514553 349409 260699 650820 503272 372235 194570 541539 49827 509148 598380 532162 485025 532684 642897 501326 675337 589908 422363 553088 483478 506272 265541 327419 274478 297161 56663 384779
496589 680646 705489 395842 187683 314596 598338 333777 147903 350194 276532 444183 907062 634886 244716 306625 799712 412765 101522 611360 558108 545260 887546 691892 333999 428232 872642 229005 211170 496758 696926 346924 254589 197201 663319 212807 197015 840293 495399 841760 717347 75673 223115 980850 487250 515904 319997 739450 527828 130701 359044 832840 192188 999999999 282540 462783 225227 557334 755454 948232 502987 182350 230392 669963 561454 738726 36490 450170 145327 734497 988542 261622 682583 436704 260150 768777 500595 542832 381821 621891 212612 700639 728549 712606 659089 486428 651061 522594 844060 706101 546256 500126 555874 546737 261261 500770 146356 441870 219568 194375
345894 559096 431200 153750 264167 32614 404113 274201 134902 253631 479353 231334 637310 409211 518416 209797 517773 144543 274027 346438 445234 339588 630139 545466 128290 334188 633640 510934 180236 555048 473521 268912 414880 87902 466086 144782 285729 606714 483824 570058 500016 208039 415129 723306 247709 338183 394835 494084 278310 371869 285836 607076 93857 282540 999999999 508225 128045 275610 474173 676580 223161 140093 55831 535542 531930 527629 259644 183137 409235 542016 729694 47153 464168 308842 281165 581374 500063 324131 132953 493879 107450 425824 523928 438625 428866 549060 628460 486189 584337 522452 355732 571723 442465 481004 286909 236884 342754 224423 71141 476517
326699 355416 863365 659300 628404 528395 436515 735442 460173 732004 288618 739223 847862 907722 619330 682150 845163 513853 362330 811894 941854 846464 784110 1052064 414263 239856 718019 524221 601360 48070 552050 739620 717121 460554 972340 577660 644268 678800 98645 803200 999312 447221 284662 862203 478967 375860 142830 634410 769622 375811 755879 654250 496135 462783 508225 999999999 384806 653583 861063 891668 668040 395083 470878 1039950 150804 553262 487201 525592 414773 1048157 873276 535840 964074 289222 235468 527050 81904 828542 637849 331625 545872 856786 532956 713164 924075 45703 208438 144714 757012 477378 407790 71177 279159 198864 230763 540304 328077 427232 456270 539657
