NAME : synthetic_000711
TYPE : CTSP-D
DIMENSION : 100
GROUPS : 8
RELAXATION_LEVEL : 1
EDGE_WEIGHT_TYPE : EXPLICIT
EDGE_WEIGHT_FORMAT : FULL_MATRIX
EDGE_WEIGHT_SECTION
999999999 754715 367488 875361 195243 359156 527922 645328 722381 957983 52153 855712 776618 399340 206289 495042 830341 637345 671456 842162 570251 397334 1092782 378973 366825 648173 679284 260227 179148 766481 309882 711058 183990 368705 228412 540168 367378 646142 1012552 1179279 698924 910599 972956 770751 752360 354622 144206 107144 669585 767624 684236 837828 844570 910913 151771 227688 918866 898366 276130 56121 473963 434356 724020 650993 725446 670775 639231 784122 728164 472634 569281 435725 739347 469355 785527 726494 539177 945237 1174088 134022 156099 543432 242557 889869 661506 755186 238983 675340 684064 589239 177890 1045443 562598 554578 251696 715558 932086 692464 800412 494841
754715 999999999 393667 725241 735813 747368 326558 482363 676430 647192 779322 108332 688030 397944 857392 685589 201824 516079 598908 692463 854313 870908 558598 647048 493504 301374 737807 575350 678860 734120 449920 197126 750833 563233 611921 697826 391939 120993 539823 698108 55943 466797 605268 882889 58323 454733 648199 729889 271743 171788 316884 507318 309417 232963 624541 556693 165331 233906 562557 810682 651494 751095 655251 105725 411348 141234 568309 892047 756596 382666 392014 579685 258708 510294 779305 469336 831377 429290 703938 845371 603931 920732 614258 139273 913198 724397 609782 923878 102144 608893 685996 551151 913627 657548 558361 243661 350350 1017286 149318 421832
367488 393667 999999999 665011 349851 402760 273783 384184 541291 688112 387372 490598 582410 178432 505619 412864 505868 395513 465168 627650 570430 518368 759947 323218 165105 383036 550110 266583 289975 600251 108799 398587 362995 239895 289134 445860 7705 296990 692226 865828 338977 590288 683447 686957 400647 198419 254622 336316 322886 403028 350109 546108 495120 578309 230952 164558 555140 533384 188844 422522 375765 434839 530936 288161 419566 336476 425647 699441 589681 257278 271108 296109 387978 262808 636313 443365 540447 608364 863856 473951 228855 606990 235132 531940 651702 588015 229092 665096 338125 415755 297165 721031 609357 426150 173644 420282 580013 734385 433719 217309
875361 725241 665011 999999999 702916 561908 885876 285046 156158 177425 853974 723625 100185 835331 1076289 398385 926920 269535 207717 37471 447193 630304 459017 501083 540148 949378 233756 917387 697622 134338 769833 889368 721103 510663 928838 357895 672193 748804 365322 440267 714302 333677 241267 284312 779610 863183 736012 775845 461262 561402 413082 234205 458068 949212 739757 680895 771189 597223 611783 907466 408352 492968 151423 682251 314803 808218 244878 283302 194455 897966 404934 440317 467611 422802 152866 259460 455169 413186 426194 1009361 823172 545719 634348 809017 423673 140585 638932 423309 775260 286124 700028 397307 519059 328197 644437 933328 492806 527118 600592 447707
195243 735813 349851 702916 999999999 164166 589171 505058 547202 805032 158454 824266 602839 461821 399924 309850 854891 489147 506914 672080 375181 216389 974893 202467 261574 709437 493702 387301 61893 585771 351567 744173 19409 225768 369389 354319 353772 646384 886765 1044587 683174 788223 829199 577076 748596 436540 121716 88793 583588 704507 585186 700445 751817 928149 149669 187746 890768 831930 175554 211058 294733 240073 552220 630490 602836 685930 479660 590384 542751 547620 457207 276546 654142 330082 600573 590735 343981 835269 1037377 321170 250771 354571 123212 875085 466645 575088 126707 480547 687733 420213 55052 921810 371459 375551 177841 760625 839452 503344 744433 383969
359156 747368 402760 561908 164166 999999999 671202 411056 406239 683707 321882 820798 462224 554524 564073 163977 896630 386378 381557 534381 213355 123789 885833 104724 256261 784987 340147 521651 194037 436919 444983 797226 177763 184166 511075 204374 409014 679130 791909 937622 700398 699763 717149 413494 772145 543350 257874 252148 543518 678452 531592 599134 694828 961493 279191 275350 887567 796669 217562 373545 163168 76786 415484 647190 522640 728102 362561 426744 388662 641509 401633 188232 609870 260398 446346 496375 181465 757873 928528 484700 387610 212548 185665 883867 305298 427190 193441 319383 720663 293791 191657 828264 222487 236336 244068 821992 779018 355343 722818 340506
527922 326558 273783 885876 589171 671202 999999999 602196 784112 866069 567681 432603 816832 130361 572829 684848 315801 623890 703640 848769 844177 781019 853273 596667 438175 121649 808807 290006 527408 844949 237736 195396 597518 513649 329252 715553 266623 209835 812122 982932 280800 720435 842870 950572 291830 174461 472626 546072 452446 446092 497555 716701 581349 399795 444090 406023 478228 549916 453713 581809 647510 707952 769609 265293 592392 191452 664776 962543 843965 63367 482445 567139 489304 524112 885012 635482 814229 708180 985523 582360 374015 879002 492148 427478 924695 833083 484961 937956 225557 670829 534135 832054 882386 691453 429963 189724 646910 1008124 449719 457332
645328 482363 384184 285046 505058 411056 602196 999999999 195458 315395 635704 511266 217174 551040 833895 272467 677983 36098 116551 247642 417925 519797 475504 315417 282574 671921 258601 644132 479878 255079 491363 622924 524465 281961 659743 260843 391072 480869 383573 539738 458817 288891 327850 401547 530366 581062 501139 558846 211843 344093 172303 195492 304712 714973 497526 428488 570961 430750 369374 686971 254143 370552 175919 418481 117003 540987 88578 410246 274264 612945 120029 231314 251364 177351 299400 86302 404752 348232 532939 777024 564592 505872 405957 592151 454384 244506 408222 462720 512376 148346 484296 419385 489421 213273 396740 664411 380744 565740 390151 168930
722381 676430 541291 156158 547202 406239 784112 195458 999999999 293649 699384 697996 56050 717517 924989 242449 873215 165107 81333 128499 311942 480103 546208 345914 400988 861752 98049 781442 543859 61020 640956 817461 565268 362238 789600 202967 548824 675481 447505 560839 654198 382319 342307 216555 725412 738952 585031 621467 404797 529994 361550 266639 461257 908387 590625 536004 754358 598389 464645 752938 252483 338780 24039 613797 279533 735566 119389 223042 87104 787599 306581 290066 434345 284475 104074 221344 313762 459302 548972 856206 679046 410981 483157 780931 311735 49580 488181 315659 707618 135761 545973 483526 386779 172070 498425 858270 519916 423635 574555 328861
957983 647192 688112 177425 805032 683707 866069 315395 293649 999999999 944991 621378 245552 841333 1149039 522017 846233 320642 302241 178551 604715 769691 283766 604719 597887 908365 388376 953157 787589 298343 796864 830742 824173 590328 971280 488739 694339 697769 194590 268481 649512 194351 67314 460717 704902 878796 814152 867108 414725 475542 368584 149376 346746 854235 811956 743809 658383 475970 683085 997265 521284 623478 276836 629078 275508 753615 325603 460291 358533 890289 417349 529166 393938 488701 326499 244833 607410 265738 255896 1090646 879613 703945 716354 705671 593110 300482 719349 594168 716156 390288 791329 223522 679018 448989 711532 877044 355213 700007 505945 480967
52153 779322 387372 853974 158454 321882 567681 635704 699384 944991 999999999 877915 754412 437888 243305 466210 864785 624927 653004 821806 529807 350107 1092276 353624 363905 688760 650585 308341 157667 740742 342078 746637 144161 354866 278141 511068 388241 674338 1009291 1173395 723894 908126 963423 735276 780391 396273 142669 78327 676583 781444 687666 830124 850747 944183 159258 234859 942145 911995 270719 53574 448142 398244 702609 674489 722067 702400 622617 748555 699629 514435 567911 417673 747061 458438 757340 718854 499365 946759 1167490 162831 193671 497809 229754 916113 620308 729760 227754 633970 713299 568564 154482 1042973 518034 529213 251770 753495 938672 646518 816265 492923
855712 108332 490598 723625 824266 820798 432603 511266 697996 621378 877915 999999999 700993 506089 964298 741877 241339 546891 625496 693997 907721 944527 488960 717772 572881 394643 769843 683149 769469 752089 554358 282225 840207 637498 719450 748316 489692 229307 487109 632167 162338 430391 571118 911349 144599 562845 743479 824895 302462 168024 339000 493875 274670 233426 721076 650587 66959 159817 649129 911418 710110 816373 675296 205238 420539 243066 599730 919302 782255 489998 440627 644030 263762 571742 797521 479952 887374 377573 640030 950176 707125 981221 701404 85455 958789 743550 697574 968433 207048 649814 776508 492000 971444 704911 648576 325378 289056 1066709 124134 484425
776618 688030 582410 100185 602839 462224 816832 217174 56050 245552 754412 700993 999999999 756608 978483 298482 887479 192942 117376 73372 359716 534240 509290 401205 448517 889057 143171 828201 598441 59158 684519 838519 620983 414064 837767 258673 589816 696556 411231 513981 670019 355692 299031 233386 739309 780741 638278 676377 417051 533948 371147 242024 451640 917915 643013 586405 754401 590919 515997 807939 308206 394288 53678 632650 280610 756628 156792 236915 114988 823794 334992 342686 437922 331145 100889 221195 364123 434743 501433 910548 729242 458964 536449 785247 349674 57165 541265 351842 726617 187959 600704 446390 433679 228018 549295 880668 502545 459123 576878 366723
399340 397944 178432 835331 461821 554524 130361 551040 717517 841333 437888 506089 756608 999999999 463595 587188 434154 566477 639938 797860 738844 659450 871613 488914 340005 251991 728542 178527 400398 777057 111200 313605 469302 410821 216422 622108 170732 277677 817094 991193 344150 718915 828017 864912 378613 56823 343639 415954 443044 476523 481560 694261 597616 516562 315018 282771 561014 596416 337942 453919 550587 597937 706086 309981 566439 284967 600366 877474 767920 87189 432675 472131 495120 441200 813917 599942 707829 721151 991540 462931 244375 765403 371312 519244 823236 764866 363826 836909 307948 593860 406953 841634 771091 604122 310608 316219 673830 899900 492405 389885
206289 857392 505619 1076289 399924 564073 572829 833895 924989 1149039 243305 964298 978483 463595 999999999 700939 888629 829762 870408 1042250 773102 589480 1260985 584046 551360 680236 884952 285625 384473 970751 415013 768059 386931 566154 247193 746079 502797 739131 1186984 1357660 802140 1084363 1158762 976647 841893 407599 340281 313063 826689 904862 849007 1021618 1000332 972590 338111 405550 1022150 1033525 467434 195499 678899 639867 925402 761302 902970 748290 836516 989995 933736 509909 745787 636001 893244 661970 990924 911211 742584 1110389 1353805 85294 279247 738690 442042 982577 863586 959297 437359 877226 771223 790569 383680 1218064 759918 759081 437648 759844 1085607 886592 930971 673999
495042 685589 412864 398385 309850 163977 684848 272467 242449 522017 466210 741877 298482 587188 700939 999999999 858590 241865 221240 370436 169347 252455 737762 119090 247884 786170 184453 602704 316550 276361 488725 774373 327010 177493 601849 45141 420378 641676 641491 780039 646443 554666 558710 289460 720875 591856 367985 390000 444758 584688 421060 447789 573448 913136 380208 343794 806725 690216 270226 519599 37427 102649 251548 595830 389187 697409 207951 302796 233466 669595 301783 118000 503086 176727 291133 352785 145919 619199 770208 626959 481466 240613 269939 814246 240686 265981 276596 253605 681105 135925 317267 678194 229568 73055 305199 806712 652457 334663 631092 264409
830341 201824 505868 926920 854891 896630 315801 677983 873215 846233 864785 241339 887479 434154 888629 858590 999999999 710428 794246 893921 1027825 1017435 730258 802939 640913 220241 929234 605075 794071 931883 522792 120975 867090 716297 644287 876277 501470 218429 725830 873503 219480 661339 801405 1075294 148171 486047 750492 830124 470430 371271 516868 708438 503100 84194 723515 667544 243639 400947 692399 885789 822666 912276 852720 265006 612664 169624 761728 1085038 951154 378839 578733 745959 460479 681937 976778 670208 1002441 615411 881293 895940 674243 1085451 740636 178350 1093482 921797 734793 1104954 177802 796232 801226 732434 1081622 839328 679508 134832 529111 1193165 341269 595416
637345 516079 395513 269535 489147 386378 623890 36098 165107 320642 624927 546891 192942 566477 829762 241865 710428 999999999 84273 232147 383205 491719 499629 294464 280456 697727 223215 650721 467901 225710 500892 652414 508495 270062 664348 227401 402675 510474 405603 556353 491020 314331 340122 367011 563179 593648 493577 547321 246580 379926 208061 213686 339413 748906 492006 425743 606848 466578 362844 676942 226388 341775 147430 449363 150454 570540 52865 375997 240808 631603 142525 212904 287434 168184 269112 111206 370879 377337 548638 770122 564716 472332 395843 627444 418385 214628 398744 426663 543021 113680 471903 441904 455260 179717 392164 693164 413893 529872 426061 178206
671456 598908 465168 207717 506914 381557 703640 116551 81333 302241 653004 625496 117376 639938 870408 221240 794246 84273 999999999 172335 333094 472373 523462 304844 332842 780445 146405 711593 495560 142295 567163 736608 525759 304256 721958 192519 472597 594700 425598 558928 574929 346551 337524 285938 646774 663445 530424 574677 328080 457671 286885 233619 401839 831471 533034 473208 683798 535194 404545 706176 219064 323670 66285 533606 213778 654751 39577 294242 157803 708419 225249 235820 363141 215367 185048 160052 326917 418430 548987 805420 615459 428453 429272 707276 353778 130904 433464 360407 627288 88117 498524 462352 407822 148878 436901 777192 468452 466715 503136 250209
842162 692463 627650 37471 672080 534381 848769 247642 128499 178551 821806 693997 73372 797860 1042250 370436 893921 232147 172335 999999999 430925 607611 453122 469799 503978 913117 214825 880579 664996 120226 732623 854362 690467 476235 892353 331460 634821 713484 356989 446329 680211 315540 237487 284492 746309 825786 702060 743567 426715 530331 378749 209942 431813 917898 705205 645416 743072 571518 576860 875219 378191 467270 119939 647258 281282 773043 208713 285254 180871 860583 367573 406607 435769 386788 148914 224782 436527 395488 433125 976184 787436 530048 600582 779250 414788 123497 605000 415660 740511 253276 667586 390586 504206 299004 609223 898076 471529 521483 570461 410342
570251 854313 570430 447193 375181 213355 844177 417925 311942 604715 529807 907721 359716 738844 773102 169347 1027825 383205 333094 430925 999999999 208282 853490 250021 406434 949535 216546 728650 407066 312954 634370 942234 386592 330536 720893 160110 577666 810653 754903 872598 815705 679564 654124 221952 890162 736464 469826 463914 607680 747512 579717 565732 722558 1082407 489451 473598 971806 846663 405388 579433 205232 146089 331277 765172 533537 865960 337188 233919 252843 823763 467141 283764 661885 346065 301947 487754 32396 751177 860494 691567 597317 99253 387403 981636 91953 307825 395086 106065 850257 269619 404910 791425 75239 206036 437659 973551 796113 166075 794149 433671
397334 870908 518368 630304 216389 123789 781019 519797 480103 769691 350107 944527 534240 659450 589480 252455 1017435 491719 472373 607611 208282 999999999 989868 227359 378705 897526 397565 602682 269137 498011 548393 915689 219753 307854 585724 281140 524153 800641 893871 1031101 823545 805858 809635 430146 894920 641799 334636 299210 664994 801017 650826 700163 811932 1083571 360806 376682 1011273 917658 329852 394089 265682 150238 493940 770267 634541 848370 460373 442191 442093 746592 521972 307659 730256 380929 496767 602911 186109 868026 1020830 505099 465982 149946 288900 1007592 288391 490270 296162 300644 842282 388357 264083 930553 173573 323559 351103 938648 894631 297113 845683 463236
1092782 558598 759947 459017 974893 885833 853273 475504 546208 283766 1092276 488960 509290 871613 1260985 737762 730258 499629 523462 453122 853490 989868 999999999 790789 728371 856916 644235 1020109 942393 567137 862943 755672 994227 749141 1047041 714788 764040 650879 98743 144049 585129 187052 217849 737424 614547 920675 951201 1018804 437465 407589 411978 290458 274327 711175 941018 865589 498923 330069 821649 1140388 725652 839631 524581 588682 372174 693565 530005 738375 624044 894938 524383 706035 377353 645091 601494 389582 849779 151817 153827 1217493 981778 950720 865935 560038 857322 566450 866606 860364 652681 602417 947663 62900 928711 668904 841859 801991 208983 968041 411929 599355
378973 647048 323218 501083 202467 104724 596667 315417 345914 604719 353624 717772 401205 488914 584046 119090 802939 294464 304844 469799 250021 227359 790789 999999999 163761 705408 301230 487857 199833 387702 384585 708137 221110 86882 485022 163758 330204 584605 698798 850436 601597 603919 632226 407000 674310 487019 249015 275986 438805 573875 427520 508083 591602 865048 261208 228997 784407 691990 157364 407197 94995 111930 350049 548725 423287 635974 279178 420412 349837 574141 297243 85805 505343 156196 406893 401642 218918 658844 842317 512047 363568 285456 151124 782435 336339 376535 157956 350288 625756 217787 201263 734740 286308 175828 191245 735824 676494 411781 618390 235963
366825 493504 165105 540148 261574 256261 438175 282574 400988 597887 363905 572881 448517 340005 551360 247884 640913 280456 332842 503978 406434 378705 728371 163761 999999999 543529 394699 380487 217816 456426 246702 544474 279680 77211 389263 282114 172571 423045 646162 812471 445100 544576 608157 526390 516216 348940 223465 291319 322268 444176 326755 471883 492490 705234 216408 145922 639832 570647 93488 412439 210929 275359 395058 391756 358880 473069 295298 539169 437536 421738 204015 132165 392975 117490 488185 360806 377044 583357 807389 496350 284509 449145 141402 631388 486679 444171 140587 500036 464511 267601 223840 679468 449062 266451 115375 572114 580452 571320 485324 129018
648173 301374 383036 949378 709437 784987 121649 671921 861752 908365 688760 394643 889057 251991 680236 786170 220241 697727 780445 913117 949535 897526 856916 705408 543529 999999999 896406 403465 647581 922739 358599 115417 718230 620364 442382 813666 376443 212199 829150 993717 272331 745658 877031 1040864 251009 293639 593799 667679 495839 453998 543785 760256 595150 303109 565319 524749 425999 535270 568401 701518 748754 817286 845125 280400 642660 163396 742879 1052293 927998 176352 555334 668223 517344 618236 964792 692087 920499 720493 998349 696428 495112 989932 609223 366518 1026853 911279 602231 1039742 204257 757963 654385 844384 991713 785602 546676 85424 647937 1114797 444993 543373
679284 737807 550110 233756 493702 340147 808807 258601 98049 388376 650585 769843 143171 728542 884952 184453 929234 223215 146405 214825 216546 397565 644235 301230 394699 896406 999999999 770143 500481 100449 641206 863421 510458 340066 773460 139517 557810 722862 545521 656564 709911 478468 439450 146337 783137 742771 549576 574450 469699 602453 430846 362794 547296 970771 559621 514981 829088 681498 441166 703923 207169 266565 120018 665491 360082 782291 170371 156802 49056 804670 351222 267772 508674 287460 106878 305137 221867 554363 644250 811399 656543 315794 449347 850653 214434 93174 455443 219115 757932 138482 501417 581569 290643 131048 476240 901660 610929 326944 648281 353211
260227 575350 266583 917387 387301 521651 290006 644132 781442 953157 308341 683149 828201 178527 285625 602704 605075 650721 711593 880579 728650 602682 1020109 487857 380487 403465 770143 999999999 334332 836736 158611 484164 387600 430494 39247 644351 261050 455712 956461 1130558 520849 855131 949952 891934 557137 122104 268383 315465 583197 639738 614401 812458 749749 688695 243678 259098 739136 764572 332484 308187 570213 582562 774974 483350 686137 462737 673099 905202 815057 228415 535844 502371 643638 497255 867374 708357 696285 868316 1129087 293045 136701 731749 341397 697754 819149 824499 333783 833318 486474 647815 338933 984157 743907 639356 297529 479189 830900 876934 660667 475203
179148 678860 289975 697622 61893 194037 527408 479878 543859 787589 157667 769469 598441 400398 384473 316550 794071 467901 495560 664996 407066 269137 942393 199833 217816 647581 500481 334332 999999999 587362 289908 682753 73080 198100 319945 361689 293580 586915 857022 1018901 625598 756812 807130 596771 689886 376512 65998 79527 539079 655145 544532 674965 710271 867944 91691 126538 835663 783907 125960 210638 294818 264317 546199 573270 570601 625381 464954 610209 549282 486465 419739 260044 609917 302569 606541 563987 374944 799530 1012553 312508 197905 398886 76771 818049 499002 576095 77263 513130 628099 411735 7191 891325 412908 375450 120898 698853 798252 545950 693756 345071
766481 734120 600251 134338 585771 436919 844949 255079 61020 298343 740742 752089 59158 777057 970751 276361 931883 225710 142295 120226 312954 498011 567137 387702 456426 922739 100449 836736 587362 999999999 698613 877748 603189 412881 843609 233063 607825 735721 469383 566475 713207 414830 354850 174273 783896 797415 632030 663515 462385 584371 418045 300932 507725 965449 639351 587958 806987 646451 515510 794287 292778 364993 79246 673549 331820 795827 180353 178068 60814 847887 367510 339919 488381 341162 45453 272615 320965 493810 553339 899741 730935 411665 530413 835713 294769 12284 535873 296025 767454 188926 588948 504258 385277 211915 549864 918786 560719 402568 628196 389172
309882 449920 108799 769833 351567 444983 237736 491363 640956 796864 342078 554358 684519 111200 415013 488725 522792 500892 567163 732623 634370 548393 862943 384585 246702 358599 641206 158611 289908 698613 999999999 405341 359784 311233 184155 526268 102844 337444 798067 972081 393998 696606 792039 772421 443497 103131 235285 310921 425581 490809 455911 654819 594285 602154 206896 171738 615173 618747 230100 365910 453107 491475 632177 349418 528067 361010 527916 785309 683315 198228 379712 377465 487577 357669 732556 552083 602880 711130 970524 395819 155161 656678 260732 582291 720667 686330 253169 734530 374567 511198 296570 826045 663385 513086 200954 415307 677023 793389 515981 323138
711058 197126 398587 889368 744173 797226 195396 622924 817461 830742 746637 282225 838519 313605 768059 774373 120975 652414 736608 854362 942234 915689 755672 708137 544474 115417 863421 484164 682753 877748 405341 999999999 755454 621299 523365 796424 393442 142056 735327 895161 181438 657960 793774 1009619 141857 365107 636229 714798 428393 361921 476797 685645 502784 204582 608743 556428 310765 429079 587209 766278 737524 819245 798755 207120 576076 81938 701237 1020218 890173 258664 513367 658498 436820 599647 921512 629910 915194 625171 900843 774991 555047 993128 633477 251135 1013209 866894 627231 1025355 115000 726724 689846 747742 991521 763114 571411 46978 547466 1108295 345671 516920
183990 750833 362995 721103 19409 177763 597518 524465 565268 824173 144161 840207 620983 469302 386931 327010 867090 508495 525759 690467 386592 219753 994227 221110 279680 718230 510458 387600 73080 603189 359784 755454 999999999 245089 367920 371249 366646 659883 906159 1063984 697873 807578 848529 591235 762639 441982 126430 80059 601864 721959 603934 719848 770512 941023 154973 199548 906603 849683 192343 195899 312790 254269 570569 645361 622149 698451 498740 604496 559484 554494 476191 295842 672481 349463 617334 610144 355793 854451 1056762 306950 251760 361520 140177 890082 477638 592595 143145 491437 701105 438897 65903 941192 379545 393450 192476 770967 858198 510578 761592 402790
368705 563233 239895 510663 225768 184166 513649 281961 362238 590328 354866 637498 414064 410821 566154 177493 716297 270062 304256 476235 330536 307854 749141 86882 77211 620364 340066 430494 198100 412881 311233 621299 245089 999999999 433451 215914 247142 498046 661511 821449 516655 562546 609030 463399 588867 414364 226361 277371 369064 499560 364485 477289 531035 779089 229105 175508 704370 621839 102635 406948 142139 198186 360562 463564 377069 549133 270813 476503 385898 494445 234361 73091 438084 104999 439850 366636 300670 609982 814853 502303 318199 372023 126243 699738 412714 400888 129774 426292 539292 226534 202379 696358 371872 209063 137098 649274 617906 494807 542829 164524
228412 611921 289134 928838 369389 511075 329252 659743 789600 971280 278141 719450 837767 216422 247193 601849 644287 664348 721958 892353 720893 585724 1047041 485022 389263 442382 773460 39247 319945 843609 184155 523365 367920 433451 999999999 644509 284259 492784 981193 1154923 557112 879376 970466 891281 594896 160463 254194 292747 609616 671473 638974 832617 778266 727878 231911 258812 776133 797456 332819 273915 570674 575102 784272 518437 707304 501126 684019 904633 819291 267590 554704 506186 671664 506719 872693 726860 688499 895235 1152991 254047 123611 718810 335661 735566 812095 831434 328296 826285 524219 654877 323909 1009618 732301 642416 297633 518398 860493 865428 693774 491182
540168 697826 445860 357895 354319 204374 715553 260843 202967 488739 511068 748316 258673 622108 746079 45141 876277 227401 192519 331460 160110 281140 714788 163758 282114 813666 139517 644351 361689 233063 526268 796424 371249 215914 644509 999999999 453475 661094 617423 750264 661318 534468 528831 247757 735862 629284 412770 435028 447694 587459 419726 424348 565266 927738 424526 385949 812095 687239 312066 564408 74172 135972 214342 611966 377583 718070 186347 260957 188566 703127 308128 149982 501928 196931 246321 335906 144086 602201 739824 671998 524846 245040 314140 823155 217292 223051 320661 229086 699613 114656 362406 654193 229072 47685 347198 830378 641246 319562 634108 280998
367378 391939 7705 672193 353772 409014 266623 391072 548824 694339 388241 489692 589816 170732 502797 420378 501470 402675 472597 634821 577666 524153 764040 330204 172571 376443 557810 261050 293580 607825 102844 393442 366646 247142 284259 453475 999999999 293729 696946 870672 337019 595124 689203 694652 397842 191109 256782 338437 326768 404617 354746 551980 498444 574422 232629 167696 553966 534791 194432 422617 383299 441748 538398 286612 425248 332236 433067 707138 597358 249654 277527 303697 391314 270499 643942 449653 547622 612383 868816 472328 226901 613725 240059 529921 659104 595591 233895 672514 334698 423419 300766 725551 616261 433844 178243 414575 583026 741504 434664 224488
646142 120993 296990 748804 646384 679130 209835 480869 675481 697769 674338 229307 696556 277677 739131 641676 218429 510474 594700 713484 810653 800641 650879 584605 423045 212199 722862 455712 586915 735721 337444 142056 659883 498046 492784 661094 293729 999999999 618302 785000 71064 533528 665067 869172 106219 334499 549413 630724 289018 244249 337463 550577 384433 283548 524026 461412 283425 340383 478842 702263 605422 693848 656710 68691 436924 60119 559565 879586 748740 263138 372102 528047 305403 465395 779543 489502 784807 510640 788954 730519 492567 867070 528583 245205 878361 724891 523203 890153 41739 586942 594106 634852 863475 625910 468994 184617 442516 976332 241800 380231
1012552 539823 692226 365322 886765 791909 812122 383573 447505 194590 1009291 487109 411231 817094 1186984 641491 725830 405603 425598 356989 754903 893871 98743 698798 646162 829150 545521 956461 857022 469383 798067 735327 906159 661511 981193 617423 696946 618302 999999999 174388 557555 102625 127276 640647 597742 863254 869623 934510 374976 375247 342229 193708 234007 718124 861142 786749 509972 328838 738720 1058534 630660 743701 425840 552369 287304 666603 433544 641999 525806 848607 443441 614869 324142 556738 504652 297271 751495 110743 174532 1139695 908588 852287 781096 565821 758745 468393 782247 761899 626238 505796 862016 36770 830133 571909 760888 782264 198632 869645 390530 517711
1179279 698108 865828 440267 1044587 937622 982932 539738 560839 268481 1173395 632167 513981 991193 1357660 780039 873503 556353 558928 446329 872598 1031101 144049 850436 812471 993717 656564 1130558 1018901 566475 972081 895161 1063984 821449 1154923 750264 870672 785000 174388 999999999 721388 275548 221467 724274 754844 1037600 1035555 1097393 549356 540753 516170 344246 401791 855224 1028568 955198 642966 472740 903873 1223663 774519 882574 542702 720651 454942 830397 575061 722587 626867 1021121 612177 769111 497197 716521 592472 454919 874232 274907 17088 1308082 1080047 971748 943973 704027 861109 568900 945674 861796 789628 644909 1023523 150886 947132 707794 927754 941768 347870 966870 549819 685321
698924 55943 338977 714302 683174 700398 280800 458817 654198 649512 723894 162338 670019 344150 802140 646443 219480 491020 574929 680211 815705 823545 585129 601597 445100 272331 709911 520849 625598 713207 393998 181438 697873 516655 557112 661318 337019 71064 557555 721388 999999999 477283 612420 855894 74546 400824 593598 675293 253851 182401 301488 505192 323806 266704 569641 502594 221195 270070 510942 754913 611471 707587 633980 53393 399601 109133 542250 865591 731700 334001 359971 537475 255744 470017 757941 455498 791685 448395 726051 789512 547992 878758 562295 192972 877949 702968 557599 889069 68706 577671 632755 572136 872844 622794 505448 228091 376210 979949 173738 382040
910599 466797 590288 333677 788223 699763 720435 288891 382319 194351 908126 430391 355692 718915 1084363 554666 661339 314331 346551 315540 679564 805858 187052 603919 544576 745658 478468 855131 756812 414830 696606 657960 807578 562546 879376 534468 595124 533528 102625 275548 477283 999999999 140754 589077 525109 763881 767965 833831 275885 296290 240747 115717 158252 663805 759069 684463 464658 281794 637427 957015 540718 655731 359041 465940 186237 585177 348259 592350 466191 754020 341330 519037 231277 458253 454932 203466 673106 79957 274037 1037340 805972 774835 680598 513700 692849 411472 681535 697491 545711 420583 761949 134894 754368 487685 659023 704874 162434 805393 320233 415856
972956 605268 683447 241267 829199 717149 842870 327850 342307 67314 963423 571118 299031 828017 1158762 558710 801405 340122 337524 237487 654124 809635 217849 632226 608157 877031 439450 949952 807130 354850 792039 793774 848529 609030 970466 528831 689203 665067 127276 221467 612420 140754 999999999 521830 663470 868682 828750 886322 390747 433776 347718 138016 298468 804540 824265 753420 604177 420826 696853 1014807 553981 661193 323040 596642 264032 718895 354806 522155 413782 871337 416541 552737 359693 504986 386400 247553 654406 204677 211538 1104132 885064 752980 733718 654235 648672 355582 736056 650579 680246 423872 811352 156754 729061 486364 723230 840507 296067 757409 460138 485386
770751 882889 686957 284312 577076 413494 950572 401547 216555 460717 735276 911349 233386 864912 976647 289460 1075294 367011 285938 284492 221952 430146 737424 407000 526390 1040864 146337 891934 596771 174273 772421 1009619 591235 463399 891281 247757 694652 869172 640647 724274 855894 589077 521830 999999999 928916 875134 653209 663675 613372 743432 572818 475127 677635 1115803 667578 633197 969092 814943 559488 787033 321923 337038 240404 811762 495447 928560 314587 13453 129856 943447 497546 394957 648479 426687 135996 437740 245644 668080 709935 898106 770497 305034 558012 993208 159078 178422 564931 153494 904263 283474 596250 674755 275936 260814 594541 1047613 733907 247581 788668 497530
752360 58323 400647 779610 748596 772145 291830 530366 725412 704902 780391 144599 739309 378613 841893 720875 148171 563179 646774 746309 890162 894920 614547 674310 516216 251009 783137 557137 689886 783896 443497 141857 762639 588867 594896 735862 397842 106219 597742 754844 74546 525109 663470 928916 999999999 435163 654294 735780 322259 229813 368770 564102 367726 192276 629268 565189 186480 287229 578451 808481 685807 781039 704770 125828 465031 100424 614806 938451 803986 351566 433923 611424 314734 544372 828853 522285 866024 487124 760958 835585 598650 952617 629142 140685 952466 773876 624103 963562 70677 651626 697071 608543 946983 697255 570798 187605 406974 1054476 207235 456491
354622 454733 198419 863183 436540 543350 174461 581062 738952 878796 396273 562845 780741 56823 407599 591856 486047 593648 663445 825786 736464 641799 920675 487019 348940 293639 742771 122104 376512 797415 103131 365107 441982 414364 160463 629284 191109 334499 863254 1037600 400824 763881 868682 875134 435163 999999999 315572 382272 488328 529530 524566 733337 647376 569145 287133 268052 617825 651045 331321 407894 556208 592776 729080 365806 605473 340691 623955 887977 784164 118183 465097 480239 543435 457517 832430 635392 704809 769586 1037388 409895 203346 755738 357824 575734 823291 785150 350091 837192 364524 611181 382623 888817 763508 615377 300529 363905 725256 894307 546966 415525
144206 648199 254622 736012 121716 257874 472626 501139 585031 814152 142669 743479 638278 343639 340281 367985 750492 493577 530424 702060 469826 334636 951201 249015 223465 593799 549576 268383 65998 632030 235285 636229 126430 226361 254194 412770 256782 549413 869623 1035555 593598 767965 828750 653209 654294 315572 999999999 81696 533946 640649 545222 693714 708080 826745 28642 93823 808706 770939 131950 189187 342419 325395 585142 542584 582345 583569 497151 666661 597813 428338 426950 295722 604468 325450 654284 582364 437537 804879 1030206 276570 131907 464642 101874 786561 561604 620405 97081 575772 589801 450334 70591 902858 478219 421240 109488 649298 796003 611328 676562 352149
107144 729889 336316 775845 88793 252148 546072 558846 621467 867108 78327 824895 676377 415954 313063 390000 830124 547321 574677 743567 463914 299210 1018804 275986 291319 667679 574450 315465 79527 663515 310921 714798 80059 277371 292747 435028 338437 630724 934510 1097393 675293 833831 886322 663675 735780 382272 81696 999999999 609002 719516 617363 753692 781964 907077 106893 174472 890232 849426 197862 131653 370756 327212 624454 624265 647608 663952 544370 677038 623444 498278 494962 339394 679785 381495 681025 642565 432625 874623 1091229 236975 183043 441549 153503 868254 555425 652434 152297 569334 670958 490305 76160 968538 459324 451763 183603 726202 870000 590586 756255 419990
669585 271743 322886 461262 583588 543518 452446 211843 404797 414725 676583 302462 417051 443044 826689 444758 470430 246580 328080 426715 607680 664994 437465 438805 322268 495839 469699 583197 539079 462385 425581 428393 601864 369064 609616 447694 326768 289018 374976 549356 253851 275885 390747 613372 322259 488328 533946 609002 999999999 139996 48460 265567 175088 503650 519243 442764 364892 253332 413197 720715 415393 527061 383514 221464 147915 347724 299352 622083 485880 481056 144277 357629 70850 284160 507562 201939 588864 285703 549065 788342 547725 685341 463337 381360 656429 452658 461932 665997 314028 347353 545358 401338 673643 403342 425731 472895 262510 764878 186544 204736
767624 171788 403028 561402 704507 678452 446092 344093 529994 475542 781444 168024 533948 476523 904862 584688 371271 379926 457671 530331 747512 801017 407589 573875 444176 453998 602453 639738 655145 584371 490809 361921 721959 499560 671473 587459 404617 244249 375247 540753 182401 296290 433776 743432 229813 529530 640649 719516 139996 999999999 171885 337581 141405 387819 622193 547030 226978 130745 529978 821369 554973 665609 507346 181111 253342 291370 432663 751321 614257 490172 283519 494852 96054 421392 629819 312753 728854 266613 544811 876927 631479 825234 581838 251388 794614 575712 579334 803838 251107 485221 661826 390723 813638 542742 536693 408881 200976 903838 46677 337946
684236 316884 350109 413082 585186 531592 497555 172303 361550 368584 687666 339000 371147 481560 849007 421060 516868 208061 286885 378749 579717 650826 411978 427520 326755 543785 430846 614401 544532 418045 455911 476797 603934 364485 638974 419726 354746 337463 342229 516170 301488 240747 347718 572818 368770 524566 545222 617363 48460 171885 999999999 219212 166754 547428 532735 456549 398850 269285 419743 733724 394229 508662 339663 269914 99462 396180 260838 581071 444272 523787 130767 343598 82233 271327 463395 154010 562758 261849 514763 806616 569805 661207 467938 420391 623607 408672 467335 632585 362340 314373 550477 370995 647872 373909 435897 521349 254267 733577 218149 201315
837828 507318 546108 234205 700445 599134 716701 195492 266639 149376 830124 493875 242024 694261 1021618 447789 708438 213686 233619 209942 565732 700163 290458 508083 471883 760256 362794 812458 674965 300932 654819 685645 719848 477289 832617 424348 551980 550577 193708 344246 505192 115717 138016 475127 564102 733337 693714 753692 265567 337581 219212 999999999 224227 723384 688259 616606 538590 363046 561776 880901 437302 550001 243326 481961 127910 607328 239849 478928 350928 741434 278526 425558 249838 372436 342301 111368 560500 193233 337592 968216 747259 661908 600447 579284 577204 296956 602389 581786 570715 312152 679498 230405 640760 378473 587190 731548 262425 689698 372948 347801
844570 309417 495120 458068 751817 694828 581349 304712 461257 346746 850747 274670 451640 597616 1000332 573448 503100 339413 401839 431813 722558 811932 274327 591602 492490 595150 547296 749749 710271 507725 594285 502784 770512 531035 778266 565266 498444 384433 234007 401791 323806 158252 298468 677635 367726 647376 708080 781964 175088 141405 166754 224227 999999999 507535 693975 617500 315067 139866 584933 895441 550293 666551 437307 319093 189684 432745 387621 683506 548338 621199 296812 506627 107142 435723 552028 242159 709309 126891 405005 963271 721812 810114 633868 359252 754532 501190 633012 761749 392512 452940 716329 251048 794087 517827 599324 549761 88039 867041 162002 368054
910913 232963 578309 949212 928149 961493 399795 714973 908387 854235 944183 233426 917915 516562 972590 913136 84194 748906 831471 917898 1082407 1083571 711175 865048 705234 303109 970771 688695 867944 965449 602154 204582 941023 779089 727878 927738 574422 283548 718124 855224 266704 663805 804540 1115803 192276 569145 826745 907077 503650 387819 547428 723384 507535 999999999 800233 741678 212391 389286 762246 966574 878081 972590 886875 317813 638650 243176 801216 1124901 989237 462914 624013 803498 482223 736648 1010766 697575 1058298 609649 864419 978983 754871 1144563 811642 152365 1144049 955968 806110 1154999 241810 841370 875125 720514 1139165 888594 751442 217997 519493 1246591 350450 648739
151771 624541 230952 739757 149669 279191 444090 497526 590625 811956 159258 721076 643013 315018 338111 380208 723515 492006 533034 705205 489451 360806 941018 261208 216408 565319 559621 243678 91691 639351 206896 608743 154973 229105 231911 424526 232629 524026 861142 1028568 569641 759069 824265 667578 629268 287133 28642 106893 519243 622193 532735 688259 693975 800233 999999999 76481 785937 752764 129334 201476 352715 344057 589582 519103 574230 557091 498622 681018 607390 399700 417742 300562 589399 323994 663266 577105 457076 793529 1023659 279957 108428 488151 110429 762510 580927 627563 104179 595115 564156 455203 97047 893873 500814 430007 101072 621305 781698 633932 657101 343530
227688 556693 164558 680895 187746 275350 406023 428488 536004 743809 234859 650587 586405 282771 405550 343794 667544 425743 473208 645416 473598 376682 865589 228997 145922 524749 514981 259098 126538 587958 171738 556428 199548 175508 258812 385949 167696 461412 786749 955198 502594 684463 753420 633197 565189 268052 93823 174472 442764 547030 456549 616606 617500 741678 76481 999999999 716095 677429 74008 277957 311981 328084 532729 450971 500377 498953 437079 646504 561237 369911 343380 248576 512946 259559 615358 505887 441455 717632 950658 353003 143061 487836 89776 695499 562824 575900 82055 576930 502388 400343 133685 819135 496297 383950 38821 573359 705217 627937 582752 269909
