NAME : synthetic_000160
TYPE : CTSP-D
DIMENSION : 100
GROUPS : 8
RELAXATION_LEVEL : 1
EDGE_WEIGHT_TYPE : EXPLICIT
EDGE_WEIGHT_FORMAT : FULL_MATRIX
EDGE_WEIGHT_SECTION
999999999 479487 384663 1002641 97977 857938 567512 429858 838573 591067 804819 263126 782981 818254 474043 496251 904048 444157 568498 35046 272843 811059 754038 64825 270743 478663 677620 50863 777298 610177 399087 238591 377260 503286 813036 783056 858328 537189 638035 178412 351340 553213 488230 571336 686493 259754 130223 1020128 487658 324796 886570 866831 338368 519871 545466 533007 551627 312602 401947 296955 736940 347562 389563 70004 458560 387426 693611 524516 769446 753429 936313 577151 530707 312191 655599 755709 703841 163019 847072 322501 944036 470120 212139 849930 523442 438295 972040 454205 907219 716074 928921 386062 263044 259754 915407 418828 779026 414675 502583 907803
479487 999999999 779264 607096 463930 951018 326423 121195 949959 312240 474728 300820 355321 829492 45076 45252 656205 901245 707760 511601 561334 817320 881701 424736 667810 517370 873416 483587 407870 259008 570541 348916 120944 704210 538356 771419 431722 835734 238047 301262 318242 613370 707215 132256 883457 345428 360578 650170 125049 448099 468117 981536 355027 250820 296011 176954 721390 343660 210072 741417 833892 136170 798150 548622 883117 654595 843288 163588 558906 745052 643330 657446 831369 650982 516255 875710 828567 431582 464476 741597 605038 378151 292646 742247 174807 659660 999248 723058 556860 812668 985991 830805 412566 664634 643509 697586 587991 706729 354965 492120
384663 779264 999999999 1150614 476132 631865 704111 685329 601336 741646 928373 640656 988896 669465 756097 777823 943378 196883 395262 353832 229780 668298 522436 399116 117473 458692 405834 345312 936545 799080 319205 621914 658970 302980 892679 662973 1053192 208553 850143 518638 733218 464591 277406 825145 411180 441383 442190 1142345 732195 379650 1070091 621399 469663 697069 697852 882324 356225 696353 766682 128496 537065 672127 31957 335804 115491 206028 459449 750856 811743 639493 1005625 456526 202081 138778 682426 530357 489218 545274 1004410 71850 1049762 561869 578141 790485 873534 263756 778247 207049 1028146 522897 718686 125725 381076 126024 971597 188955 803795 170385 612058 1086079
1002641 607096 1150614 999999999 1025351 939300 452357 588153 960635 419714 223563 899887 254525 769399 581710 566434 329344 1327928 859436 1025476 929085 757122 937799 938035 1072957 704165 1009333 982995 225616 393239 838312 945802 651132 919535 289204 713496 184410 1093558 378164 848813 925273 743018 938434 475701 1016920 761177 872989 77157 531657 776323 144664 985006 700600 484287 466275 729338 897002 949891 814606 1174700 875144 724548 1179577 1060517 1266062 955585 940308 487753 391869 706760 242801 777697 1092782 1013773 499697 925413 904030 1012928 155573 1147198 145037 589660 872424 573324 733822 917416 888183 994073 134519 863460 917298 1248799 796970 1077485 283655 988779 420395 1006002 540562 120870
97977 463930 476132 1025351 999999999 950979 608177 439237 932636 626476 839248 199520 793100 903962 467798 488795 956373 512976 661179 123234 369073 896157 848374 130941 365030 557653 774666 147929 802456 632759 489902 162906 379296 599004 858435 865794 869990 634788 651399 176577 274955 638024 584686 571977 783623 319463 170545 1049684 497156 404266 901160 961303 399930 551408 582931 484789 646182 232241 346167 377778 829000 327765 478189 142201 541233 484738 788672 538719 824674 835947 981061 664800 628276 410003 717975 849583 797472 69973 870716 410725 979561 528543 172877 922401 474992 534157 1061057 552031 939582 807835 1019976 463293 338807 353221 963689 516674 837670 512645 554430 923522
857938 951018 631865 939300 950979 999999999 663763 830369 36646 698658 748580 1015166 924013 170241 907837 919663 619230 812401 289811 846512 587775 182254 110207 822933 664469 441705 230522 807360 812270 783870 462013 1026425 855991 360826 656241 226631 949010 432966 848269 869525 1106644 343606 381096 901873 227733 684755 811643 890211 836571 567774 941390 46840 626948 721479 685200 1120527 308142 1090082 1072076 748063 124190 928176 659910 854214 702533 485181 174223 818051 554724 238440 707612 303443 438290 583690 487788 104639 154687 1001225 852150 688571 796867 572989 942771 372805 1115725 424654 155277 438507 807295 146219 89445 754424 633328 678701 664269 469621 522188 482948 601851 943760
567512 326423 704111 452357 608177 663763 999999999 227163 670121 40646 239523 534494 297680 522430 281735 284933 357228 876662 475049 586079 478681 509564 615368 502947 621438 286490 643158 541126 232637 122616 403770 571666 284081 509478 251223 461507 353106 675813 187464 438735 594443 359644 523120 243010 652486 313993 442574 457739 201409 325809 366771 700684 248616 76836 31352 502920 503362 602181 510706 722450 558815 373917 731974 619196 819468 518302 592410 167169 239929 438168 373105 403430 673708 565835 193312 606470 567136 612868 301439 696330 377067 144426 484200 416207 501162 491126 688252 567421 342859 539939 684028 797723 344883 625564 358225 555658 265311 571325 93525 382086
429858 121195 685329 588153 439237 830369 227163 999999999 828939 224330 419147 321336 354755 711804 80898 98586 577598 823142 587349 457835 460340 699840 760508 368068 579026 396252 753800 421880 369190 200699 454847 363894 64338 587002 463990 654688 431215 724778 212173 263088 370659 492178 591310 144784 763820 244140 300897 618164 58187 335118 461931 860528 239384 150895 195820 292259 602054 383002 283558 662217 712825 150292 706825 494774 793762 545188 722386 100441 466785 627707 578841 536257 720752 551980 407712 754521 707395 424895 435130 654807 557603 258002 285127 635832 288471 545224 882006 611481 513294 691560 866874 749119 307989 577785 571899 587946 492420 598412 238661 484301
838573 949959 601336 960635 932636 36646 670121 828939 999999999 706064 765759 1003246 936600 194942 907321 919906 643648 779738 272994 825946 566999 206020 84838 805677 637996 436322 197488 787829 826956 791305 445763 1012898 851975 337895 675510 247222 964213 400285 856000 857007 1095683 338329 356880 905702 194016 674065 797098 913440 837678 555731 957952 31623 619397 725109 690306 1117559 287064 1077785 1064737 719225 116276 921915 628884 832348 669441 461298 147886 821061 573238 255357 731614 296153 405773 558358 499435 83169 135546 984474 869086 659468 819201 572874 930551 398809 1112480 402485 191384 411427 827823 137947 124840 723030 620358 652335 688272 443457 541661 456036 604292 961144
591067 312240 741646 419714 626476 698658 40646 224330 706064 999999999 213844 540497 257100 553757 268686 268797 353293 912052 515219 611247 515052 540757 653015 526269 656810 327129 683036 567193 196894 85253 443667 579821 285310 550121 241012 492314 313561 716252 149977 453953 594881 399367 563706 216300 692318 342256 463977 429806 189163 362491 328490 736393 281402 77197 46627 486739 543839 605629 505507 756707 595763 374172 769162 645190 856867 557707 631358 148991 246801 470054 359482 442913 714107 603123 220443 643862 605389 626954 266675 732133 353659 184089 494465 436472 485717 531408 717683 607594 316199 577229 716008 833304 377736 660490 349097 595411 275858 610917 133361 344568
804819 474728 928373 223563 839248 748580 239523 419147 765759 213844 999999999 740477 207948 582558 438385 429728 208633 1108095 640312 824560 709120 569588 733396 740040 853797 480664 795161 780067 86276 220360 614891 782692 483312 697250 102555 522631 205939 870925 240072 665269 783702 522756 715684 347524 803205 553462 677792 218596 369958 557006 193208 792508 486943 287841 259407 630851 676738 800372 683032 956975 671164 567477 957658 858130 1043725 732194 729524 323458 195157 510643 170795 559269 870013 792238 282139 721724 695346 836671 103646 927183 140355 369436 700835 405296 632601 693927 721977 770632 103372 657365 739998 1028848 582693 858978 180686 765222 229936 782467 321860 195393
263126 300820 640656 899887 199520 1015166 534494 321336 1003246 540497 740477 999999999 652803 935978 318953 336154 891524 705285 732271 297721 478781 926069 922658 242335 523682 583338 872424 295781 687506 521309 562210 48578 257306 690789 781497 888040 729938 767094 522320 146856 96443 677438 682804 426338 882146 331160 216257 935830 372605 447580 764997 1033918 398392 463665 504556 287072 728328 75601 146995 560042 890994 175543 648862 328096 720998 595829 869287 418816 771194 858435 898824 713417 761146 545815 687034 921000 868898 144371 750748 582727 878618 502138 73045 910172 277261 630037 1102990 668259 833630 868948 1072273 649139 383221 514646 889569 634766 791855 635961 510050 788644
782981 355321 988896 254525 793100 924013 297680 354755 936600 257100 207948 652803 999999999 764997 334024 316799 415414 1149735 768595 809455 759591 751787 892688 719934 896274 583772 934303 770734 123127 189817 699557 699842 413883 807020 308872 703292 77364 973223 145613 617578 672633 651036 820799 226493 943294 564080 653019 307558 296570 609916 112814 965391 519951 291861 295291 476070 799002 698975 560881 990751 832588 479073 1014954 845942 1103132 812040 877806 258583 388619 686618 363162 693185 971008 850180 437226 882345 848505 773420 135386 972673 290199 440233 631949 603733 480206 788114 915178 864023 240328 815926 926423 1072257 613016 898174 383135 850714 424790 865722 389971 136893
818254 829492 669465 769399 903962 170241 522430 711804 194942 553757 582558 935978 764997 999999999 784949 794045 449223 862913 277309 813631 565052 13223 201389 773049 672364 353533 318746 769820 649843 637855 423488 954418 746575 368472 488016 62021 785321 497576 700864 795586 1022009 265972 393568 764991 321312 607350 748578 719977 709117 501536 775750 216558 537760 587563 547283 1004023 313716 1011571 972669 769351 150145 826353 700427 828445 759659 486380 239919 684658 387664 84704 537485 242248 501187 587806 335206 187784 199198 945185 686192 713579 626697 455874 866088 203887 1000260 421029 170479 462729 637867 155174 162723 795185 568436 685389 494136 485718 354139 502818 474553 777075
474043 45076 756097 581710 467798 907837 281735 80898 907321 268686 438385 318953 334024 784949 999999999 22519 615315 885510 668023 504753 534327 772734 839967 416116 646867 476250 834665 473418 375432 219915 535115 365825 99865 667684 498050 726702 411279 803551 206449 298041 347517 571534 671689 107565 844681 317460 350110 620978 80348 414346 446057 938869 319431 205894 251187 222011 682946 368882 244717 724922 791390 145326 776253 541950 862257 623217 802677 121009 515486 700453 605486 615834 799391 625141 471206 833737 787073 441725 435132 721714 571353 334848 300561 697348 219747 625152 954586 690432 524023 770286 941847 813376 383336 644566 604056 666109 544126 676026 310398 469691
496251 45252 777823 566434 488795 919663 284933 98586 919906 268797 429728 336154 316799 794045 22519 999999999 611126 907944 683599 527074 555423 781700 853639 438518 668916 490815 850874 495895 363893 213778 553416 383505 122360 685330 493190 735238 393830 823044 194139 319918 360152 585265 689844 90783 860869 338550 372574 607627 85226 433515 429264 951403 337965 210533 255076 218243 699439 383459 254105 747329 804198 164361 798156 564267 884277 643071 817455 119810 515100 709417 598142 629767 818960 646438 476373 847152 801022 461388 421771 743862 560739 347036 320553 701137 216960 643806 963231 709811 512822 783253 951916 835718 404026 666709 598264 685907 544653 696070 319946 453067
904048 656205 943378 329344 956373 619230 357228 577598 643648 353293 208633 891524 415414 449223 615315 611126 999999999 1135614 592682 917138 748102 437721 632148 841422 891410 486632 720906 870110 294907 397874 625318 928874 638302 669457 118813 398096 400333 841103 434987 792509 948171 488501 692319 538209 727149 644298 786874 272347 538768 608282 376452 665734 566441 428734 386968 822786 634194 958233 857089 998230 570356 727426 974744 946568 1054998 737703 645739 494565 136746 397149 88781 512091 841831 817544 263886 619004 606280 966869 293284 957982 184347 434686 841044 247476 823414 685723 559100 757601 209769 562304 590455 1057422 652886 899610 45913 761854 139588 780513 402431 368979
444157 901245 196883 1327928 512976 812401 876662 823142 779738 912052 1108095 705285 1149735 862913 885510 907944 1135614 999999999 590997 409116 399005 862353 705198 483797 255256 649174 582254 423576 1108815 961253 510321 674670 785723 498889 1079381 858762 1218030 379484 1006766 612164 787608 660880 473275 967293 585961 587268 542807 1324650 875376 551608 1238175 796603 632126 859589 866603 975791 551116 745218 846099 160926 726093 779188 164961 377213 111818 401143 644115 900674 1002369 835745 1194924 653408 374111 319023 872989 714366 676993 581344 1178069 180922 1234093 738756 655980 987354 966341 460463 962968 402526 1209589 713413 900945 79274 537161 251945 1162222 385830 996217 367223 787385 1255693
568498 707760 395262 859436 661179 289811 475049 587349 272994 515219 640312 732271 768595 277309 668023 683599 592682 590997 999999999 558111 300526 274818 190606 533248 395915 195379 169630 518062 678695 596196 172777 740503 600203 92294 574434 267783 813628 250025 660014 585610 825757 118531 117856 686583 179345 406045 524300 831667 607019 286204 817762 302859 360044 511097 486449 866581 42547 806327 801615 492043 168692 662403 426765 567700 492398 209906 138880 600149 477066 245085 668612 82122 251453 311579 359741 189916 137501 711786 735736 436513 734319 347323 659351 403496 860623 144823 409593 188476 726304 148382 361592 520598 349065 409218 628949 208864 458149 226397 390563 827171
35046 511601 353832 1025476 123234 846512 586079 457835 825946 611247 824560 297721 809455 813631 504753 527074 917138 409116 558111 999999999 258949 806917 741187 89770 241816 480072 660283 47444 799902 634036 391572 271898 407055 488975 829004 780695 884282 513064 664136 211246 384967 550102 472606 600427 668931 274380 156941 1040942 515273 327397 911753 853636 350709 541622 565218 567916 538939 345502 436985 262659 726803 380741 357424 37200 424804 370091 679861 550875 781701 751296 952230 571646 506491 289325 665114 743449 691978 191567 869936 290119 963110 482472 247145 853743 558363 423979 964445 434586 927375 706298 919496 351425 269153 230125 930053 399182 789792 393747 517434 932663
272843 561334 229780 929085 369073 587775 478681 460340 566999 515052 709120 478781 759591 565052 534327 555423 748102 399005 300526 258949 999999999 559638 482249 249204 145296 266105 405983 221985 711254 569820 143668 474651 440406 230508 683518 538914 824836 290475 620374 337335 575221 310791 215613 597543 415085 216879 262833 925982 504756 152922 842871 594768 239943 467734 470385 682215 279999 546766 582360 251020 469009 467600 255366 267174 343542 118243 421144 521691 612359 510682 801565 323783 284888 92227 484278 484524 433155 426697 780051 218143 836244 339751 407768 634726 674161 165487 709229 189795 810796 448905 662080 319791 152851 152069 771111 155987 610495 157932 388532 859540
811059 817320 668298 757122 896157 182254 509564 699840 206020 540757 569588 926069 751787 13223 772734 781700 437721 862353 274818 806917 559638 999999999 208548 765220 668914 344211 323489 762850 636696 624801 417516 944937 735065 366494 475279 48822 772230 499159 687763 786136 1011715 258175 391751 752197 326423 597957 739898 708134 696730 493178 762769 228349 527736 574958 534535 992021 312167 1001649 961561 766693 155022 815200 699407 822211 759814 483099 244297 672027 374756 72289 525849 236188 502618 584325 322074 194897 203166 936737 673228 711327 614617 444271 856392 193246 988309 417758 182197 461351 625403 158282 175890 793977 559979 681815 482499 483585 341349 500890 462357 764180
754038 881701 522436 937799 848374 110207 615368 760508 84838 653015 733396 922658 892688 201389 839967 853639 632148 705198 190606 741187 482249 208548 999999999 721877 554552 364761 127523 703264 788278 737765 362916 931100 779957 253071 649218 237071 925978 326564 802678 776088 1015813 268435 272280 845194 127192 595028 714783 896215 773009 475781 922930 112962 543833 665102 633112 1046350 202421 996844 988395 637907 62654 846995 550849 747511 596225 376657 64048 759521 546241 234999 717964 224271 331560 474254 457396 13659 54271 900824 835437 578475 799995 507782 849790 396788 1040919 317648 257881 328378 803580 76803 196331 645639 539447 568824 675037 359766 517631 372866 543113 928092
64825 424736 399116 938035 130941 822933 502947 368068 805677 526269 740040 242335 719934 773049 416116 438518 841422 483797 533248 89770 249204 765220 721877 999999999 281808 427275 654245 60241 712632 545799 361034 229411 317844 475539 749140 734954 794949 530033 574723 128389 336776 507098 463135 510816 663512 197527 67172 955303 425511 273587 822768 834823 277217 455072 480713 493320 520463 303387 369554 328874 700283 296776 408936 126747 484922 367271 663348 461356 707387 705124 872398 534245 523846 305991 595556 722516 670217 179121 782462 344064 879323 408448 179374 794612 484024 411387 930676 437675 842408 678930 890461 419479 208751 273343 852012 402913 717911 401639 439397 843850
270743 667810 117473 1072957 365030 664469 621438 579026 637996 656810 853797 523682 896274 672364 646867 668916 891410 255256 395915 241816 145296 668914 554552 281808 999999999 406260 452847 229065 853559 707202 272675 506160 548453 308391 828712 655121 963657 279902 754407 401425 616799 436279 285425 721273 460132 337491 325205 1070992 628515 296838 983259 662035 377340 605297 611424 765875 363966 580680 649251 106918 556048 556963 131058 228767 215429 186063 490560 650716 756219 628674 946370 439731 273133 84592 627550 559984 512761 433074 922826 76565 981504 484366 460701 765325 757006 251372 800741 226690 955729 538573 746580 176569 283271 14550 915397 194858 753069 182046 532544 1000607
478663 517370 458692 704165 557653 441705 286490 396252 436322 327129 480664 583338 583772 353533 476250 490815 486632 649174 195379 480072 266105 344211 364761 427275 406260 999999999 364903 433623 504788 404924 139491 600905 415792 223399 435215 309717 635027 393180 467734 442065 671207 98160 238521 491208 374674 253818 396823 688548 412559 154011 643738 467919 186929 316416 294410 681847 218677 658927 630704 513165 320174 486474 489629 501318 572175 255244 326657 404772 353349 279774 546933 140699 391694 330923 223941 359359 311318 594315 567453 471418 594027 152268 512870 375191 676567 213264 519652 290023 576298 298378 490851 570829 218890 415284 513252 285410 347526 303131 197582 655862
677620 873416 405834 1009333 774666 230522 643158 753800 197488 683036 795161 872424 934303 318746 834665 850874 720906 582254 169630 660283 405983 323489 127523 654245 452847 364903 999999999 626960 839846 764867 314291 874650 762827 181656 720719 341948 976218 202799 828947 726045 967963 283757 191201 856016 10073 557338 658037 975000 775559 438039 978039 215726 521234 680705 655508 1028010 152232 944212 954530 526829 168617 819698 432562 661520 472085 290326 79454 769600 619415 331782 803036 241121 208319 378413 513093 139021 121006 832541 893713 466689 877606 516947 799541 499905 1021624 243511 383534 228494 874984 167001 319635 526179 494554 467383 761234 263197 595266 272383 559959 985999
50863 483587 345312 982995 147929 807360 541126 421880 787829 567193 780067 295781 770734 769820 473418 495895 870110 423576 518062 47444 221985 762850 703264 60241 229065 433623 626960 999999999 757382 592781 349328 277127 374377 452423 782777 735758 844882 489330 625169 188631 387915 505431 437413 565763 635867 228287 123365 996999 478587 280525 871494 816034 303768 498753 520958 553120 500846 351654 427666 269286 686596 356774 353098 78072 426907 336874 642769 512445 734544 706250 905948 528252 482921 264027 617691 705000 653178 210192 827570 287210 918184 435424 236768 806805 543780 387432 922448 404189 883072 665809 878778 359803 221738 219331 883387 368858 742444 365208 470998 892058
777298 407870 936545 225616 802456 812270 232637 369190 826956 196894 86276 687506 123127 649843 375432 363893 294907 1108815 678695 799902 711254 636696 788278 712632 853559 504788 839846 757382 999999999 169862 631755 731785 433254 726861 185818 588683 137703 897966 169828 626254 722946 560164 743171 276841 848401 536266 647856 248975 315076 558423 139335 854885 478178 258711 242916 555404 712351 743041 617872 953592 726960 512300 964549 834905 1051954 747870 778615 269320 267833 573904 251613 599920 896434 798401 330982 777273 746841 793364 70369 928714 197613 375220 654277 482302 557840 716027 795976 792907 148993 711567 809944 1029993 574442 857345 265833 783762 303855 800086 324642 151292
610177 259008 799080 393239 632759 783870 122616 200699 791305 85253 220360 521309 189817 637855 219915 213778 397874 961253 596196 634036 569820 624801 737765 545799 707202 404924 764867 592781 169862 999999999 513071 564490 265027 626141 279585 576214 256976 788592 64913 456454 563445 481724 638232 143418 774272 378013 480212 418367 149637 420200 279901 821646 330352 102103 110583 425679 623175 580125 464402 802968 680808 347424 825186 669646 913353 623888 714969 103120 310825 554480 385672 525730 786061 660364 303313 728740 689724 623749 238071 783490 357332 255860 485219 512288 425952 602879 800540 677995 312605 662146 800320 883444 424134 709436 384530 663240 343366 677812 207502 299676
399087 570541 319205 838312 489902 462013 403770 454847 445763 443667 614891 562210 699557 423488 535115 553416 625318 510321 172777 391572 143668 417516 362916 361034 272675 139491 314291 349328 631755 513071 999999999 568643 455077 135464 574052 395455 756845 276772 571745 415354 656730 167320 136677 574173 324273 243153 351980 825835 486081 124897 769110 475504 215727 415281 404367 717314 166253 635563 640243 378859 339267 506624 350148 405059 432899 117325 307368 490216 492724 367088 686423 181331 273809 193541 363341 362653 310238 539219 697089 334021 732116 259600 489167 493830 710536 91646 573134 164973 712613 317984 530176 432348 180703 283055 652622 152076 485896 168375 310331 782944
238591 348916 621914 945802 162906 1026425 571666 363894 1012898 579821 782692 48578 699842 954418 365825 383505 928874 674670 740503 271898 474651 944937 931100 229411 506160 600905 874650 277127 731785 564490 568643 999999999 299570 693546 820492 908437 777065 759217 567845 158845 113319 692759 683863 473353 884212 347105 217048 980467 416713 459193 811816 1043178 419181 502692 542312 331343 733793 74528 190261 534179 902298 221324 627944 299122 696689 592739 875916 462601 806146 878644 938997 726883 753074 535399 717338 930142 877810 100842 795802 561020 921480 529935 90978 937872 321564 631254 1119756 664371 877078 880363 1086549 621917 393124 496152 928439 630114 825509 629870 541537 835372
377260 120944 658970 651132 379296 855991 284081 64338 851975 285310 483312 257306 413883 746575 99865 122360 638302 785723 600203 407055 440406 735065 779957 317844 548453 415792 762827 374377 433254 265027 455077 299570 999999999 589903 525989 691470 490904 716462 273805 204747 310449 513649 591437 194574 772898 224835 251306 682218 119494 331128 522784 883590 241628 209705 253077 266591 610610 320395 231690 625204 735734 89864 678371 444238 763878 534995 737717 164064 523875 663531 642001 556424 711967 530071 455911 774967 726104 361856 498739 622878 621913 290870 221410 684101 260981 542737 917046 604226 577627 714039 897880 713840 292280 545771 634039 577996 547893 586711 281060 545514
503286 704210 302980 919535 599004 360826 509478 587002 337895 550121 697250 690789 807020 368472 667684 685330 669457 498889 92294 488975 230508 366494 253071 475539 308391 223399 181656 452423 726861 626141 135464 693546 589903 999999999 640242 360009 858204 174420 687745 544389 786307 181465 25615 700372 191427 378035 476711 897388 614845 260360 866083 364916 349247 533270 515626 852738 55672 762735 774481 401530 247954 641989 334515 494499 401483 124711 190950 614951 547239 336891 741409 160359 174174 225155 423354 256454 206662 654498 787940 345165 800789 370541 617893 492367 845984 65033 492532 96432 788498 230190 439809 428307 313893 322142 703301 117289 531984 134397 418823 877509
813036 538356 892679 289204 858435 656241 251223 463990 675510 241012 102555 781497 308872 488016 498050 493190 118813 1079381 574434 829004 683518 475279 649218 749140 828712 435215 720719 782777 185818 279585 574052 820492 525989 640242 999999999 429610 307643 814621 316373 689953 834486 460364 660778 419413 728170 554626 691122 257449 422623 535931 291734 701106 480482 317902 278936 704054 613360 846384 740949 934375 586588 614258 923136 860381 1006900 690451 651143 377733 102988 420367 123280 492335 814401 760549 216893 636986 614841 864083 202517 899165 160548 351984 734268 304374 704748 645468 622065 720804 154691 574495 642727 1000287 572328 835459 108088 719698 134053 737748 311951 290510
783056 771419 662973 713496 865794 226631 461507 654688 247222 492314 522631 888040 703292 62021 726702 735238 398096 858762 267783 780695 538914 48822 237071 734954 655121 309717 341948 735758 588683 576214 395455 908437 691470 360009 429610 999999999 724552 504733 639071 749900 972256 230732 385605 704318 346148 562223 706538 666528 650149 461622 715704 271727 489805 527703 486836 946642 308006 963523 919257 755559 177799 772817 694524 797732 759099 470761 262715 624661 328265 29943 485408 216188 507613 570723 273331 223566 221194 903982 626270 701849 572012 400643 819191 159922 943102 405928 227998 456255 580978 175133 224704 788143 527828 667521 442136 475531 295558 493491 416560 717563
858328 431722 1053192 184410 869990 949010 353106 431215 964213 313561 205939 729938 77364 785321 411279 393830 400333 1218030 813628 884282 824836 772230 925978 794949 963657 635027 976218 844882 137703 256976 756845 777065 490904 858204 307643 724552 999999999 1027370 220297 694234 748261 695199 873425 303721 984881 634617 728207 245865 373074 673548 39848 991940 586387 358443 355672 545545 846235 775333 635754 1059932 864657 556393 1079988 920592 1168010 871259 915871 333870 399780 710572 335031 735733 1025513 914431 468654 914976 884385 850752 107241 1039799 248883 497487 709287 611234 550253 843570 927691 920114 202621 849263 944318 1140053 680870 966137 362381 908764 435157 924401 446616 63596
537189 835734 208553 1093558 634788 432966 675813 724778 400285 716252 870925 767094 973223 497576 803551 823044 841103 379484 250025 513064 290475 499159 326564 530033 279902 393180 202799 489330 897966 788592 276772 759217 716462 174420 814621 504733 1027370 999999999 848103 627562 863339 355058 155281 849564 206771 492823 552280 1071803 760068 389735 1036857 417790 486379 691808 678970 968557 207702 832683 872655 334921 353062 753835 232699 505694 269734 181698 267154 766382 721010 486460 914699 329096 6794 225312 597746 336325 302931 699466 960271 275167 975169 533319 697102 650661 960848 185805 584419 113433 962815 343297 521692 324641 424954 294009 876040 138815 704727 132851 583278 1049029
638035 238047 850143 378164 651399 848269 187464 212173 856000 149977 240072 522320 145613 700864 206449 194139 434987 1006766 660014 664136 620374 687763 802678 574723 754407 467734 828947 625169 169828 64913 571745 567845 273805 687745 316373 639071 220297 848103 999999999 475123 553765 546106 699096 107789 838397 419982 507932 414622 154511 473564 249842 886279 380514 156580 173601 390999 686293 575122 448046 847184 745682 346797 875323 700538 963521 680492 779675 113603 361920 617865 410634 590239 845371 711841 365786 793647 754598 635556 228876 830943 367089 317225 494637 569044 392595 662300 862283 736685 318815 727048 863482 929785 471363 755752 415840 720604 396014 734633 270165 272127
178412 301262 518638 848813 176577 869525 438735 263088 857007 453953 665269 146856 617578 795586 298041 319918 792509 612164 585610 211246 337335 786136 776088 128389 401425 442065 726045 188631 626254 456454 415354 158845 204747 544389 689953 749900 694234 627562 475123 999999999 241919 534138 536984 399034 735806 188259 77026 873960 321171 301758 724954 887571 261468 377799 411872 366297 581485 220790 248962 456476 745335 169544 531251 247975 610077 452689 722458 362227 664523 720074 811563 568822 621846 411053 567492 774595 722421 174389 694292 468145 805613 377869 73817 783923 357154 484237 960984 525445 764693 723330 928318 547109 236686 394613 796617 492731 680961 495255 395263 747195
351340 318242 733218 925273 274955 1106644 594443 370659 1095683 594881 783702 96443 672633 1022009 347517 360152 948171 787608 825757 384967 575221 1011715 1015813 336776 616799 671207 967963 387915 722946 563445 656730 113319 310449 786307 834486 972256 748261 863339 553765 241919 999999999 766739 778712 450228 977722 421893 312670 967779 414250 540097 785407 1126542 484695 520028 563506 247334 822969 45382 115465 647415 982596 220833 740111 412437 809760 692252 963330 460563 834028 942919 947700 803946 857366 641528 759088 1013796 961873 208833 781916 673407 918469 579441 168587 985242 238134 725949 1190255 764698 871446 960513 1161607 735236 476866 607246 942256 731206 857237 732345 581631 809524
553213 613370 464591 743018 638024 343606 359644 492178 338329 399367 522756 677438 651036 265972 571534 585265 488501 660880 118531 550102 310791 258175 268435 507098 436279 98160 283757 505431 560164 481724 167320 692759 513649 181465 460364 230732 695199 355058 546106 534138 766739 999999999 203856 579779 292980 346422 483670 717798 505123 236102 699238 369942 283911 401179 373167 779399 154041 752903 728581 540729 222110 584581 496512 567027 571930 260221 235302 493580 365963 201589 559955 44924 355217 353771 243981 262355 215825 679631 617434 491561 620815 240408 606104 329414 774237 201244 427307 269766 610592 200391 394934 585421 303139 447567 521879 277402 350594 296260 279185 708737
488230 707215 277406 938434 584686 381096 523120 591310 356880 563706 715684 682804 820799 393568 671689 689844 692319 473275 117856 472606 215613 391751 272280 463135 285425 238521 191201 437413 743171 638232 136677 683863 591437 25615 660778 385605 873425 155281 699096 536984 778712 203856 999999999 708076 200591 375798 467620 917619 621250 260485 882212 383065 352371 543762 527955 852491 80052 753930 770579 377062 270646 640430 308920 476675 376063 104430 209151 623201 568868 362503 763361 184936 154350 203011 443935 276480 227824 641640 805115 320302 821277 382372 610133 517613 845527 52767 515345 70833 808020 253492 461531 402783 310188 299347 725622 92605 554396 109272 431486 894114
571336 132256 825145 475701 571977 901873 243010 144784 905702 216300 347524 426338 226493 764991 107565 90783 538209 967293 686583 600427 597543 752197 845194 510816 721273 491208 856016 565763 276841 143418 574173 473353 194574 700372 419413 704318 303721 849564 107789 399034 450228 579779 708076 999999999 865823 384257 443785 517914 92955 462144 338707 936780 365034 180594 217855 284867 707432 474198 342067 806395 791840 252803 847717 637528 935175 673702 814967 86442 454072 680521 517772 624700 846065 689720 435456 837461 794353 548493 332244 797415 474408 339930 407089 652245 285960 665800 931257 736287 425729 771834 926039 892756 444741 720603 521414 715721 486202 727728 302115 362438
686493 883457 411180 1016920 783623 227733 652486 763820 194016 692318 803205 882146 943294 321312 844681 860869 727149 585961 179345 668931 415085 326423 127192 663512 460132 374674 10073 635867 848401 774272 324273 884212 772898 191427 728170 346148 984881 206771 838397 735806 977722 292980 200591 865823 999999999 567341 667656 982110 785481 448071 986486 211071 531307 690367 664994 1038083 162301 953862 964516 532926 171402 829748 437543 669866 475467 299112 83458 779402 626682 336730 809617 250121 212462 386341 521210 139215 124955 841711 901979 472748 884756 526667 809279 504611 1031696 253004 381535 236478 882527 171021 317065 530819 504487 474676 767705 271342 602219 280151 569533 994316
259754 345428 441383 761177 319463 684755 313993 244140 674065 342256 553462 331160 564080 607350 317460 338550 644298 587268 406045 274380 216879 597957 595028 197527 337491 253818 557338 228287 536266 378013 243153 347105 224835 378035 554626 562223 634617 492823 419982 188259 421893 346422 375798 384257 567341 999999999 149965 771313 291346 120124 657697 705051 80484 278731 295664 477860 407536 406542 397297 427286 560705 264705 463495 306145 550920 311128 544640 313635 509919 532344 677850 382353 488139 308044 398963 592544 540895 346076 606629 413895 690700 210939 259689 604720 470602 324823 772856 381568 656736 538621 741141 511012 67869 337551 656000 354067 520489 362189 243181 676849
130223 360578 442190 872989 170545 811643 442574 300897 797098 463977 677792 216257 653019 748578 350110 372574 786874 542807 524300 156941 262833 739898 714783 67172 325205 396823 658037 123365 647856 480212 351980 217048 251306 476711 691122 706538 728207 552280 507932 77026 312670 483670 467620 443785 667656 149965 999999999 891851 358354 247648 756349 827148 230135 391356 419036 441025 516791 286314 325986 384865 687756 236608 455508 193893 535543 379583 659054 394474 654503 676595 814165 515069 546466 334307 547577 714154 661761 197667 717454 393274 817574 358005 144948 754567 432056 414903 910668 452067 779639 665954 874430 475292 180607 318847 795396 418744 667161 420450 384545 777587
1020128 650170 1142345 77157 1049684 890211 457739 618164 913440 429806 218596 935830 307558 719977 620978 607627 272347 1324650 831667 1040942 925982 708134 896215 955303 1070992 688548 975000 996999 248975 418367 825835 980467 682218 897388 257449 666528 245865 1071803 414622 873960 967779 717798 917619 517914 982110 771313 891851 999999999 563802 774488 206599 936476 705531 500496 476108 783068 870771 989744 859742 1174753 833722 760391 1172137 1074992 1257357 942975 903338 518232 355934 662459 183589 749547 1071491 1007499 474106 883450 865648 1042115 185881 1143752 97511 586854 903237 519669 786898 900611 830045 976512 115468 823519 862765 1245376 801280 1076500 226621 973918 380179 991678 540056 184991
487658 125049 732195 531657 497156 836571 201409 58187 837678 189163 369958 372605 296570 709117 80348 85226 538768 875376 607019 515273 504756 696730 773009 425511 628515 412559 775559 478587 315076 149637 486081 416713 119494 614845 422623 650149 373074 760068 154511 321171 414250 505123 621250 92955 785481 291346 358354 563802 999999999 371293 404037 869095 274139 125878 170966 301820 625229 430495 318389 714551 722339 197975 754776 552121 842265 582851 738868 46520 435847 624458 533619 549884 756390 596902 391615 766124 720906 481349 379642 704728 506636 265293 340792 617222 299847 577492 878147 646655 461130 701630 867415 800464 351921 627997 529659 625135 464082 636709 235558 426539
324796 448099 379650 776323 404266 567774 325809 335118 555731 362491 557006 447580 609916 501536 414346 433515 608282 551608 286204 327397 152922 493178 475781 273587 296838 154011 438039 280525 558423 420200 124897 459193 331128 260360 535931 461622 673548 389735 473564 301758 540097 236102 260485 462144 448071 120124 247648 774488 371293 999999999 690697 586499 97171 318544 318277 592451 287600 522341 517171 400329 443583 381921 406757 350533 494612 211597 424631 381361 471564 431747 656058 267939 385800 240911 347168 473703 421788 443657 627139 370902 685963 187647 375033 526347 585649 211695 663028 276382 659133 421573 627636 472479 67050 302024 627863 253850 474032 265584 235779 707058
886570 468117 1070091 144664 901160 941390 366771 461931 957952 328490 193208 764997 112814 775750 446057 429264 376452 1238175 817762 911753 842871 762769 922930 822768 983259 643738 978039 871494 139335 279901 769110 811816 522784 866083 291734 715704 39848 1036857 249842 724954 785407 699238 882212 338707 986486 657697 756349 206599 404037 690697 999999999 985044 606049 379604 372498 584932 851631 811759 673423 1081040 861099 590740 1097453 947788 1185250 884599 915569 363157 388329 703192 306297 738638 1035246 931500 466930 911589 882912 883742 89672 1059078 215995 510911 742396 596076 589543 854333 913767 931138 172338 846457 933032 1159816 701415 986245 336456 921186 422852 937241 460030 24245
866831 981536 621399 985006 961303 46840 700684 860528 31623 736393 792508 1033918 965391 216558 938869 951403 665734 796603 302859 853636 594768 228349 112962 834823 662035 467919 215726 816034 854885 821646 475504 1043178 883590 364916 701106 271727 991940 417790 886279 887571 1126542 369942 383065 936780 211071 705051 827148 936476 869095 586499 985044 999999999 650824 756193 721129 1149182 315219 1108361 1096137 741027 147899 953420 648285 859347 685703 487456 174037 852251 599226 281876 754041 327694 423523 583373 528433 113036 165392 1013748 895979 681060 842874 604367 961168 419523 1144102 429769 187080 435350 852694 169554 119851 741831 650890 676443 710692 468044 567095 479993 635525 987824
338368 355027 469663 700600 399930 626948 248616 239384 619397 281402 486943 398392 519951 537760 319431 337965 566441 632126 360044 350709 239943 527736 543833 277217 377340 186929 521234 303768 478178 330352 215727 419181 241628 349247 480482 489805 586387 486379 380514 261468 484695 283911 352371 365034 531307 80484 230135 705531 274139 97171 606049 650824 999999999 228272 235277 507091 369041 473949 445368 475574 504031 303181 495170 380696 583377 308766 498438 284905 431255 460134 603330 323668 482566 331336 318594 539910 489613 425007 548074 453413 621618 131866 329469 525333 500924 305841 705576 372951 590248 482001 677779 553843 96377 380198 579822 350997 440789 362721 168765 623697
519871 250820 697069 484287 551408 721479 76836 150895 725109 77197 287841 463665 291861 587563 205894 210533 428734 859589 511097 541622 467734 574958 665102 455072 605297 316416 680705 498753 258711 102103 415281 502692 209705 533270 317902 527703 358443 691808 156580 377799 520028 401179 543762 180594 690367 278731 391356 500496 125878 318544 379604 756193 228272 999999999 45639 427685 534820 529521 434241 701717 611325 299205 723099 576387 811273 524058 636456 97173 315910 502879 436673 446008 689005 558385 265846 657188 614691 550278 328998 681527 428168 164208 417285 491454 425618 506037 755509 580180 388656 591410 747526 781633 322431 607695 425943 564048 342004 578161 122174 398318
545466 296011 697852 466275 582931 685200 31352 195820 690306 46627 259407 504556 295291 547283 251187 255076 386968 866603 486449 565218 470385 534535 633112 480713 611424 294410 655508 520958 242916 110583 404367 542312 253077 515626 278936 486836 355672 678970 173601 411872 563506 373167 527955 217855 664994 295664 419036 476108 170966 318277 372498 721129 235277 45639 999999999 472733 512812 571723 479357 710787 577762 342871 725018 598987 812888 516887 607570 138741 271156 462746 399772 417567 676569 559165 221680 624651 583838 585624 312915 686965 398670 145709 455445 446270 470813 493453 714217 569031 362166 558387 708185 787975 331526 614877 386516 555424 296663 570482 96920 389288
533007 176954 882324 729338 484789 1120527 502920 292259 1117559 486739 630851 287072 476070 1004023 222011 218243 822786 975791 866581 567916 682215 992021 1046350 493320 765875 681847 1028010 553120 555404 425679 717314 331343 266591 852738 704054 946642 545545 968557 390999 366297 247334 779399 852491 284867 1038083 477860 441025 783068 301820 592451 584932 1149182 507091 427685 472733 999999999 875947 288906 141147 822191 1001284 214808 896462 602157 976267 787270 1004273 337824 732368 919847 801566 822545 963551 765774 693209 1041189 992571 431141 602115 834161 751898 549803 321153 919001 9812 802258 1174154 858726 702080 979709 1158930 912798 545234 759831 806224 829875 762476 836349 530150 609037
