NAME : synthetic_000376
TYPE : CTSP-D
DIMENSION : 100
GROUPS : 8
RELAXATION_LEVEL : 1
EDGE_WEIGHT_TYPE : EXPLICIT
EDGE_WEIGHT_FORMAT : FULL_MATRIX
EDGE_WEIGHT_SECTION
999999999 451156 262123 546282 333355 661042 342976 573324 868936 71491 601483 439637 584477 885201 82649 252427 488555 684028 193230 261650 280693 458283 364876 436322 461608 436451 276740 312118 464778 231629 973246 751275 410518 453449 457235 500344 678892 273303 580744 776615 455546 535110 534572 333975 226726 303594 486129 160456 211018 858563 244701 443854 143559 312327 129606 39239 228745 688973 164189 454219 353510 318841 408388 866156 99278 412951 684489 219979 784548 655701 434408 355593 666039 488990 679032 389533 198196 307683 534755 541126 83986 962053 512810 411386 60246 650314 450556 194968 300371 710562 399457 87099 329680 118672 790718 359122 435526 611503 544287 522972
451156 999999999 465429 529742 215138 286913 152219 483840 419485 401319 271093 151253 556311 446133 375550 365550 40101 430912 433740 482537 513395 36245 139987 372411 393666 280483 175184 139435 514996 458056 529666 318196 125585 111046 446458 493279 228129 588500 148924 332253 478400 127329 565440 424600 548368 659920 479469 476353 521114 455809 220979 507779 465688 541468 571543 419371 560068 371179 614534 521512 737633 547588 136675 415020 371235 658614 410853 425529 530270 230131 372750 671031 541390 138980 327321 68932 484212 185212 379215 205249 485918 524165 261115 335465 483330 226756 46045 318437 706358 299264 786151 408140 122018 334657 375724 716626 556840 368493 586626 89658
262123 465429 999999999 296945 468888 557411 439036 343413 830732 206706 483432 368956 334207 904419 224848 100050 489404 505175 438957 513121 536251 490547 456686 234377 251061 591022 323528 350998 208410 30570 981661 781823 495733 525724 669374 254482 674010 137344 541101 729438 207999 585830 276236 98124 488840 216659 702721 419378 98721 920553 358640 186810 401690 569436 357121 278490 130548 801892 354205 688574 300636 576256 353880 842218 202693 199244 516030 52096 592302 595694 232136 208853 435554 423974 772756 397405 77259 280431 342552 445333 197370 982019 640476 593177 221648 589110 489756 384206 294902 628052 345280 326755 362986 241741 841122 265805 681118 754342 283988 498719
546282 529742 296945 999999999 640753 452192 586794 87339 759467 480155 380174 380981 38219 891111 487693 299885 531829 300403 697765 772970 800175 565011 595852 160355 136471 756732 476296 483977 92975 325702 948780 795594 618725 629376 879553 47059 665116 392063 522141 661434 90794 654612 58667 212309 768399 460123 915010 692458 388971 953201 545779 113931 674533 834539 652473 552930 409652 900910 651115 920512 535043 841654 393482 786341 463859 321702 325523 328162 351488 537771 160558 410440 155367 415727 855215 481217 374016 395408 179531 387945 492093 962207 774304 782647 514820 531268 571306 612595 555533 534417 566499 593158 485641 485872 869341 484840 926519 888809 78032 510480
333355 215138 468888 640753 999999999 500220 66661 619930 604963 315254 474558 319439 674364 576008 285321 385070 252687 621136 241338 275851 305421 196431 75153 482953 509731 122509 164694 159932 596227 448838 667267 441691 104670 147877 248500 596562 404149 556588 362584 530632 566971 232269 660105 472987 355214 611597 283778 294974 483921 530404 110385 582145 289454 330877 426348 294504 517366 356374 478932 312685 675768 336591 287797 589717 295286 666124 606055 417923 724971 443206 482317 645073 695220 335594 346219 201001 452210 246094 530546 405250 398511 649700 181477 143115 384749 440355 183481 145823 629045 513703 723720 260271 163528 247850 468530 670160 343288 289025 678346 304615
661042 286913 557411 452192 500220 999999999 434833 372240 307349 595265 76587 221664 460235 454981 578407 471396 253897 205385 698423 756280 787698 313670 425544 350135 352051 562882 406879 379864 489911 566173 501889 387933 411401 387201 732084 438615 256511 694737 156198 211090 452116 349510 506990 473826 808758 774062 764356 730900 645096 546555 479012 495049 717201 818017 790388 639372 682833 573778 821323 808406 858008 824519 254357 336138 564239 706721 174771 540803 278030 109262 351978 758142 379944 177181 514660 307734 610369 353927 274029 120270 664967 520050 524712 621323 672556 105118 326858 581133 846819 82232 902513 645684 365192 545114 466530 821842 843186 613200 528454 201215
342976 152219 439036 586794 66661 434833 999999999 561035 556292 311174 407943 253600 619237 545580 281670 348343 191180 554983 286850 331197 361808 138737 21901 427353 453453 170005 118289 102886 548286 422301 635304 410915 67558 110985 313298 543798 356636 539233 301000 476711 517033 195012 609785 430993 402063 600361 348258 334603 467008 516509 98809 535625 326177 389407 449754 306083 502893 365639 498795 379314 669795 395476 222668 544763 286387 638181 539583 390086 658609 382119 426894 626998 633741 268954 344233 134441 432920 191787 468555 338602 397491 621475 201827 205161 387755 378881 126794 176768 627982 451470 718372 281659 102333 240814 447745 658965 409505 316906 628835 241817
573324 483840 343413 87339 619930 372240 561035 999999999 679313 503721 303273 332593 88009 818556 506193 320934 480186 213065 707100 781197 809974 519938 567141 144377 116612 730197 458887 460153 163470 369123 872446 729482 584364 589236 865059 100469 597056 455106 456413 582955 141892 604455 146003 248223 787842 527810 900664 709257 440687 888653 534237 180471 691582 844404 688435 574133 466471 852421 693718 913706 606153 851568 351486 708082 482978 401237 238387 364203 268912 463578 145754 484086 93224 358653 803407 443664 419926 374932 109055 320705 529474 887842 737872 763039 549877 457280 527796 611959 620715 454297 640584 609014 458705 497174 805012 557820 925397 850046 164952 452373
868936 419485 830732 759467 604963 307349 556292 679313 999999999 814617 380296 462643 767320 196493 790819 735141 380867 494826 842781 880493 909460 419838 537482 648019 653807 605517 592236 557073 793132 833051 207333 227921 500358 457535 771427 744447 200823 965987 294179 101946 754651 376332 813841 759037 957910 1043357 795253 890530 907079 335111 639076 796388 881292 932806 990915 838307 946310 475806 1032911 860881 1125696 937997 482699 46900 783591 998818 463091 803543 532017 235929 649635 1038372 679407 407241 416989 479466 870349 576491 580775 392169 896036 236597 528741 674323 896654 242645 430533 732099 1104156 225130 1172655 827351 539503 751012 283651 1095839 910758 564127 835427 347616
71491 401319 206706 480155 315254 595265 311174 503721 814617 999999999 533709 374847 518369 842881 29967 182970 436839 612768 232501 306424 329731 412782 332645 365492 391074 428904 226482 262240 401716 177344 929086 710413 377907 418321 476459 433729 629278 249832 523186 719989 389770 496072 471966 268444 288432 297363 508012 214623 179376 826678 213216 381323 196727 363134 198869 73320 207368 670423 226072 486402 360752 370016 344957 814512 31422 378523 613597 159328 713100 595793 363607 337352 596140 425942 654372 336298 155909 244347 463303 475042 86697 920445 496685 415011 82165 590160 406525 195218 316830 647870 408936 120057 279440 70466 755191 355670 475556 602309 483051 467127
601483 271093 483432 380174 474558 76587 407943 303273 380296 533709 999999999 169240 390799 516182 519003 400100 245889 167833 655028 717052 748518 303203 402218 273550 275811 551556 361212 338563 414165 493408 569344 435650 396150 379658 715703 364176 301900 620605 173813 281323 376148 358629 433739 398173 762146 700031 749331 682829 572875 595725 437838 418858 668197 780110 731087 582503 610138 597219 759076 786806 784037 786839 204011 406168 503208 630180 143044 469098 260812 161202 275391 682570 322351 139045 540918 274642 538765 298357 200830 69656 599541 584651 525554 604811 608752 155162 315494 538888 774648 156655 828081 593328 325925 488206 513384 746994 817004 623276 455423 198223
439637 151253 368956 380981 319439 221664 253600 332593 462643 374847 169240 999999999 406163 543308 357057 272504 150990 301877 486015 549079 580503 187388 252922 227413 246202 413272 192271 171844 375108 370417 616043 430268 259729 258437 566818 346878 310568 503433 172529 362100 337055 273788 420012 305520 592933 580721 601641 513736 444900 582054 270087 370804 499258 612525 568845 417728 484015 520983 600826 631238 663201 619335 34902 473266 343614 546841 288219 341002 406235 229835 228078 577486 392084 55462 474263 120861 408391 132263 228491 102939 447852 619720 408557 457761 453594 223522 195615 370313 643728 274229 710036 425441 161084 323452 498792 633366 656880 518681 441648 137928
584477 556311 334207 38219 674364 460235 619237 88009 767320 518369 390799 406163 999999999 905279 525810 337939 556300 294939 735536 810698 838015 591945 627608 191884 166225 789242 510267 516626 127883 363205 960118 813713 649052 658036 914606 84966 682017 425486 540172 670880 128948 679883 76599 250502 806598 491601 950112 730587 425154 972272 580959 149371 712666 872394 690221 591129 444716 927076 688217 956773 564745 879514 420890 796003 501984 347051 322255 366195 335160 550590 192357 439280 132080 437643 880078 510316 411119 428489 193163 404843 529853 975090 804270 816674 552720 544228 598778 649399 587696 542304 594519 631225 517574 523629 888482 513737 963479 918203 88925 532215
885201 446133 904419 891111 576008 454981 545580 818556 196493 842881 516182 543308 905279 999999999 815445 804651 416640 657742 815941 837807 863391 430353 524006 758635 770428 536904 617225 581824 908443 900268 91955 134769 479593 434917 683394 868191 232789 1032354 375141 252926 869473 350773 940832 848639 927328 1105241 700349 870933 966381 147432 641433 907607 865337 880863 995324 849816 1005517 337532 1044004 774454 1183620 884917 552054 149691 813918 1089532 626167 868317 710429 355112 759851 1112587 834729 492772 290304 514763 929350 628374 712551 504178 928880 78042 447500 603757 923879 361331 436362 718562 1152187 379243 1232070 827199 565212 773808 129951 1161385 830479 443716 962887 407108
82649 375550 224848 487693 285321 578407 281670 506193 790819 29967 519003 357057 525810 815445 999999999 188007 411770 605231 215397 290394 315380 385770 303215 365396 391773 399401 200376 236152 412620 196674 902102 682614 348576 389338 450992 440874 603674 277730 500707 697167 398075 467775 482961 277902 281924 326978 483085 204789 206429 797536 183488 392793 186880 349339 212186 68888 235870 640461 244968 464434 390717 356349 326019 789691 23877 403380 604555 175057 706885 574628 363617 365649 597810 406757 624590 311640 180657 225248 459570 458478 115834 892884 466738 386783 108438 569137 379141 167768 346486 628508 438892 105817 253532 41693 726495 385363 456358 572580 495119 443777
252427 365550 100050 299885 385070 471396 348343 320934 735141 182970 400100 272504 337939 804651 188007 999999999 389369 446799 398795 474145 500790 391208 364582 185722 209939 507502 230597 255236 228897 97914 882463 681774 401472 429219 602315 252977 574713 231038 443600 634415 210917 486815 298698 94295 469563 308275 636873 392780 174207 820957 276966 210546 374880 535081 370790 254434 212714 707238 383087 632175 391083 542174 255252 745074 164252 295299 452569 69582 542340 501359 183696 308030 413613 327904 675991 297759 138984 180835 289273 355357 216381 882322 550099 517162 233467 494887 390827 322337 375581 538110 437631 293286 266046 187534 741273 361044 632558 665201 312764 399585
488555 40101 489404 531829 252687 253897 191180 480186 380867 436839 245889 150990 556300 416640 411770 389369 999999999 410009 473787 522044 552812 59778 177697 377898 397176 309363 211893 176441 524062 484009 497935 292504 157936 134574 478208 497793 192954 615775 109986 292470 486526 124333 570815 441964 588452 688691 510477 516422 549850 436923 260831 518403 505693 580587 610075 457469 589044 372351 652298 555553 767570 586647 145534 377935 406362 679385 387993 451880 506619 190970 378469 696716 531862 124239 323786 100774 512793 211733 373145 184052 520560 494613 279939 367524 518986 187858 73013 358537 738296 261016 815891 447452 158876 371285 354989 744746 592605 381547 592376 52993
684028 430912 505175 300403 621136 205385 554983 213065 494826 612768 167833 301877 294939 657742 605231 446799 410009 999999999 773132 841072 872099 464980 552785 270798 256189 709024 485807 471177 367433 524030 697952 592816 553194 541507 867642 305678 460339 634149 340908 407785 336695 525932 359068 408027 872016 711687 902163 791336 603087 751824 565990 380252 775101 905270 810626 673273 635506 764887 828546 933112 793865 912265 334723 530008 585310 604678 31822 508238 105327 313578 273039 677977 186562 292489 708176 420899 574547 408697 162745 226227 662313 719624 689773 757750 677231 308773 476552 661914 798314 278633 832653 694898 462044 582672 671348 749342 957923 790002 377769 364772
193230 433740 438957 697765 241338 698423 286850 707100 842781 232501 655028 486015 735536 815941 215397 398795 473787 773132 999999999 75371 102892 425159 305299 563040 590603 301118 293817 318591 626532 409817 907526 682140 344009 388388 273119 650712 642519 466490 581368 763216 609645 473373 696755 491362 115213 493755 298723 60665 402548 759634 219515 607136 64861 137338 219163 164086 421946 562650 276335 261203 534989 144499 451136 829655 238807 604770 766032 390176 878090 662320 561548 548453 795808 521877 567821 392708 385307 364688 644921 586864 277178 888480 390616 254558 252554 658362 413532 117401 475855 728301 577889 112787 333345 211906 704102 547244 243829 468021 709625 520883
261650 482537 513121 772970 275851 756280 331197 781197 880493 306424 717052 549079 810698 837807 290394 474145 522044 841072 75371 999999999 31477 469423 346998 636966 664618 306122 357314 378567 701889 483711 929760 706135 380495 422964 234576 725913 679684 534098 631419 806100 684971 505659 772120 566726 101144 555711 253626 105764 472560 769122 279219 682463 120011 64307 260066 236107 489556 561649 315854 201926 590442 71386 514215 863918 313919 674598 832667 464840 946287 712643 635515 613676 869335 581347 574931 448643 457281 432481 716720 648083 344643 907669 398071 247551 319060 709145 456995 179385 528866 780784 631094 186368 391943 287104 720190 607081 174585 459107 784942 571507
280693 513395 536251 800175 305421 787698 361808 809974 909460 329731 748518 580503 838015 863391 315380 500790 552812 872099 102892 31477 999999999 499782 377263 665879 693461 329237 388671 410041 727762 506515 955338 732408 409935 451973 242701 753136 708713 551070 662306 835978 711708 534057 798068 592742 92664 568832 257851 120859 491562 791474 310682 708095 137181 34450 265083 258006 506667 581339 319191 198194 599627 41608 545634 892242 339109 693014 863865 488829 977284 743523 664395 628755 898547 612818 597060 480035 478040 463442 746780 679558 362340 932496 421102 267968 336313 740073 487269 210644 536970 811851 638902 210122 423416 314488 744465 618744 162279 476651 810475 602481
458283 36245 490547 565011 196431 313670 138737 519938 419838 412782 303203 187388 591945 430353 385770 391208 59778 464980 425159 469423 499782 999999999 122566 407077 428767 249874 186878 151580 548341 481502 516349 299234 98460 76606 418430 528028 222653 610312 167392 338085 512118 96196 599894 454353 540327 680030 450728 471042 541599 430150 220148 540551 461514 526519 575005 424730 580182 336189 620195 496074 756287 532399 171571 411334 383605 685703 444178 448738 563338 247243 407355 694182 577593 174031 293904 94003 504984 210411 415452 238850 498581 508118 225673 307762 494160 244683 13362 312522 722548 318546 804963 409095 135274 344282 351879 737329 533881 332308 620957 112678
364876 139987 456686 595852 75153 425544 21901 567141 537482 332645 402218 252922 627608 524006 303215 364582 177697 552785 305299 346998 377263 122566 999999999 435857 461484 163207 133986 113999 560205 440681 613872 389303 45674 89224 314941 553546 337352 558990 287662 459487 528164 173633 620577 445373 420446 620863 349378 354282 486924 494730 120626 548134 346285 403980 471324 327974 523090 346373 520554 384745 690803 409887 223609 525079 307550 655924 536288 408288 655665 368456 435501 646557 637725 263773 323501 132206 452541 202509 472348 333373 419048 599790 185973 205045 409508 365496 110008 197063 649402 438690 739416 303193 110240 262234 425844 679431 417651 301732 639957 229477
436322 372411 234377 160355 482953 350135 427353 144377 648019 365492 273550 227413 191884 758635 365396 185722 377898 270798 563040 636966 665879 407077 435857 999999999 27868 597358 319447 324774 149969 253829 823959 653497 458376 469670 725105 120970 527476 365014 383798 546611 111119 498683 193157 137614 645986 443518 760684 566772 332411 807964 392425 149525 549228 700291 556503 433979 364753 743263 567650 771006 526692 707456 235737 668539 342694 357078 282373 240441 360215 415060 2241 416186 233280 269269 699360 321380 304750 236884 108268 257926 401109 832784 613988 625588 419053 408299 412733 467777 528054 428851 567576 466591 325746 353977 724350 484724 781504 728625 214561 362613
461608 393666 251061 136471 509731 352051 453453 116612 653807 391074 275811 246202 166225 770428 391773 209939 397176 256189 590603 664618 693461 428767 461484 27868 999999999 623421 346590 351100 139547 272453 833626 668256 482952 492938 752469 100833 540517 377968 396672 552978 100864 519142 174276 153037 672781 455576 788056 593755 349698 823977 420027 143051 576165 727882 580506 460193 380565 764831 590151 798768 538026 735047 257197 676034 368892 359426 270404 261394 341303 423087 29153 424323 206246 284791 719857 344840 323693 263644 94181 267149 423952 843765 638328 652509 442596 416368 434914 495641 542409 432263 577627 493535 351561 381169 740209 494439 809371 752583 196133 379058
436451 280483 591022 756732 122509 562882 170005 730197 605517 428904 551556 413272 789242 536904 399401 507502 309363 709024 301118 306122 329237 249874 163207 597358 623421 999999999 283812 272755 716163 570428 628629 409124 155895 175891 172322 713523 410351 674739 411582 547725 685830 235875 778798 594789 402256 726261 202482 361270 602245 463058 232392 702687 361272 344510 511308 397249 634355 261690 567015 257593 786570 348333 385602 581519 411891 787643 690357 539835 809942 486690 596899 763204 800752 416771 269106 292705 571667 361467 635367 484969 508586 604218 91958 68929 492059 485429 236995 241492 736388 559471 833778 355034 271978 364584 415620 784494 305296 175052 797526 361702
276740 175184 323528 476296 164694 406879 118289 458887 592236 226482 361212 192271 510267 617225 200376 230597 211893 485807 293817 357314 388671 186878 133986 319447 346590 283812 999999999 35786 432368 308895 702808 485763 172262 204655 406212 431914 403313 431582 306485 500827 402476 274503 495576 312831 402121 497700 441816 324027 360738 609729 80342 418933 310497 421075 399896 246569 398367 478382 440679 457594 571813 427959 157373 589742 196879 522718 475977 276197 591129 384147 318706 517958 537997 229701 450892 113149 325057 84234 375696 293226 311845 694993 319655 306415 308323 379240 181545 178171 536182 444415 620570 242313 53176 159515 534703 555736 475648 435068 514009 247439
312118 139435 350998 483977 159932 379864 102886 460153 557073 262240 338563 171844 516626 581824 236152 255236 176441 471177 318591 378567 410041 151580 113999 324774 351100 272755 35786 999999999 446252 338168 667180 450722 146672 174765 407231 440912 367561 463257 273082 466375 414482 240853 507100 332434 429343 530740 442722 352603 393097 576693 99531 434140 339848 441548 434381 281328 431135 452010 475890 464614 605738 448282 137422 554153 232535 549636 459311 305305 576233 351692 324270 548893 535507 203371 421787 79036 357004 88944 371192 269517 347471 659645 299151 303017 344105 346985 146785 201422 571047 413621 654473 274684 17572 195224 500831 588535 486873 415112 526295 213472
464778 514996 208410 92975 596227 489911 548286 163470 793132 401716 414165 375108 127883 908443 412620 228897 524062 367433 626532 701889 727762 548341 560205 149969 139547 716163 432368 446252 999999999 238156 972812 803176 588637 605524 826143 63177 677442 299156 533739 692449 38989 642230 70345 135203 689761 368126 861182 616060 297421 956916 494306 21685 598121 761849 565487 475027 316964 883223 561425 860095 444450 768884 379420 815582 388795 238480 388319 244828 432138 562582 148866 321162 245416 418950 842152 458329 284627 357864 220159 406285 405460 982332 743977 734939 429153 555856 552635 550224 463037 570814 477659 518394 451087 416208 873448 395215 861443 859802 84079 511695
231629 458056 30570 325702 448838 566173 422301 369123 833051 177344 493408 370417 363205 900268 196674 97914 484009 524030 409817 483711 506515 481502 440681 253829 272453 570428 308895 338168 238156 999999999 979082 775740 481003 512762 643810 282476 671329 133239 541374 732283 236056 575920 306403 121367 458354 210440 676841 389242 80192 911583 338456 216630 371597 539580 327378 248592 116732 786804 326058 660997 293527 546374 352735 842871 175124 217286 533457 32889 613533 599115 251603 212976 461761 425811 759576 389422 51309 272956 362015 451717 167318 978096 622896 570053 191330 592622 479914 358501 281432 634636 339812 297370 351141 216006 833098 263258 652470 735896 314427 496520
973246 529666 981661 948780 667267 501889 635304 872446 207333 929086 569344 616043 960118 91955 902102 882463 497935 697952 907526 929760 955338 516349 613872 823959 833626 628629 702808 667180 972812 979082 999999999 225584 569848 525021 773275 929104 307769 1111840 444468 291271 933855 440293 1000691 921274 1019128 1185957 789315 962239 1047250 211803 730271 973474 956423 972721 1084973 938353 1086535 421329 1133029 864220 1265384 976747 627884 168057 899687 1162755 666130 947569 739179 411452 825324 1190397 880220 563402 377995 597616 1010153 709032 769274 566534 1014645 43361 538902 695263 1010506 418065 523136 809194 1235869 421566 1313619 916946 650272 860572 217665 1241412 920747 530171 1022625 482946
751275 318196 781823 795594 441691 387933 410915 729482 227921 710413 435650 430268 813713 134769 682614 681774 292504 592816 682140 706135 732408 299234 389303 653497 668256 409124 485763 450722 803176 775740 225584 999999999 344827 300175 563755 768227 133754 906648 273594 225817 764526 216329 841679 732362 794178 977989 583842 736665 839234 160088 507139 800243 730851 751123 860626 715604 878115 247885 909510 654738 1055115 755441 434121 190215 681883 971330 562605 743366 661532 279243 654480 988661 757904 384244 189525 387124 802370 502814 620944 408949 796714 210802 322654 477204 790977 284159 304269 583841 1021761 325842 1103731 692489 434508 640929 78605 1034805 708693 339674 863714 292362
410518 125585 495733 618725 104670 411401 67558 584364 500358 377907 396150 259729 649052 479593 348576 401472 157936 553194 344009 380495 409935 98460 45674 458376 482952 155895 172262 146672 588637 481003 569848 344827 999999999 44956 320993 577887 299571 601497 265542 426503 555219 130362 646706 478700 458655 664577 353889 395183 529746 449146 166284 577707 388040 434807 516006 373524 566349 306165 565693 397643 735314 440371 234407 485765 352411 694859 534474 448370 654066 344648 458218 688676 650460 260877 280046 141095 494914 231649 485470 329161 464404 555023 155800 210054 455097 342377 85103 239609 694544 416457 783975 347863 138477 307454 380220 723066 435722 271271 666665 210929
453449 111046 525724 629376 147877 387201 110985 589236 457535 418321 379658 258437 658036 434917 389338 429219 134574 541507 388388 422964 451973 76606 89224 469670 492938 175891 204655 174765 605524 512762 525021 300175 44956 999999999 346847 590326 256748 636179 235938 386464 570742 85428 660781 501744 502801 701235 378102 440003 565071 408476 208767 595930 432964 475907 560477 416873 602335 279722 609770 427813 773502 481284 237879 441844 391877 724152 520783 479929 639923 312437 469722 722603 650383 250003 247033 148308 529609 253243 486835 315431 504994 510581 150481 237403 496635 310794 65059 284559 734305 385018 822236 392330 163176 347897 337575 759518 469255 260812 681304 186219
457235 446458 669374 879553 248500 732084 313298 865059 771427 476459 715703 566818 914606 683394 450992 602315 478208 867642 273119 234576 242701 418430 314941 725105 752469 172322 406212 407231 826143 643810 773275 563755 320993 346847 999999999 833996 579877 724609 582764 718289 800489 407449 893155 695559 333858 760823 35605 328600 655607 586917 333784 809903 337130 240997 489201 421830 680859 366149 546111 91125 806806 241613 535891 744412 470143 854372 851185 617400 970598 658718 724268 810301 942587 578147 396932 446772 631618 490146 778420 647512 539807 744028 243068 111007 517447 657328 405226 285310 748606 731459 850440 370325 411902 427836 555780 816110 148230 254361 909866 531046
500344 493279 254482 47059 596562 438615 543798 100469 744447 433729 364176 346878 84966 868191 440874 252977 497793 305678 650712 725913 753136 528028 553546 120970 100833 713523 431914 440912 63177 282476 929104 768227 577887 590326 833996 999999999 639545 357411 495824 644842 46483 619299 73545 166599 721822 428602 869407 645659 348797 924443 500230 80198 627741 787504 608203 506365 371744 864217 608476 874055 506162 794620 356612 769056 417057 301559 327613 283182 368969 517694 120764 383673 185542 385359 820017 442020 331741 352066 165123 364028 447881 940673 733661 737998 470160 511058 533699 565840 522465 520391 540183 546262 443321 438816 840638 457503 879664 848665 95519 479770
678892 228129 674010 665116 404149 256511 356636 597056 200823 629278 301900 310568 682017 232789 603674 574713 192954 460339 642519 679684 708713 222653 337352 527476 540517 410351 403313 367561 677442 671329 307769 133754 299571 256748 579877 639545 999999999 804149 143848 139484 638545 176817 712728 616007 757550 878591 606075 691229 740025 293839 442793 675898 682522 732326 797412 646347 779357 333724 841782 667638 958511 737590 320459 188725 598999 857101 430541 639875 532934 147255 528610 882684 624155 260166 272168 293702 702921 402112 488934 277325 713399 309230 340686 478543 711353 151692 232370 533105 930709 202187 1006593 631749 350145 562774 211663 933807 715196 397920 734800 175350
273303 588500 137344 392063 556588 694737 539233 455106 965987 249832 620605 503433 425486 1032354 277730 231038 615775 634149 466490 534098 551070 610312 558990 365014 377968 674739 431582 463257 299156 133239 1111840 906648 601497 636179 724609 357411 804149 999999999 674600 865042 313315 703408 354852 227725 484291 79465 755228 430259 72675 1039496 448038 278744 414514 581018 319470 304583 44570 904797 294999 727180 163478 587132 485962 976091 263057 145236 647265 164274 715691 731622 362791 88503 542942 558770 881491 519612 106611 404134 471694 582426 189563 1110269 735788 664513 215050 725089 607854 445039 165807 765240 207993 356972 477450 310194 962179 130022 708458 845608 354655 629551
580744 148924 541101 522141 362584 156198 301000 456413 294179 523186 173813 172529 540172 375141 500707 443600 109986 340908 581368 631419 662306 167392 287662 383798 396672 411582 306485 273082 533739 541374 444468 273594 265542 235938 582764 495824 143848 674600 999999999 196939 494816 193336 569086 476929 695465 751102 613977 621796 613953 432272 365137 532521 610243 690361 706033 552516 653275 424215 744885 662541 832842 696460 189137 301500 491912 718438 314201 511129 427563 81225 384963 749809 490333 118960 367278 194069 577070 282573 347620 135719 603073 450205 368911 472940 604840 77889 180720 465075 810116 151230 880173 547733 255938 462106 348600 804621 701218 457551 591153 60555
776615 332253 729438 661434 530632 211090 476711 582955 101946 719989 281323 362100 670880 252926 697167 634415 292470 407785 763216 806100 835978 338085 459487 546611 552978 547725 500827 466375 692449 732283 291271 225817 426503 386464 718289 644842 139484 865042 196939 999999999 653842 312202 714981 657118 878354 942691 745021 808028 806948 367956 553231 695285 797734 861300 900687 747391 846097 461568 940803 805307 1025292 866873 383508 125127 688752 896879 376001 703094 457536 134077 548200 936803 589003 306638 400017 387684 770350 479251 482153 290283 799992 311853 480087 615319 801724 140771 349928 649664 1004949 130296 1072041 739652 448910 658130 298694 994786 851546 534579 736705 253648
455546 478400 207999 90794 566971 452116 517033 141892 754651 389770 376148 337055 128948 869473 398075 210917 486526 336695 609645 684971 711708 512118 528164 111119 100864 685830 402476 414482 38989 236056 933855 764526 555219 570742 800489 46483 638545 313315 494816 653842 999999999 605480 93148 121583 678147 386031 835730 602687 302560 918580 467347 44226 584747 745996 562126 462709 326163 847577 562020 837534 464974 753087 342362 776824 374206 268090 356017 237445 407095 523736 110070 344353 230502 380282 805703 423021 285257 325667 184608 367338 401763 943343 710859 707009 424255 517005 516763 528250 478846 532747 500554 503757 418453 398034 835052 417459 841206 826490 111813 473273
535110 127329 585830 654612 232269 349510 195012 604455 376332 496072 358629 273788 679883 350773 467775 486815 124333 525932 473373 505659 534057 96196 173633 498683 519142 235875 274503 240853 642230 575920 440293 216329 130362 85428 407449 619299 176817 703408 193336 312202 605480 999999999 691836 550476 587482 771585 435628 525386 633766 336088 290817 635107 518391 556692 644713 499292 671940 248019 693238 493412 846307 561804 263243 358259 468307 781619 501619 543073 617946 258962 499104 788144 655498 247926 200725 190180 597478 306203 497470 303014 582669 427118 177974 303137 575898 258911 96084 369896 809958 331136 895062 476656 226035 426096 260214 829324 539384 265110 713161 161545
534572 565440 276236 58667 660105 506990 609785 146003 813841 471966 433739 420012 76599 940832 482961 298698 570815 359068 696755 772120 798068 599894 620577 193157 174276 778798 495576 507100 70345 306403 1000691 841679 646706 660781 893155 73545 712728 354852 569086 714981 93148 691836 999999999 205394 759876 418143 928336 686367 361233 997984 560285 90751 668430 832168 633149 545284 377347 935996 626941 928851 489672 839206 428794 839581 459131 270537 384059 314599 408271 589256 192738 363839 207886 458903 892501 512609 351298 418192 233070 436687 473606 1012918 802475 800125 497717 582666 605212 619144 514815 589105 518545 588738 510636 486171 914176 438234 931048 917887 22074 553294
333975 424600 98124 212309 472987 473826 430993 248223 759037 268444 398173 305520 250502 848639 277902 94295 441964 408027 491362 566726 592742 454353 445373 137614 153037 594789 312831 332434 135203 121367 921274 732362 478700 501744 695559 166599 616007 227725 476929 657118 121583 550476 205394 999999999 556876 306622 730283 482020 196841 878721 367128 116350 464072 626883 442477 341548 227648 781453 445624 726452 390192 633933 298242 774394 254036 241509 419976 117092 494198 523128 135379 284397 341171 357975 745864 360653 172566 248504 245282 367931 282491 925211 631267 608154 304097 516401 456154 416584 390459 548279 432222 383719 340439 281099 796949 350035 726623 747103 218749 441893
226726 548368 488840 768399 355214 808758 402063 787842 957910 288432 762146 592933 806598 927328 281924 469563 588452 872016 115213 101144 92664 540327 420446 645986 672781 402256 402121 429343 689761 458354 1019128 794178 458655 502801 333858 721822 757550 484291 695465 878354 678147 587482 759876 556876 999999999 493207 350278 80696 431094 864866 331573 669137 97395 108898 179991 215469 440772 660578 231125 290125 516999 113023 558275 944417 305464 628786 867102 445620 976124 776229 644286 556798 879017 631673 671311 505195 423232 466861 735600 694987 300898 998829 493795 346769 274459 772135 528734 230414 453101 841379 554185 179684 444818 293198 812829 540053 249615 559479 770261 634924
303594 659920 216659 460123 611597 774062 600361 527810 1043357 297363 700031 580721 491601 1105241 326978 308275 688691 711687 493755 555711 568832 680030 620863 443518 455576 726261 497700 530740 368126 210440 1185957 977989 664577 701235 760823 428602 878591 79465 751102 942691 386031 771585 418143 306622 493207 999999999 789600 450009 138863 1107345 505787 348738 436034 596204 317240 339587 99880 964483 280223 754448 84016 601773 562090 1052556 316469 171305 725472 239978 791217 809555 441305 71884 613444 636149 944343 591008 175898 477049 549572 661298 221732 1183251 792578 709896 243377 803059 676783 489737 97243 844181 129372 390541 545735 363811 1031351 58664 729851 899528 415093 704688
486129 479469 702721 915010 283778 764356 348258 900664 795253 508012 749331 601641 950112 700349 483085 636873 510477 902163 298723 253626 257851 450728 349378 760684 788056 202482 441816 442722 861182 676841 789315 583842 353889 378102 35605 869407 606075 755228 613977 745021 835730 435628 928336 730283 350278 789600 999999999 351982 686819 598317 369232 844829 361693 251572 511751 451514 711275 376295 568290 79903 833605 251194 570913 766908 502674 886339 885420 650824 1004897 689091 759843 840368 978124 612138 411569 481397 663544 525749 813898 681381 569249 758752 266635 144627 546373 687883 437604 318515 774535 761885 876605 399598 447251 461019 571658 844346 140554 263794 944957 563175
160456 476353 419378 692458 294974 730900 334603 709257 890530 214623 682829 513736 730587 870933 204789 392780 516422 791336 60665 105764 120859 471042 354282 566772 593755 361270 324027 352603 616060 389242 962239 736665 395183 440003 328600 645659 691229 430259 621796 808028 602687 525386 686367 482020 80696 450009 351982 999999999 370949 818139 256680 595811 17948 151893 160768 141421 385833 622918 217860 306605 485358 158386 479216 879308 228604 572201 786543 373707 895427 702072 565110 508597 799985 553720 627048 429699 358475 386687 655283 616118 241502 944255 450189 315182 215455 697750 460047 158522 424427 765898 526698 100244 368584 213211 761099 501338 279931 528686 697658 561270
211018 521114 98721 388971 483921 645096 467008 440687 907079 179376 572875 444900 425154 966381 206429 174207 549850 603087 402548 472560 491562 541599 486924 332411 349698 602245 360738 393097 297421 80192 1047250 839234 529746 565071 655607 348797 740025 72675 613953 806948 302560 633766 361233 196841 431094 138863 686819 370949 999999999 969764 375393 275826 354382 522768 278918 238833 39376 832463 266378 661773 218954 529158 424816 915172 190862 202232 613119 104635 690981 674518 330174 161153 532133 500352 809791 452192 37103 338257 440676 529555 130345 1044393 663152 592993 156799 668115 538619 374141 201787 712314 266675 291096 407748 237811 893196 195730 645974 772944 365455 566502
858563 455809 920553 953201 530404 546555 516509 888653 335111 826678 595725 582054 972272 147432 797536 820957 436923 751824 759634 769122 791474 430150 494730 807964 823977 463058 609729 576693 956916 911583 211803 160088 449146 408476 586917 924443 293839 1039496 432272 367956 918580 336088 997984 878721 864866 1107345 598317 818139 969764 999999999 615316 952845 815407 804223 956728 820820 1007817 222217 1009181 676205 1181181 807355 582008 288738 800346 1114407 721324 878784 817325 438511 808828 1124074 917992 539193 194448 523201 933538 640160 779891 567951 913304 172367 371198 524061 904236 443622 431798 676210 1142773 480696 1229943 790313 562099 756220 83861 1165220 735057 334621 1019954 445353
244701 220979 358640 545779 110385 479012 98809 534237 639076 213216 437838 270087 580959 641433 183488 276966 260831 565990 219515 279219 310682 220148 120626 392425 420027 232392 80342 99531 494306 338456 730271 507139 166284 208767 333784 500230 442793 448038 365137 553231 467347 290817 560285 367128 331573 505787 369232 256680 375393 615316 999999999 479008 245215 342468 355673 208483 409855 458732 402760 379763 573164 349261 235296 631482 189824 555742 555731 307566 671298 445407 391486 536399 615527 302842 441169 173623 342879 162605 454532 368953 299162 717935 287762 241100 288981 441124 210709 102139 529974 509838 621584 188978 113844 143261 546203 564450 395824 398435 577546 304629
443854 507779 186810 113931 582145 495049 535625 180471 796388 381323 418858 370804 149371 907607 392793 210546 518403 380252 607136 682463 708095 540551 548134 149525 143051 702687 418933 434140 21685 216630 973474 800243 577707 595930 809903 80198 675898 278744 532521 695285 44226 635107 90751 116350 669137 348738 844829 595811 275826 952845 479008 999999999 577881 742118 543915 454643 295739 874435 539740 842480 425972 749136 373165 817730 369009 224437 399996 223876 448205 564345 148150 303635 264770 416424 834452 449521 262954 346304 228793 407377 383947 982053 732645 719950 407727 557592 544376 532569 443142 575303 460122 498489 439665 397384 869589 377358 842972 848578 102515 508165
143559 465688 401690 674533 289454 717201 326177 691582 881292 196727 668197 499258 712666 865337 186880 374880 505693 775101 64861 120011 137181 461514 346285 549228 576165 361272 310497 339848 598121 371597 956423 730851 388040 432964 337130 627741 682522 414514 610243 797734 584747 518391 668430 464072 97395 436034 361693 17948 354382 815407 245215 577881 999999999 168874 154396 123567 370021 622910 211544 319121 473417 175468 464859 870879 210685 555926 770630 355860 879044 690244 547556 493668 782406 540045 625271 417486 341313 371401 638222 601827 225364 939151 449059 317959 199504 685822 450777 149441 413235 753424 515450 82637 356082 195913 757006 488056 294588 530642 679745 549778
312327 541468 569436 834539 330877 818017 389407 844404 932806 363134 780110 612525 872394 880863 349339 535081 580587 905270 137338 64307 34450 526519 403980 700291 727882 344510 421075 441548 761849 539580 972721 751123 434807 475907 240997 787504 732326 581018 690361 861300 745996 556692 832168 626883 108898 596204 251572 151893 522768 804223 342468 742118 168874 999999999 287592 290987 536756 590883 339841 184662 624007 7165 577697 914357 373109 723708 896693 522369 1010503 771514 698812 657396 932916 643809 609849 510285 510183 496731 780861 710975 393033 948727 435729 280296 366824 768220 513816 243431 560622 840445 662111 243856 454536 348906 760065 644985 140815 483808 844458 630851
129606 571543 357121 652473 426348 790388 449754 688435 990915 198869 731087 568845 690221 995324 212186 370790 610075 810626 219163 260066 265083 575005 471324 556503 580506 511308 399896 434381 565487 327378 1084973 860626 516006 560477 489201 608203 797412 319470 706033 900687 562126 644713 633149 442477 179991 317240 511751 160768 278918 956728 355673 543915 154396 287592 999999999 153534 278794 771936 57183 461468 337020 292307 537214 985769 228356 464470 812156 325386 909865 782319 554483 383940 781646 617538 770117 513012 282195 436699 658271 670581 160380 1071020 596359 471531 138581 777093 566098 280526 273160 838675 374519 168149 451894 246111 893784 361429 426909 683034 639863 647318
39239 419371 278490 552930 294504 639372 306083 574133 838307 73320 582503 417728 591129 849816 68888 254434 457469 673273 164086 236107 258006 424730 327974 433979 460193 397249 246569 281328 475027 248592 938353 715604 373524 416873 421830 506365 646347 304583 552516 747391 462709 499292 545284 341548 215469 339587 451514 141421 238833 820820 208483 454643 123567 290987 153534 999999999 260291 649879 195482 423072 391834 297786 385362 834227 91302 440943 671976 232293 775296 628841 432177 388894 666043 465175 640413 359718 221365 285499 528435 520162 118034 926404 473666 372953 96959 623644 416514 155786 339395 685759 438089 52412 298881 94377 753710 395865 407893 572301 556340 493909
