NAME : synthetic_000837
TYPE : CTSP-D
DIMENSION : 100
GROUPS : 8
RELAXATION_LEVEL : 1
EDGE_WEIGHT_TYPE : EXPLICIT
EDGE_WEIGHT_FORMAT : FULL_MATRIX
EDGE_WEIGHT_SECTION
999999999 437808 601831 532459 367810 842926 584377 519425 335814 272122 291100 543339 85756 218264 358867 726654 495129 379318 459867 481718 34485 310457 298965 591601 271541 395725 466459 128584 117973 402765 293674 366777 203157 434481 436225 104917 564425 249056 737454 203868 277927 635119 604385 455367 477392 418373 628004 337997 486135 242045 598051 242321 507595 759014 408860 400096 48244 566531 435408 590392 291714 598015 258356 344572 778271 540214 156982 446644 455804 473632 356746 300218 512350 360446 330300 537657 359107 611152 84706 238499 721850 756055 404556 829579 267931 93178 224595 358653 627002 343986 502475 410233 560469 306975 558725 126563 395805 423815 299667 536662
437808 999999999 1034290 781020 136079 983820 790772 598953 266686 705415 262307 943342 460413 346325 193644 863581 160552 106656 369630 48709 449062 594772 498614 780594 699142 670209 232890 552570 479128 164054 284738 406073 523065 634151 868146 529389 474757 482232 829868 236267 643501 650002 759942 842068 594922 672017 1063238 578569 694245 566820 1035619 198505 610410 889458 654342 828659 483545 973446 562137 409820 262406 245004 692261 592076 907850 409904 549704 505253 400263 910546 116402 720497 950136 670021 766890 579554 679594 895320 504650 547640 842626 886087 817083 977034 691139 486009 241293 212136 1060924 380302 745184 110269 275681 353511 641991 481168 123290 484946 464715 301609
601831 1034290 999999999 582311 941574 882075 662176 803708 859508 373599 876249 210126 575652 782531 953997 822668 1059170 960243 920686 1075102 599719 666472 753732 690689 397694 538523 1000441 481721 561845 963003 871643 889781 630364 644370 166171 531630 975090 716656 887904 798107 435068 921658 742602 286340 750081 568339 47390 721312 638305 518831 97151 843295 919746 848835 580981 206735 561172 175804 863124 1054098 827928 1151476 343518 714701 860688 989799 549021 920567 895684 202292 939159 318205 150806 633871 274596 848853 471489 531853 554940 541466 842378 847805 242298 864371 344789 549618 800352 950634 31879 879602 587945 1011794 1090071 856395 965711 561950 996986 792555 781953 1048439
532459 781020 582311 999999999 647595 339173 81313 271307 519611 582948 783214 377672 447438 739521 819079 249437 716064 676218 487139 800746 561465 814803 828688 108540 611135 136737 625160 446752 414751 637877 794739 893353 715623 149843 490651 569689 481720 778254 306618 603725 286903 363399 160937 299929 232099 117486 629540 854720 96324 290934 656250 665238 1038189 279491 131854 454081 536920 416935 966104 587710 518630 772001 464021 858060 294975 525311 634777 978643 451054 636637 664627 398170 628749 839569 503335 319406 189002 122285 572641 294395 263945 277703 377730 322840 410597 440749 563457 827565 613208 867801 35837 823788 687743 827639 1089688 406383 817669 330247 831965 633089
367810 136079 941574 647595 999999999 849103 655182 464041 130652 639653 297869 832849 367669 350644 263492 728437 128035 29432 243636 153743 387982 590157 511225 644652 639091 541246 135672 464971 379739 49797 321157 455137 501121 499709 776790 469682 356435 482446 696974 171255 531154 521575 623926 729043 458894 540823 974161 586443 559446 450277 953088 172231 661075 754743 522810 734849 416003 865194 602620 312428 131260 232697 606459 598829 773285 296795 504929 560431 270822 837171 31034 623715 871881 661407 683846 446685 556736 763524 446293 429600 708085 751371 713998 841996 596909 393820 144637 280940 969829 425912 611794 213144 215260 389955 699883 379888 216807 349190 483514 216129
842926 983820 882075 339173 849103 999999999 266475 385069 721196 921918 1055666 672150 757509 1031908 1072311 122225 872822 878297 623584 988770 874988 1140834 1141755 253057 949796 462756 775684 775369 726392 821832 1071354 1185433 1037756 408906 817628 895893 550841 1091976 165370 862928 623167 360056 241225 619646 397502 433152 929050 1176724 357619 611561 966853 921098 1349394 94367 438478 784959 856220 706790 1277348 659596 739404 891201 803148 1181448 76195 616885 962449 1279283 588759 966662 874197 736972 952766 1171505 841083 406722 525844 350527 895427 608625 141310 97739 707102 17704 749756 756646 811688 1084476 910507 1157563 357192 1053841 802528 1115882 1399991 717572 1052401 501422 1139651 747533
584377 790772 662176 81313 655182 266475 999999999 232965 524792 657087 818718 455916 498624 783445 847178 169007 710280 684425 469836 805863 615224 876598 883022 30321 684422 196503 615853 509812 466612 639406 832043 937770 774839 162383 571845 631252 445291 832818 225865 632291 356939 303684 86792 380993 207746 168043 709483 914078 102361 347612 737203 693098 1091964 199815 175646 534939 593967 494720 1019774 555541 530812 756165 539025 918252 216137 496407 697453 1027201 432791 717435 675254 475512 710016 905523 581739 277979 260074 166885 631961 346791 182633 197840 458850 251147 485985 495311 587062 857137 692868 911097 91259 843363 669272 870102 1143094 457916 838875 317114 883540 613408
519425 598953 803708 271307 464041 385069 232965 999999999 336493 685082 685432 617079 441750 676717 693316 264684 495484 493253 246994 605444 553837 829856 806666 210604 705341 265189 398553 496530 417150 437823 703224 825871 722581 159410 676830 598735 212756 759617 238225 490927 400270 126163 171508 520086 54649 236055 848884 855685 180542 341520 861000 545806 1006413 290716 222734 633153 546921 657015 935962 322577 357344 529801 582100 863075 309340 264096 664470 925592 210288 804520 489227 541142 812109 876136 646502 48440 334511 389628 590239 326337 244200 287344 569114 378081 537052 450982 436368 706599 835577 796720 245062 669807 441555 754802 1054900 408804 669058 118055 797310 385321
335814 266686 859508 519611 130652 721196 524792 336493 999999999 594592 374403 731605 305748 396764 364852 599924 208335 160042 145378 281657 364411 610140 551054 514014 600397 419584 141444 402286 307206 119582 395526 527968 509532 370749 698759 440415 263530 513068 572259 192710 432670 405396 493679 625946 328657 416091 895752 618102 429947 348388 882166 231393 726689 626937 397718 654779 381998 766247 661793 259457 45397 292433 539384 628905 645708 219239 489671 633039 160628 778239 153341 542728 806925 674533 617606 323388 443323 637240 420379 326220 580639 623569 623257 713565 519883 330242 136949 379958 889235 497950 483925 333580 233938 457759 770360 304585 333586 219975 530376 202330
272122 705415 373599 582948 639653 921918 657087 685082 594592 999999999 513059 402050 290077 415403 595367 822919 766517 651427 699927 750829 256498 304933 381989 675676 31907 465835 731610 199942 296367 673014 505677 516183 256858 551362 228183 176352 789095 343288 859238 475132 302327 810791 708872 360152 632994 498678 387554 358812 581458 343834 344263 507138 561718 854973 499497 214998 224224 407432 499402 836111 553287 868503 119472 354604 872290 779167 177240 550735 687156 207978 628836 191836 253663 292683 118441 717491 397183 610889 201190 358899 828931 852667 269677 905734 173032 267445 495675 589585 391984 506378 565829 663244 825847 484620 610727 301873 646963 620778 408846 796827
291100 262307 876249 783214 297869 1055666 818718 685432 374403 513059 999999999 834114 357266 100783 87008 933874 400559 284478 517984 309948 282040 339037 237378 818222 498042 651042 433539 419335 387813 347627 23541 157420 284994 657100 714318 344630 636270 227120 922848 194506 562091 773696 815562 746137 660559 665747 896565 317757 716361 508741 857047 143319 363266 964212 651870 682521 321217 856308 306726 608312 338338 499354 538565 331453 983686 584525 338335 263012 534956 720156 268224 589076 766708 414993 601762 684216 631308 878335 321413 497510 920950 960952 694286 1045049 556274 375643 249948 77399 898513 128049 749419 173320 507420 93634 402340 394223 155309 569046 202598 513892
543339 943342 210126 377672 832849 672150 455916 617079 731605 402050 834114 999999999 490073 752854 900888 613614 938928 855711 766682 978496 553369 704644 768134 485116 433375 356508 867654 414831 466542 845005 835181 884582 638735 458978 191723 507092 804282 722944 680812 714333 301696 728895 538609 106191 565546 382044 257332 757254 443069 383969 296412 768465 960356 639278 397299 188231 514788 40008 895070 893631 707830 1021832 312061 754303 650852 828397 548093 937785 737390 330884 836796 247562 300232 694086 283877 664181 300693 321776 525283 405712 634237 638318 142471 654447 280554 466769 702152 901623 239365 868006 387392 942527 951281 837041 1010323 463466 930121 624684 788338 904273
85756 460413 575652 447438 367669 757509 498624 441750 305748 290077 357266 490073 999999999 296347 414805 641749 489696 385029 411825 499906 117558 390400 384640 505935 298749 310784 444936 98074 32793 393863 363554 448229 284019 349446 410032 158862 507573 334627 654612 226057 204962 560854 519531 394800 397271 332815 606970 421251 400491 158156 585616 278441 593351 674179 323129 369177 105173 517300 521163 547075 266173 587801 239054 427109 693379 491775 223177 531216 401938 474138 363691 260096 505837 434386 316876 463571 278093 529384 148547 153120 637624 671249 358060 744060 231183 26160 224863 417658 603250 424073 417067 452455 538791 385438 644472 41057 440124 353501 385214 507492
218264 346325 782531 739521 350644 1031908 783445 676717 396764 415403 100783 752854 296347 999999999 187382 911752 467389 344533 541879 394994 200797 248560 160582 786542 399045 603916 483004 341452 328847 399348 90392 154326 184787 625334 622822 252268 659354 136299 909741 204056 496114 776602 790696 670188 644844 622777 801060 237028 682025 453963 759666 178673 333104 943187 610847 593306 238465 772592 265817 648008 354625 570558 449783 249903 962705 615178 239218 249082 552522 621540 324610 505660 668931 323696 508916 682639 574413 825634 230614 446452 902183 940033 611270 1020005 472627 309868 260673 178095 803802 128299 707437 269581 565818 89114 379692 336472 251710 565047 134602 563382
358867 193644 953997 819079 263492 1072311 847178 693316 364852 595367 87008 900888 414805 187382 999999999 950086 345915 243175 501119 238166 355200 423833 318794 843673 581711 691393 395349 487145 442959 311041 103711 212738 371930 684808 790434 423681 617300 312779 931461 215469 618713 770223 835304 808928 674822 702503 976022 399139 745290 557649 938479 154177 416838 979225 687252 756772 394292 925105 369197 574806 336604 437905 613236 412991 998500 559800 422538 311860 523298 803085 232458 659083 848670 499756 679473 686001 679795 920827 399695 543806 934419 975901 763258 1062868 626729 435950 261401 18674 977182 187917 784250 91378 458364 165791 449422 448297 74057 575315 282240 473273
726654 863581 822668 249437 728437 122225 169007 264684 599924 822919 933874 613614 641749 911752 950086 999999999 756682 757714 507029 869844 759292 1028295 1024885 147375 849467 357827 659435 665965 611296 702403 949760 1064923 923975 292313 739759 784462 442960 975418 83795 740894 521055 257689 122277 546382 275282 326057 870055 1062439 245906 500634 901279 798933 1231626 32648 328656 703515 742339 651055 1159725 554161 617416 780730 705790 1067672 51632 506786 851380 1159705 471440 886074 753111 643808 877536 1062168 750428 290018 425993 298849 782558 495710 33150 29987 627013 113642 653139 642439 689494 962261 852664 1036858 258796 932119 691772 995101 1281942 602447 930498 379977 1021588 636077
495129 160552 1059170 716064 128035 872822 710280 495484 208335 766517 400559 938928 489696 467389 345915 756682 999999999 124300 249653 135806 515903 711910 627010 695016 766611 625116 97247 587668 498646 96233 424047 553680 626319 566248 895771 597521 336283 602106 712200 298972 638624 522913 665095 833560 504226 618948 1093369 704416 622534 555070 1074984 292747 760217 779426 600311 852886 543367 973013 706971 256076 232305 105249 728672 717246 796737 268306 632811 656343 285559 962090 146128 741003 995404 784496 806572 466740 651553 836395 574232 533218 732159 776095 826769 868158 715705 515677 270842 364566 1088117 525990 680995 269779 115133 494186 794845 497806 281006 393311 596702 146382
379318 106656 960243 676218 29432 878297 684425 493253 160042 651427 284478 855711 385029 344533 243175 757714 124300 999999999 270334 126353 397431 587825 504767 674011 649518 568624 152243 481472 398914 68451 307977 440842 502166 528599 794947 479337 381374 478465 725762 178024 554148 549269 653357 752448 488325 568808 991999 581392 588446 474228 969365 168536 647429 783932 550882 753540 427246 887533 590826 331687 158709 229321 622957 594075 802444 320145 511236 545510 298540 851152 22741 642947 887057 660237 699848 475417 582499 791726 455486 453914 737235 780560 734924 871255 615455 411175 160240 261111 988139 412079 640401 187001 223378 377617 684900 399565 191932 378576 475572 231095
459867 369630 920686 487139 243636 623584 469836 246994 145378 699927 517984 766682 411825 541879 501119 507029 249653 270334 999999999 367883 491451 749150 694858 451820 710374 420992 152408 500695 403668 205746 539572 672688 646039 341005 768753 561398 118394 655508 464411 337862 485668 280416 417957 661058 262105 406146 960943 760049 391003 402766 956517 375721 872053 529965 387683 723541 502598 804398 807116 137121 187606 286433 626887 770430 547432 80418 616710 777968 37122 867125 273353 614462 889172 810743 703212 217132 466273 609394 543981 380374 482698 526626 678674 618653 597386 432870 281413 517364 951769 642679 453927 456768 200682 602764 915570 398558 460183 156960 675115 146067
481718 48709 1075102 800746 153743 988770 805863 605444 281657 750829 309948 978496 499906 394994 238166 869844 135806 126353 367883 999999999 494332 643400 546713 794025 745274 694852 221858 593685 516955 167935 332104 450894 571620 652300 909101 575156 465979 530836 831801 278593 677495 647360 770209 876089 605767 694553 1104949 626778 711604 598848 1078702 244943 653818 894588 676517 868946 528065 1009480 607350 391547 284831 206102 734170 640321 912600 399153 597062 548366 400922 955132 142600 759808 993938 718687 809521 582475 708545 917153 550499 578926 847471 891224 854702 982798 731064 525770 277216 256351 1102158 425822 764981 150296 248607 400330 683891 518455 165461 494591 512516 281913
34485 449062 599719 561465 387982 874988 615224 553837 364411 256498 282040 553369 117558 200797 355200 759292 515903 397431 491451 494332 999999999 276022 267841 623161 252319 424797 492070 140667 148757 425282 281922 344220 168758 466998 435410 81908 597270 217595 771124 219789 299702 669598 637062 469394 511573 448477 623640 304260 517780 270542 590402 251112 477087 791711 439582 401656 39236 574582 404920 620740 319743 619750 258035 310588 810921 571677 125597 419717 488371 461819 374711 307244 502939 326234 325839 572137 384811 636750 58343 268601 754949 788775 412667 861467 274358 120715 247187 353198 623754 323014 532166 413149 585680 287908 528444 157533 397857 458199 270823 563921
310457 594772 666472 814803 590157 1140834 876598 829856 610140 304933 339037 704644 390400 248560 423833 1028295 711910 587825 749150 643400 276022 999999999 112168 887790 275336 681017 716774 368051 418728 636831 320172 259733 107354 736744 532420 245419 861206 112638 1044701 426532 532111 945045 906650 650480 787147 708577 671380 54841 783580 529339 616508 419315 256799 1060902 702388 519389 286653 711982 196674 869222 564985 816224 398947 49714 1079837 827523 180138 258496 751639 473988 566715 472924 527110 75964 422880 847649 628061 871618 245738 532682 1026077 1058082 567095 1126481 444175 386463 475705 410155 679806 264249 789142 512353 804462 264688 305941 427539 494344 732724 150258 795417
298965 498614 753732 828688 511225 1141755 883022 806666 551054 381989 237378 768134 384640 160582 318794 1024885 627010 504767 694858 546713 267841 112168 999999999 890561 356155 692194 643242 390798 416426 559875 216455 148593 129400 733046 608850 271294 810872 50452 1032303 359587 557900 914542 902621 702038 769064 716290 763085 80460 785099 537849 711874 339183 209511 1057127 707393 589423 292415 780229 137527 805902 507369 729392 456247 94252 1076458 770280 220342 169940 702401 569028 485073 525562 621077 185453 495012 818364 648581 898997 261124 536440 1019069 1054128 626721 1128495 494084 388275 414107 303865 769781 152093 799828 409157 726392 155295 261087 425147 391275 701008 38327 723469
591601 780594 690689 108540 644652 253057 30321 210604 514014 675676 818222 485116 505935 786542 843673 147375 695016 674011 451820 794025 623161 887790 890561 999999999 702409 211396 599740 522576 474411 626828 832251 940762 784920 161526 597409 642843 421639 840557 198222 629624 374100 274874 56539 408353 190834 180625 737949 923988 105486 358504 764707 689929 1098949 179298 185421 559735 603501 524071 1026797 532676 522500 737587 558420 928572 196747 474694 709431 1031875 414700 742010 665730 496732 735824 918873 603651 254031 278641 196489 642451 355845 157385 177016 484268 238782 505769 504141 582688 854186 721505 913653 111969 836623 650097 872382 1149850 465629 832755 301872 889803 594028
271541 699142 397694 611135 639091 949796 684422 705341 600397 31907 498042 433375 298749 399045 581711 849467 766611 649518 710374 745274 252319 275336 356155 702409 999999999 491871 735589 213933 308261 674210 489432 493228 233533 574921 257086 170547 802547 319363 884109 472095 328425 830630 734406 392009 653890 524392 409051 329575 606868 365163 362461 500639 532087 881643 524503 245895 223299 438045 470704 845824 558125 869535 149225 324895 899135 790104 159838 523948 699103 222588 626825 222700 271200 260997 149531 736455 424351 641436 194956 379057 854770 879288 301563 933733 202518 277657 496126 575068 414617 484727 593183 652408 829836 464787 580755 314410 635789 637182 384379 802705
395725 670209 538523 136737 541246 462756 196503 265189 419584 465835 651042 356508 310784 603916 691393 357827 625116 568624 420992 694852 424797 681017 692194 211396 491871 999999999 541302 313562 278068 539107 661610 757441 580449 105971 415966 435600 448249 641778 394807 477277 163528 385029 243322 256043 211683 33784 583728 719688 116677 154345 597362 538750 901666 390155 42538 373724 400823 396014 829553 541301 410028 694038 350241 723417 407968 476143 501463 842000 388686 551297 554506 294079 553411 709026 402088 310600 73828 229673 437391 157889 363098 387725 305728 447605 298789 304089 441797 698818 570394 732212 108238 702898 615650 692353 953126 269739 695403 271154 695233 564452
466459 232890 1000441 625160 135672 775684 615853 398553 141444 731610 433539 867654 444936 483004 395349 659435 97247 152243 152408 221858 492070 716774 643242 599740 735589 541302 999999999 542275 448073 85927 456827 590777 622680 475781 840121 571276 244133 611848 615456 290593 571301 427390 568621 761580 408926 532461 1036998 716718 530536 486573 1023593 304502 796742 682223 513737 796057 514025 903171 737972 180075 178795 154323 680360 728711 699577 177709 615049 696000 188427 918591 165644 684045 948002 785847 758617 369498 573865 746415 549711 464101 634956 678890 763129 770945 661327 469952 246997 413339 1030302 561580 590540 333259 94262 525530 835458 445708 340691 298791 616893 80682
128584 552570 481721 446752 464971 775369 509812 496530 402286 199942 419335 414831 98074 341452 487145 665965 587668 481472 500695 593685 140667 368051 390798 522576 213933 313562 542275 999999999 97216 491902 420987 482891 270621 378660 315580 123291 589304 340835 690333 316406 167274 620553 545936 328780 446921 342226 511362 408940 420070 165710 488124 363375 598886 698601 337576 276571 104273 438016 527684 637284 363682 685856 141523 411723 717137 579599 188077 552208 487276 376370 459805 172457 407782 396355 218984 525133 260723 508745 129699 174164 666627 695930 276114 760568 140841 72426 321270 487198 508496 462771 421441 535052 635893 428399 650640 102158 521340 423500 400848 603155
117973 479128 561845 414751 379739 726392 466612 417150 307206 296367 387813 466542 32793 328847 442959 611296 498646 398914 403668 516955 148757 418728 416426 474411 308261 278068 448073 97216 999999999 402433 394763 480956 313114 319032 397396 181591 494417 366278 626004 247791 175757 538065 489192 369022 371108 300400 594955 451177 369053 125394 576970 302836 625392 643792 291015 355135 132127 495139 553201 540137 270417 594335 232290 456634 662924 482802 247646 563938 391021 471205 378248 244070 499959 459967 310554 441184 245779 496799 174365 120549 607855 640894 337975 712787 217334 33884 239985 446505 590227 456692 384536 476956 541138 417903 676597 8851 465251 334007 417625 506974
402765 164054 963003 637877 49797 821832 639406 437823 119582 673014 347627 845005 393863 399348 311041 702403 96233 68451 205746 167935 425282 636831 559875 626828 674210 539107 85927 491902 402433 999999999 370933 504850 545759 488460 799539 506315 314051 530104 666440 213663 544035 486011 602307 740016 438001 535579 997137 634482 546862 461045 978910 220691 710854 727547 517166 756676 450969 878623 652381 263853 137240 195489 632724 646729 745722 251957 545061 610082 236268 866918 79813 644819 899683 707306 710702 416345 561068 756251 483571 439473 680529 724179 731174 815551 619472 419783 178290 328791 991911 475663 602310 254534 167633 439750 749540 401573 260131 326719 532645 166332
293674 284738 871643 794739 321157 1071354 832043 703224 395526 505677 23541 835181 363554 90392 103711 949760 424047 307977 539572 332104 281922 320172 216455 832251 489432 661610 456827 420987 394763 370933 999999999 134468 271373 670889 710878 340352 657923 209117 940213 212662 567742 793221 830854 749009 677213 677259 890840 296915 729742 517188 849934 164140 339923 980312 663776 680180 320810 856440 283186 631229 358636 522641 536296 310687 999808 606791 329609 240167 555923 711931 291610 589098 759257 396114 597544 703040 639509 887892 317811 506814 937397 977067 694576 1060503 556162 380745 268959 91096 893306 104890 761270 192862 530954 70142 379370 401510 174926 587343 180942 537228
366777 406073 889781 893353 455137 1185433 937770 825871 527968 516183 157420 884582 448229 154326 212738 1064923 553680 440842 672688 450894 344220 259733 148593 940762 493228 757441 590777 482891 480956 504850 134468 999999999 259705 779473 738182 377515 791082 174405 1060756 340195 643695 921021 944212 808680 796156 776813 902262 217989 836323 606342 853723 297009 206766 1096180 765047 714117 378648 900714 156644 765682 489512 649169 574313 231356 1115706 740894 342829 105723 687789 711396 425270 637518 762491 329882 623148 828938 725553 977389 360291 599710 1054667 1093003 742112 1173708 604774 459766 397586 194576 907705 30018 861488 302380 662873 71290 244927 488848 285974 712012 112676 671003
203157 523065 630364 715623 501121 1037756 774839 722581 509532 256858 284994 638735 284019 184787 371930 923975 626319 502166 646039 571620 168758 107354 129400 784920 233533 580449 622680 270621 313114 545759 271373 259705 999999999 631926 481525 147717 756638 86558 938626 332510 437442 837721 802039 573599 680170 606872 642581 139265 680163 427241 594780 335009 330591 956530 599797 460708 181655 651042 260927 768988 464161 731473 326866 143727 975578 725103 91206 299173 647084 453009 480192 396642 503461 165020 367058 740315 531202 778838 143059 429131 920957 953665 497360 1023700 365465 281537 377755 361718 648019 251813 688682 453749 712729 235193 382199 321957 435989 625529 152437 699841
434481 634151 644370 149843 499709 408906 162383 159410 370749 551362 657100 458978 349446 625334 684808 292313 566248 528599 341005 652300 466998 736744 733046 161526 574921 105971 475781 378660 319032 488460 670889 779473 631926 999999999 520500 494121 351178 683410 311723 469919 253549 279489 170160 360810 106637 76987 689665 770207 60867 213298 703021 530717 940490 324776 63437 477589 450378 498801 868452 450599 372332 623899 440750 775567 343945 386349 561172 871378 305852 652750 517952 391705 657182 773054 499081 205520 177147 270635 491098 205409 289416 321869 411199 396061 391979 350444 424943 694758 676232 752251 114808 682420 540860 710928 991095 310181 677478 184517 730769 487007
436225 868146 166171 490651 776790 817628 571845 676830 698759 228183 714318 191723 410032 622822 790434 739759 895771 794947 768753 909101 435410 532420 608850 597409 257086 415966 840121 315580 397396 799539 710878 738182 481525 520500 999999999 370639 832137 567990 794886 631946 286317 799834 643714 198811 622232 448647 197598 586630 526738 366356 188281 677303 789140 769039 457922 45298 396554 186539 727524 904201 665555 989718 177921 581954 783479 840952 395355 778232 746151 149962 773707 156159 138656 512813 115070 719102 343356 473775 393117 388534 754352 767449 113177 800213 180090 383936 634874 787731 193219 725742 487213 846414 931043 699965 837608 397976 831800 650174 633946 891434
104917 529389 531630 569689 469682 895893 631252 598735 440415 176352 344630 507092 158862 252268 423681 784462 597521 479337 561398 575156 81908 245419 271294 642843 170547 435600 571276 123291 181591 506315 340352 377515 147717 494121 370639 999999999 662628 222375 804369 301667 289744 719149 663343 433382 552446 463269 552428 285657 539096 284358 515499 330968 477471 817104 457429 341329 58872 523998 406897 693506 396517 701130 198485 288480 835892 641815 67055 436934 555146 383451 456619 260073 426572 279439 257248 622018 384008 631121 24842 288941 783438 814342 364628 881395 227448 147804 328038 419461 553988 361214 543742 488006 665217 331913 529185 189999 472026 512343 285382 641536
564425 474757 975090 481720 356435 550841 445291 212756 263530 789095 636270 804282 507573 659354 617300 442960 336283 381374 118394 465979 597270 861206 810872 421639 802547 448249 244133 589304 494417 314051 657923 791082 756638 351178 832137 662628 999999999 770421 386161 455536 545827 191747 376854 701563 250558 425748 1017807 874385 387529 468579 1020279 494112 990166 460753 408933 786941 604454 843486 924873 112401 304730 340724 705367 884405 476257 68358 721183 896350 109575 942616 386965 682576 959576 920519 778849 167610 506441 601650 647056 447617 414409 457570 733566 548715 669885 526005 398684 633889 1006759 761073 452939 568330 252531 721130 1033871 488138 573039 182585 792069 198922
249056 482232 716656 778254 482446 1091976 832818 759617 513068 343288 227120 722944 334627 136299 312779 975418 602106 478465 655508 530836 217595 112638 50452 840557 319363 641778 611848 340835 366278 530104 209117 174405 86558 683410 567990 222375 770421 999999999 983830 323997 507807 869029 853141 654560 721142 665971 728217 105320 735117 487435 679321 310489 259959 1007709 657177 546594 241986 736228 187973 770144 468678 705886 410888 116910 1027012 732118 175023 215376 661410 537005 457840 478834 588098 188336 453401 772480 598205 848763 211266 486161 969953 1004725 581040 1078632 446995 337914 376539 299866 733980 169400 749448 400370 697532 159651 311538 375020 382357 655441 65994 691432
737454 829868 887904 306618 696974 165370 225865 238225 572259 859238 922848 680812 654612 909741 931461 83795 712200 725762 464411 831801 771124 1044701 1032303 198222 884109 394807 615456 690333 626004 666440 940213 1060756 938626 311723 794886 804369 386161 983830 999999999 728402 557399 194856 152436 606535 264917 361336 935235 1075379 278236 525010 962868 783879 1235958 83405 359742 756449 758127 719197 1164684 494320 595203 726824 744900 1081591 94078 452799 871384 1158800 430890 938238 723528 687739 933445 1083731 795544 250372 466970 373765 799925 516652 52197 80987 681709 165259 693593 658614 674340 944813 918494 1031931 307762 905791 638359 989994 1285357 617208 905733 356149 1025909 583759
203868 236267 798107 603725 171255 862928 632291 490927 192710 475132 194506 714333 226057 204056 215469 740894 298972 178024 337862 278593 219789 426532 359587 629624 472095 477277 290593 316406 247791 213663 212662 340195 332510 469919 631946 301667 455536 323997 728402 999999999 419448 581261 623804 616038 466723 487382 826994 429312 530217 350338 800110 61559 535018 770895 471941 592749 251082 742659 469339 446502 150986 403911 456030 440758 790328 411389 333865 443897 349513 677464 155283 485488 715528 495258 530993 490439 470542 706942 277643 334348 727206 767614 584075 852728 455588 251120 57530 224857 824663 310345 568826 231321 380236 269067 579689 251070 221287 374714 337820 368887
277927 643501 435068 286903 531154 623167 356939 400270 432670 302327 562091 301696 204962 496114 618713 521055 638624 554148 485668 677495 299702 532111 557900 374100 328425 163528 571301 167274 175757 544035 567742 643695 437442 253549 286317 289744 545827 507807 557399 419448 999999999 525939 406594 198635 345944 196387 475413 575012 279301 84831 474521 476753 766159 553264 198018 241114 267749 334611 694918 619718 406796 724639 187879 577166 570848 555862 352228 717659 461332 404762 535454 141038 415879 553242 246573 439273 97903 341505 296920 107457 526608 550892 193525 607474 138442 187108 402270 622184 466103 621654 265976 650374 658366 584902 817913 170578 639338 364034 566838 614760
635119 650002 921658 363399 521575 360056 303684 126163 405396 810791 773696 728895 560854 776602 770223 257689 522913 549269 280416 647360 669598 945045 914542 274874 830630 385029 427390 620553 538065 486011 793221 921021 837721 279489 799834 719149 191747 869029 194856 581261 525939 999999999 220536 636034 180030 353798 967490 967885 285839 467494 982386 630922 1109160 272053 342595 756642 665658 768891 1040000 299546 436196 532441 708262 975994 286491 259143 784030 1023448 250763 929653 550123 666614 936025 994420 772360 97475 456560 470347 709246 451903 227062 268994 690647 358840 663058 571944 524343 785150 953444 891313 344674 734112 444261 849746 1156291 529966 736128 213591 902268 390239
604385 759942 742602 160937 623926 241225 86792 171508 493679 708872 815562 538609 519531 790696 835304 122277 665095 653357 417957 770209 637062 906650 902621 56539 734406 243322 568621 545936 489192 602307 830854 944212 802039 170160 643714 663343 376854 853141 152436 623804 406594 220536 999999999 458451 165038 210207 789733 940367 127561 380274 814521 682830 1109480 154649 210316 604702 620448 577850 1037550 488914 506806 701278 593547 945701 173887 433421 730341 1038234 381020 786185 646801 535443 782360 941668 643186 210289 314832 252729 660933 374409 120874 151721 530598 229735 541860 520520 573977 846816 773650 916370 156743 822227 612937 874710 1159859 480341 819532 275631 899491 556690
455367 842068 286340 299929 729043 619646 380993 520086 625946 360152 746137 106191 394800 670188 808928 546382 833560 752448 661058 876089 469394 650480 702038 408353 392009 256043 761580 328780 369022 740016 749009 808680 573599 360810 198811 433382 701563 654560 606535 616038 198635 636034 458451 999999999 467300 284033 332878 700658 351990 279126 356358 671857 901875 574621 297923 171353 432116 143344 833890 788952 602973 915795 251676 699415 588261 723775 482461 869820 632188 348700 733949 177779 333202 650510 250180 566260 195880 275117 448696 300543 563264 573222 95385 602157 208160 372984 600795 810842 317952 789982 302558 845966 845090 756672 952879 365137 834238 520855 718551 798164
477392 594922 750081 232099 458894 397502 207746 54649 328657 632994 660559 565546 397271 644844 674822 275282 504226 488325 262105 605767 511573 787147 769064 190834 653890 211683 408926 446921 371108 438001 677213 796156 680170 106637 622232 552446 250558 721142 264917 466723 345944 180030 165038 467300 999999999 183623 795074 815031 137034 289163 806601 524069 971525 304541 169435 578520 502252 605393 900450 355618 342948 548488 528640 821905 323895 293544 618746 893891 225085 749995 481838 486720 757460 831034 592330 98963 280172 353419 545188 274945 260484 301233 514752 388341 483060 404719 414494 687095 781958 767467 202438 658262 461883 725545 1020725 362564 656072 111522 761644 406208
418373 672017 568339 117486 540823 433152 168043 236055 416091 498678 665747 382044 332815 622777 702503 326057 618948 568808 406146 694553 448477 708577 716290 180625 524392 33784 532461 342226 300400 535579 677259 776813 606872 76987 448647 463269 425748 665971 361336 487382 196387 353798 210207 284033 183623 999999999 613912 746126 83105 179634 629006 548938 925550 358517 18728 406727 426234 421844 853372 522133 410181 683803 383580 750233 376575 457279 529578 863436 372550 584806 555787 327861 586368 738385 435869 282477 107493 223401 463949 179933 330378 356015 337784 418358 332340 328098 448798 710697 600177 751000 84678 709791 603442 710661 976852 291836 703072 252735 718009 551068
628004 1063238 47390 629540 974161 929050 709483 848884 895752 387554 896565 257332 606970 801060 976022 870055 1093369 991999 960943 1104949 623640 671380 763085 737949 409051 583728 1036998 511362 594955 997137 890840 902262 642581 689665 197598 552428 1017807 728217 935235 826994 475413 967490 789733 332878 795074 613912 999999999 726074 684683 558374 66936 870215 921641 896200 626237 240988 585687 222413 867470 1095084 863011 1187082 370981 718676 908017 1031053 564611 927859 936671 198696 970617 353083 145147 633881 297968 893716 515811 578958 576327 580914 889758 895175 284248 911347 377682 580827 831814 971858 20372 893537 634865 1036699 1127408 872157 966354 595574 1021495 835222 792808 1086782
337997 578569 721312 854720 586443 1176724 914078 855685 618102 358812 317757 757254 421251 237028 399139 1062439 704416 581392 760049 626778 304260 54841 80460 923988 329575 719688 716718 408940 451177 634482 296915 217989 139265 770207 586630 285657 874385 105320 1075379 429312 575012 967885 940367 700658 815031 746126 726074 999999999 819105 566493 670886 414235 203203 1094953 738960 572784 320507 765344 141838 875434 573565 807462 449671 13908 1114062 837016 223497 205375 765148 528496 561179 522891 581688 112692 476400 870852 669662 915883 282303 568149 1058846 1092062 618798 1162751 493386 420169 481726 384034 734586 227108 827924 489600 801680 234866 253127 460028 471726 754557 117235 796462
486135 694245 638305 96324 559446 357619 102361 180542 429947 581458 716361 443069 400491 682025 745290 245906 622534 588446 391003 711604 517780 783580 785099 105486 606868 116677 530536 420070 369053 546862 729742 836323 680163 60867 526738 539096 387529 735117 278236 530217 279301 285839 127561 351990 137034 83105 684683 819105 999999999 254907 703721 591151 993463 278537 82963 485880 498603 483061 921311 492193 432751 676280 466668 823870 297082 429403 605900 926750 354816 665521 578165 410483 665090 816331 518470 228976 189638 218583 537991 251054 248226 275881 414544 343785 415430 399046 485697 755074 669940 809450 65411 743280 591660 768336 1044370 360257 738343 234233 784349 536883
242045 566820 518831 290934 450277 611561 347612 341520 348388 343834 508741 383969 158156 453963 557649 500634 555070 474228 402766 598848 270542 529339 537849 358504 365163 154345 486573 165710 125394 461045 517188 606342 427241 213298 366356 284358 468579 487435 525010 350338 84831 467494 380274 279126 289163 179634 558374 566493 254907 999999999 554480 409975 747323 533281 173083 321077 246766 417998 675213 537859 323908 640061 242464 570647 551935 474639 351052 688675 379810 474865 456325 214119 491055 561552 312005 375732 122634 371785 284355 22682 500925 530573 278014 597145 202120 149833 326799 562961 549645 581961 262164 581444 573544 542933 798790 117534 571618 289131 541176 530164
598051 1035619 97151 656250 953088 966853 737203 861000 882166 344263 857047 296412 585616 759666 938479 901279 1074984 969365 956517 1078702 590402 616508 711874 764707 362461 597362 1023593 488124 576970 978910 849934 853723 594780 703021 188281 515499 1020279 679321 962868 800110 474521 982386 814521 356358 806601 629006 66936 670886 703721 554480 999999999 840037 863752 928648 639795 233569 553624 266149 811568 1092228 847163 1171285 346632 662863 941428 1029118 521080 874307 934287 142902 947526 342359 91334 575317 269563 904325 526495 616424 539967 576565 919162 927419 291904 949171 362525 559524 809278 933272 84737 846552 658141 1002973 1115464 827248 907502 578556 987243 838166 742958 1077243
242321 198505 843295 665238 172231 921098 693098 545806 231393 507138 143319 768465 278441 178673 154177 798933 292747 168536 375721 244943 251112 419315 339183 689929 500639 538750 304502 363375 302836 220691 164140 297009 335009 530717 677303 330968 494112 310489 783879 61559 476753 630922 682830 671857 524069 548938 870215 414235 591151 409975 840037 999999999 498523 828579 533471 639644 286588 795632 436352 472619 195102 397455 499873 426672 847954 444449 352612 402445 391798 712922 147462 534863 753498 491756 572616 542469 530885 768399 306202 394600 784393 825278 635646 911221 503987 302357 109666 164274 868922 267014 630303 174154 387491 227546 540652 306896 162591 428510 312399 385011
507595 610410 919746 1038189 661075 1349394 1091964 1006413 726689 561718 363266 960356 593351 333104 416838 1231626 760217 647429 872053 653818 477087 256799 209511 1098949 532087 901666 796742 598886 625392 710854 339923 206766 330591 940490 789140 477471 990166 259959 1235958 535018 766159 1109160 1109480 901875 971525 925550 921641 203203 993463 747323 863752 498523 999999999 1263699 916403 775953 501817 968526 72191 970209 685988 854632 651767 207192 1283103 942776 420586 105599 884512 723013 631488 724168 776545 288561 679524 1014532 857738 1107577 469284 745638 1224737 1260654 821454 1336393 693951 597669 592348 398289 931328 235359 1009224 503795 869636 271697 51754 634063 488366 896817 210189 877148
759014 889458 848835 279491 754743 94367 199815 290716 626937 854973 964212 639278 674179 943187 979225 32648 779426 783932 529965 894588 791711 1060902 1057127 179298 881643 390155 682223 698601 643792 727547 980312 1096180 956530 324776 769039 817104 460753 1007709 83405 770895 553264 272053 154649 574621 304541 358517 896200 1094953 278537 533281 928648 828579 1263699 999999999 361257 733314 774902 676253 1191831 570886 645595 800191 737646 1100219 19526 525845 884025 1191325 494897 915886 779883 675165 906513 1094812 781545 312904 457917 321588 815164 528337 47268 3372 656517 88773 684894 674993 719029 991611 878573 1068021 290231 959753 711336 1026229 1313955 634942 958457 407267 1053620 655988
408860 654342 580981 131854 522810 438478 175646 222734 397718 499497 651870 397299 323129 610847 687252 328656 600311 550882 387683 676517 439582 702388 707393 185421 524503 42538 513737 337576 291015 517166 663776 765047 599797 63437 457922 457429 408933 657177 359742 471941 198018 342595 210316 297923 169435 18728 626237 738960 82963 173083 639795 533471 916403 361257 999999999 415379 418610 436976 844212 504411 392325 665085 385867 743376 379665 439473 524056 852773 354235 591963 538054 332834 595064 733927 440711 268394 114821 240979 457157 171181 331107 358642 348072 424102 335506 319713 432449 695711 612847 738947 97549 693254 584793 698390 967580 282340 686751 234728 708240 532494
400096 828659 206735 454081 734849 784959 534939 633153 654779 214998 682521 188231 369177 593306 756772 703515 852886 753540 723541 868946 401656 519389 589423 559735 245895 373724 796057 276571 355135 756676 680180 714117 460708 477589 45298 341329 786941 546594 756449 592749 241114 756642 604702 171353 578520 406727 240988 572784 485880 321077 233569 639644 775953 733314 415379 999999999 362500 192593 712283 858930 622138 946128 143959 569102 748232 795660 372131 759328 700863 182574 732503 112103 179693 506116 96586 675025 300597 445375 362729 343277 717018 731615 78038 767685 138097 343214 593722 754806 235238 700255 448726 810123 886689 672771 825328 355343 795868 605055 612549 846713
