NAME : synthetic_000949
TYPE : CTSP-D
DIMENSION : 100
GROUPS : 8
RELAXATION_LEVEL : 1
EDGE_WEIGHT_TYPE : EXPLICIT
EDGE_WEIGHT_FORMAT : FULL_MATRIX
EDGE_WEIGHT_SECTION
999999999 557992 586639 548849 928679 795995 169157 588133 714740 532736 687878 587473 1065946 1174752 563672 1333022 715964 306332 793487 962170 365902 307260 1129740 44986 1025950 398571 497922 1031556 805297 736815 841344 1130367 1262935 1065139 910123 1158855 845439 754680 414739 946040 765961 874712 861909 872986 864518 474329 1136549 743849 790618 877232 362587 470078 249008 363949 1100836 545676 707559 1290972 956859 146706 90718 938717 1095465 396657 557929 741702 1018713 769878 744717 1059332 1246250 854942 645924 939756 924280 1006963 405862 690219 786204 802738 459315 721468 995798 359030 686508 535870 1011076 1011873 1243048 378237 984080 516345 1065682 1103685 168083 927714 690785 845788 400783 508457
557992 999999999 40748 601515 457421 353773 417144 117639 162453 100191 706646 234738 593564 771290 440231 845364 342565 476308 435952 432335 222951 477271 620220 538652 620214 452838 327229 524196 443765 193043 303902 650176 761583 650460 769379 745797 315152 198864 487952 462381 264961 393594 365268 428260 309667 134152 641234 328398 304998 338114 196176 233081 309562 200787 686537 400898 569876 808362 653998 478087 483539 400769 539992 327019 90751 295103 680151 318430 533241 512207 767561 324913 673672 751634 560259 530630 198695 241044 347675 267666 205482 644147 668236 201800 451451 515213 456592 487799 769209 429439 471078 167413 656348 662257 455677 535676 372872 732678 532958 371389
586639 40748 999999999 593571 416682 314248 450879 146170 149216 138504 692777 209594 552851 731169 425039 805208 308159 484993 400401 394076 239422 485879 580723 565160 580449 453416 316342 484347 407791 184853 266129 609616 721884 610340 742846 705508 276357 179733 487576 421678 224216 398464 367394 388089 278026 138421 601082 290938 264305 300867 224121 273364 339845 224639 646337 386211 547826 768018 618749 499425 514951 389136 508987 328735 125238 311007 642798 332226 506416 477522 727083 286145 661372 722234 522619 489912 238456 259916 362459 260644 203599 624664 631520 227892 425374 505118 435355 449096 728639 431785 466397 206120 616355 621608 476171 496889 342416 708638 534634 359915
548849 601515 593571 999999999 659573 545630 586303 710188 734812 666266 141315 412160 761476 771251 190091 1006251 441105 248033 455291 776761 429856 246882 868628 503948 653509 181188 277952 787027 465042 773744 707942 823421 966602 693049 376040 767390 695843 752412 149103 688187 602861 992027 960622 591095 778500 470272 850754 493656 595086 736276 505815 723660 513930 479098 721047 220588 219181 962179 509351 409277 568491 963756 967982 289736 675037 895451 585925 919616 298099 898494 918097 701582 98791 422057 538921 721945 631123 839824 948345 848140 397129 189036 558972 492108 298367 92401 972887 802445 908730 210709 1052796 707674 687947 752899 395871 568700 379749 308689 148170 235814
928679 457421 416682 659573 999999999 133887 829916 539102 416398 551376 678214 342191 139752 326388 479020 404924 231213 708870 207807 159024 567347 709040 213657 895202 192338 627033 461864 127595 200061 443317 208005 202381 335775 209646 567110 297586 184492 389781 644654 30444 192801 629337 590130 68495 284972 468163 209515 189248 152790 200493 598403 688907 709323 584487 242017 463463 479660 363767 330009 803473 877810 505050 351374 551471 532427 625311 306138 631180 393343 269206 319903 178970 669609 509695 207844 78439 651363 599078 659854 474770 469488 563731 310379 595072 362728 575593 439899 155865 318696 624302 609804 618037 218826 206514 777900 158541 284169 572528 696326 477362
795995 353773 314248 545630 133887 999999999 702250 451285 355453 452702 582923 208751 270000 418700 358895 537029 105143 576586 129645 232130 437063 576799 344810 761968 266582 497193 329847 251719 129521 389972 197003 334399 469654 298128 520529 394459 176502 341193 516808 155606 115930 601932 562982 79437 282545 342370 343394 56448 77289 212812 473468 586536 581360 457545 334641 338660 389152 495063 328569 669687 747299 505367 427818 417783 437571 569928 336566 581316 310446 354209 450504 178113 568351 476613 216678 211437 538298 533857 611796 439881 337437 476262 329673 468982 259093 457626 470309 257665 447913 492919 609427 520331 303333 318431 644121 184322 166091 510680 569077 348317
169157 417144 450879 586303 829916 702250 999999999 429309 565323 375852 727157 501184 969543 1104647 544008 1233680 637796 342149 725196 840717 267851 343416 1019227 175716 951793 410369 450198 920926 736483 583371 714936 1031951 1157152 988970 913529 1085176 722431 606980 438138 843248 652263 708251 697083 781502 726786 361890 1032161 655361 682898 750329 233623 301607 120903 245446 1025581 516142 699409 1193363 912966 201415 78830 780197 956727 355526 401958 574559 965891 602606 716925 928399 1149788 732183 684758 930139 860207 908059 244055 524303 618082 645360 370912 733158 945670 235359 646646 546592 859516 893636 1148475 382878 820045 351852 991315 1019126 202374 854982 626651 854383 444737 474534
588133 117639 146170 710188 539102 451285 429309 999999999 152510 56603 820238 352146 668641 861730 555355 906859 453926 562322 545285 482807 303686 563412 676582 577221 714252 552395 440247 585616 552256 158938 356822 720094 818348 741441 886762 834551 373947 195423 588390 538750 348651 302987 281899 520415 333376 240110 704546 433856 391753 386098 250677 167268 343818 266664 776555 515884 687361 872902 763622 534710 504288 351103 550024 427283 36571 187146 784756 213210 650496 539886 834740 383036 786121 867865 664252 606709 185502 130379 240068 216083 313352 760921 774622 261274 568853 626353 433535 539931 838317 526814 399835 91988 748438 745594 515317 635527 488296 850316 629949 484475
714740 162453 149216 734812 416398 355453 565323 152510 999999999 194341 825362 331676 536184 742786 558196 762674 390747 634055 470533 337360 384746 634952 531401 697880 602708 601452 456951 444385 474791 39951 217205 582720 672333 625037 844493 713830 237621 43186 635112 410491 240813 265299 229977 412006 181694 287550 562899 355610 283687 241997 356277 319762 465786 362852 658276 520779 665253 730601 682860 640301 636248 240074 398796 477437 167942 214532 690815 226394 611160 387563 694340 245674 796623 813637 571782 476373 327384 182789 257165 113427 351841 747060 684995 362994 534612 644453 296407 394308 699178 580454 319093 244463 633425 619915 618051 535608 440338 818487 682940 499179
532736 100191 138504 666266 551376 452702 375852 56603 194341 999999999 780731 328642 685111 868934 518966 930899 442184 509321 535907 510470 251382 510438 702523 521083 718713 503897 401791 608857 543830 208051 382268 739490 844471 748141 861453 842897 396984 237369 540121 554084 358661 358546 338286 525905 369855 199719 727268 428550 400254 413990 194900 138126 287488 212071 783968 479495 657038 895378 753768 478180 449828 405996 592822 379963 26527 238423 780336 265478 626337 576825 855805 406477 745365 846906 660406 622444 133788 181259 290761 270203 272069 727339 768402 205895 544126 584803 484251 567211 858383 477531 456431 67629 754357 757356 458915 635343 470013 821751 580065 445734
687878 706646 692777 141315 678214 582923 727157 820238 825362 780731 999999999 494016 759298 727024 267920 983580 485059 389257 470892 813620 556578 388096 875628 643135 631090 319143 379993 804463 478176 865148 764731 816539 956631 667856 267730 728898 749163 837243 289151 708346 661058 1088434 1054779 611746 842433 581310 850095 538067 644526 788813 633705 850076 651315 606384 690545 306566 198697 940445 460631 549997 709701 1043237 1010640 415743 786516 1001611 538845 1024211 286244 935262 898466 753376 42524 328595 521073 729759 758896 947589 1053938 937101 508662 120002 511893 620141 323929 198282 1037896 830246 887145 348177 1137879 827575 660578 732920 537043 560078 421455 201878 288443 335763
587473 234738 209594 412160 342191 208751 501184 352146 331676 328642 494016 999999999 478524 604085 228195 745677 137632 380073 229717 403583 233412 380479 549055 553218 450824 313331 144701 452590 240177 371566 308158 543110 677748 487792 534647 584082 301248 343658 340136 361514 207466 596010 561520 285589 370184 156581 551306 156642 216884 340676 282052 441700 380808 261610 524422 192578 338652 703514 438098 461519 541355 552640 577071 214790 324613 519567 477841 539578 298535 518403 658777 308868 466466 518266 364566 420124 372491 469425 570216 443085 130938 417351 461218 274829 216720 319954 562450 444403 655678 302317 644682 390877 490254 519567 435933 354701 144716 499089 392527 179492
1065946 593564 552851 761476 139752 270000 969543 668641 536184 685111 759298 478524 999999999 227989 591475 267201 357736 836070 308602 219265 706251 836142 124012 1031614 155509 750012 589978 113809 297964 558171 319382 65356 207362 142490 602973 196256 298576 504302 764372 131207 328787 721386 683188 193733 380195 607867 90800 322723 291032 299792 738155 823154 848884 724141 157667 581530 562761 225063 343778 938205 1016705 580447 360677 683467 664903 736340 290154 738622 474680 280053 180634 290566 757267 535575 242322 62963 789236 716416 765509 577387 607374 640285 305951 734793 463997 683616 492660 176986 178959 750030 681109 750892 154790 96572 912695 199400 401843 623317 814718 600607
1174752 771290 731169 771251 326388 418700 1104647 861730 742786 868934 727024 604085 227989 999999999 638148 281354 466890 907354 381833 445436 836869 907100 320386 1135693 153808 812329 677522 341713 370150 769274 531660 222311 299007 120831 506774 31777 508839 715550 816827 334708 513081 945464 906818 343085 601238 753938 269231 455083 470062 517962 884018 1004367 984691 865108 85175 642447 552860 245441 266555 1035502 1139866 807726 581558 778444 852011 950739 188262 955498 474773 504114 217310 502285 737847 432070 251263 274896 956601 925452 983544 796558 733746 609523 215332 877841 502874 712416 720376 404963 201381 820515 908929 936408 115485 131591 1010982 249671 484074 549284 861026 673301
563672 440231 425039 190091 479020 358895 544008 555355 558196 518966 267920 228195 591475 638148 999999999 847360 253773 272411 283166 588450 318010 271995 691366 520628 503135 175485 118538 605371 294192 597868 517950 655523 798721 543680 373362 628386 505752 571772 178992 506453 412848 820630 787215 410808 589517 319541 678249 305418 405315 546186 393906 601835 442734 366437 575705 39506 156928 803192 397716 417501 552465 780522 778293 190110 522637 734662 465589 756861 181184 709809 758144 511513 238503 386139 390329 546290 514954 681252 786770 670498 249277 210901 440721 381250 135576 99209 784449 616535 750524 188242 872831 570455 540841 596872 395620 409846 195098 319781 225815 77276
1333022 845364 805208 1006251 404924 537029 1233680 906859 762674 930899 983580 745677 267201 281354 847360 999999999 623522 1099974 565416 425320 972244 1099988 231370 1298810 353970 1011631 855102 322042 553990 776533 550094 202692 94577 315947 782704 266595 534040 724867 1023700 390440 584950 896863 862269 460812 586792 871814 204131 589901 551259 521354 1001067 1068500 1113399 988298 293942 841255 795579 44202 529205 1205258 1282684 739778 459894 949910 908545 941741 454344 938094 710021 409785 89295 524648 988415 708631 467762 326485 1043602 932804 961080 776954 874162 863751 479487 998417 714906 934825 628468 368396 97521 1013343 826031 994094 323002 253384 1179764 438874 663743 819609 1072753 863238
715964 342565 308159 441105 231213 105143 637796 453926 390747 442184 485059 137632 357736 466890 253773 623522 999999999 478953 95022 335705 369985 479069 444815 679417 314083 395831 232334 354562 104401 429195 280805 423092 563058 351788 455068 447571 264314 387611 413764 256495 179895 651776 614107 165688 361704 291748 438262 53311 159482 303786 419399 566248 517809 399237 388212 234007 296957 580295 311624 583249 675065 575269 528893 326565 432622 599240 343692 614848 227270 457577 535038 268339 467871 423070 227865 304607 504091 555774 645891 490285 266884 383990 328994 412400 162643 352598 555814 362808 530368 393639 676264 508181 353693 387729 557912 217289 63666 434539 465699 246151
306332 476308 484993 248033 708870 576586 342149 562322 634055 509321 389257 380073 836070 907354 272411 1099974 478953 999999999 537214 783644 258704 1316 921377 261466 766886 97437 247007 827506 548994 668120 682635 901376 1041988 807320 603891 895732 678552 663532 108463 732156 586275 863614 838600 644596 732726 346573 917124 520259 596674 716804 319684 528362 288043 298330 840938 264955 404856 1056247 669959 162435 320459 874100 952067 167592 525788 747741 737825 774736 451468 897341 1010889 686723 346751 635474 657055 783503 435886 690580 799949 743485 288464 415142 713095 306915 405327 230166 913031 823764 1004965 87245 947359 532506 805691 855401 147857 670403 436493 539459 102693 237328
793487 435952 400401 455291 207807 129645 725196 545285 470533 535907 470892 229717 308602 381833 283166 565416 95022 537214 999999999 346950 458323 537136 413398 755041 232802 446743 298086 334995 11892 507436 326642 372393 515668 272541 390891 365374 305919 461819 458299 237704 239833 725294 686752 140854 412161 385539 396449 115042 205773 341295 511587 661119 606279 490418 307698 275898 272753 521353 218375 655935 758252 634381 545292 398056 525425 682805 248884 696665 188236 467055 476121 307100 461806 348477 135347 266654 598920 642000 727558 562895 355382 358096 233980 503976 156936 375230 599164 359586 469209 450064 738045 602289 272433 318193 631084 134697 102982 382306 507668 299902
962170 432335 394076 776761 159024 232130 840717 482807 337360 510470 813620 403583 219265 445436 588450 425320 335705 783644 346950 999999999 596771 784056 194143 934145 337214 713562 543190 111400 342015 352490 128720 252615 335611 343214 723259 413983 118321 300058 736984 132505 199485 502285 464259 210919 165387 487856 227032 283164 188014 96765 608030 646701 724414 600869 368309 565067 617646 393655 488955 852083 899253 362520 198349 617554 486936 524277 461265 524242 535010 122079 358803 108551 800164 667755 366868 172795 630445 510151 550010 362001 512384 704058 467583 608289 490472 687605 284458 57140 364873 704934 464819 571582 354460 314128 826788 317508 397991 724651 789718 568890
365902 222951 239422 429856 567347 437063 267851 303686 384746 251382 556578 233412 706251 836869 318010 972244 369985 258704 458323 596771 999999999 259782 764592 337489 683945 257158 204839 666260 469461 415957 478092 769717 899301 721151 689145 817327 480805 418595 293503 582918 400060 605067 580680 515841 509646 110176 773224 388461 425467 513964 77324 294045 147999 49834 757747 282296 473063 931035 653006 261893 310474 623719 738827 140970 267133 489656 701843 516421 471510 697082 886875 490187 517686 693162 593598 645780 202318 432489 542122 490176 103157 526619 682727 63993 394621 358537 674763 646017 884771 229299 691695 281471 723464 752269 237891 587227 361732 637654 330153 241011
307260 477271 485879 246882 709040 576799 343416 563412 634952 510438 388096 380479 836142 907100 271995 1099988 479069 1316 537136 784056 259782 999999999 921583 262384 766730 96925 247176 827756 548912 669048 683181 901444 1042095 807169 602995 895520 679056 664382 107576 732362 586740 864669 839626 644721 733387 347458 917257 520464 597050 717331 320871 529622 289355 299484 840763 264723 404139 1056254 669508 163476 321613 874993 952627 168152 526876 748859 737443 775846 450954 897818 1010896 687217 345591 634688 656838 783632 437135 691697 801075 744423 289204 414208 712693 308093 405012 229337 913795 824112 1004952 87119 948329 533699 805520 855326 148997 670281 436473 538528 101446 237263
1129740 620220 580723 868628 213657 344810 1019227 676582 531401 702523 875628 549055 124012 320386 691366 231370 444815 921377 413398 194143 764592 921583 999999999 1098403 278640 840569 674525 98440 403927 545262 320446 98180 141962 260714 726809 289773 305870 493499 858301 189221 366995 675380 639326 280928 355791 659460 51515 401119 339167 290563 785609 839529 900390 775327 267472 676889 677638 201745 467785 1009884 1073042 522782 265548 761723 679561 712407 412576 709950 589595 195892 171770 296256 871201 659587 364187 146927 818915 701901 733948 548033 671553 757643 429356 784276 570323 786825 419906 137096 181105 837368 616301 764702 272844 201220 984305 318884 497132 745943 909924 690959
44986 538652 565160 503948 895202 761968 175716 577221 697880 521083 643135 553218 1031614 1135693 520628 1298810 679417 261466 755041 934145 337489 262384 1098403 999999999 987756 354212 458256 1000480 766887 721867 815217 1096308 1230234 1027179 865321 1120345 818281 736815 369904 913382 736623 869350 854650 838217 842096 447215 1103767 709029 759680 851113 342477 469693 233841 340749 1062665 503596 663382 1256465 914971 103130 104388 926074 1072724 357254 545527 737662 977680 765957 701783 1033927 1211581 827673 601134 895394 884850 973291 398841 684722 783781 789785 426905 676578 954501 337437 644865 491178 994173 982808 1208008 334402 975732 510310 1027440 1067039 125797 889531 652148 800901 355853 467053
1025950 620214 580449 653509 192338 266582 951793 714252 602708 718713 631090 450824 155509 153808 503135 353970 314083 766886 232802 337214 683945 766730 278640 987756 999999999 673965 530774 253856 220930 631977 399895 195714 328082 40561 452410 133534 376198 579045 681863 209489 366780 821671 782469 193849 477081 600132 238221 301317 323199 392537 730271 853094 831603 711522 74909 502640 441609 310276 191402 888729 988508 694921 506759 630855 702721 814489 134813 821553 356321 423783 267537 371072 634699 382898 114714 168679 803463 785292 850630 666626 580914 511094 150729 724179 368023 585465 621489 311156 256765 679655 799044 786316 39764 101846 863886 98239 335781 478441 728690 530351
398571 452838 453416 181188 627033 497193 410369 552395 601452 503897 319143 313331 750012 812329 175485 1011631 395831 97437 446743 713562 257158 96925 840569 354212 673965 999999999 170389 748904 458373 638183 621290 815079 956927 714494 513240 801515 614532 626087 36371 651806 520501 846283 817988 561048 679141 318707 833277 440805 525548 654006 330449 547960 332826 304760 747537 171417 309305 967683 572695 252180 401755 839142 890399 125887 516155 739521 641074 765199 354031 830671 922371 622043 277290 541195 562867 699707 454766 682738 792462 713944 249822 326831 616168 316761 309578 139075 866417 750049 915819 29595 919794 538509 712403 764531 233382 578433 348324 450459 81819 149781
497922 327229 316342 277952 461864 329847 450198 440247 456951 401791 379993 144701 589978 677522 118538 855102 232334 247007 298086 543190 204839 247176 674525 458256 530774 170389 999999999 581225 309977 495807 452656 655331 795326 570620 484690 662696 445002 475642 195631 485318 350732 714677 682865 397795 514228 202074 670227 273443 355180 484750 278685 483605 340148 251579 605618 79921 269263 811630 464613 358133 470910 687999 721069 101299 406675 622328 522332 645494 268888 660394 766298 452317 346450 488792 426594 536653 397634 567862 674888 570330 130865 329344 500364 266549 196454 188779 705062 580240 761014 163271 775325 452125 570307 614243 333489 432776 195195 434892 248187 44238
1031556 524196 484347 787027 127595 251719 920926 585616 444385 608857 804463 452590 113809 341713 605371 322042 354562 827506 334995 111400 666260 827756 98440 1000480 253856 748904 581225 999999999 326829 461908 228927 141219 237693 250449 678961 309955 212087 408813 768107 98977 268664 612103 574428 195972 276600 561021 118945 308141 240939 202521 687324 746495 801992 676910 270065 588317 605773 287286 428284 912636 974603 468030 252906 666215 586569 635433 386517 635626 518764 170126 249972 202775 796705 616579 312647 87332 722777 620072 661402 473400 573757 688891 397933 685906 490318 702510 378861 63343 254974 744437 567875 672211 262485 210381 887072 263455 410278 690323 820187 599857
805297 443765 407791 465042 200061 129521 736483 552256 474791 543830 478176 240177 297964 370150 294192 553990 104401 548994 11892 342015 469461 548912 403927 766887 220930 458373 309977 326829 999999999 511335 326101 361531 504868 260652 391601 353558 304947 465059 469710 230171 241877 728069 689404 134024 411870 395667 386177 120111 206419 339581 522172 669854 617440 501188 295829 287428 279714 509906 211493 667814 769845 634870 540337 409925 532937 687623 239310 701090 194191 461493 464698 305750 469893 347224 124479 257058 608492 647469 731930 565682 366456 364448 225134 514680 166712 385679 597455 352993 457687 461831 738831 610402 260571 306433 642958 122810 114861 385058 518941 311695
736815 193043 184853 773744 443317 389972 583371 158938 39951 208051 865148 371566 558171 769274 597868 776533 429195 668120 507436 352490 415957 669048 545262 721867 631977 638183 495807 461908 511335 999999999 239102 601862 684855 652775 883453 739810 261030 53933 672165 435293 274430 225422 190031 443283 190196 322291 579406 392768 316511 259882 382381 323143 488545 391041 685280 560335 705122 745999 718191 668156 656162 207911 393379 513583 181662 182545 723864 191579 650536 390617 711167 268296 836244 851764 605544 499733 341738 158422 221877 75792 388368 787001 718869 390034 574284 683621 276240 408688 716797 616632 281628 249534 661554 644430 646485 568050 479613 857992 719469 538261
841344 303902 266129 707942 208005 197003 714936 356822 217205 382268 764731 308158 319382 531660 517950 550094 280805 682635 326642 128720 478092 683181 320446 815217 399895 621290 452656 228927 326101 239102 999999999 365727 462403 417243 717501 501752 23879 185171 648244 196980 105111 422941 383624 222981 86003 368051 347868 229151 123058 35901 483460 519084 600146 478071 448482 488797 577537 516175 513033 737370 775486 310792 269612 515054 359127 419285 504582 423908 503703 219152 478592 29379 745356 672197 392659 260638 501783 397119 452233 266786 401197 664683 504074 484578 443448 616103 275434 185052 482828 608983 415722 444288 426697 405542 712438 348890 343856 706843 700679 484550
1130367 650176 609616 823421 202381 334399 1031951 720094 582720 739490 816539 543110 65356 222311 655523 202692 423092 901376 372393 252615 769717 901444 98180 1096308 195714 815079 655331 141219 361531 601862 365727 999999999 143410 170675 648123 191601 346706 548431 829120 189617 386652 751771 714449 258874 417768 670078 47821 387671 350869 341986 799874 877606 911474 786506 172059 646261 621483 161437 387083 1003241 1080185 604454 360841 748745 718407 776517 325241 776844 533684 286367 118175 337984 816128 578295 296134 123984 847181 760227 802590 614616 671470 696963 344567 796876 526801 746824 507943 201387 119040 815283 701717 804412 182251 106150 977718 257114 466814 672970 879280 665764
1262935 761583 721884 966602 335775 469654 1157152 818348 672333 844471 956631 677748 207362 299007 798721 94577 563058 1041988 515668 335611 899301 1042095 141962 1230234 328082 956927 795326 237693 504868 684855 462403 143410 999999999 295567 775817 275808 447710 633754 971661 316910 505359 802287 767726 397559 494764 796092 126475 524612 474641 432254 923732 981487 1037625 912404 283797 788838 763000 80773 515884 1139188 1209010 645280 366841 886862 821522 848221 446850 844177 675519 315210 83591 438126 957533 703656 435568 258923 960245 840369 866928 683358 803680 836757 469394 921857 670202 890233 534476 278471 99918 956345 732161 906638 305287 227570 1113609 399123 608996 805778 1022072 807346
1065139 650460 610340 693049 209646 298128 988970 741441 625037 748141 667856 487792 142490 120831 543680 315947 351788 807320 272541 343214 721151 807169 260714 1027179 40561 714494 570620 250449 260652 652775 417243 170675 295567 999999999 480865 96815 393918 599340 722421 221974 392892 836142 797133 222262 490966 635403 216163 336197 349689 406669 765948 883538 868562 747720 36794 543153 480088 272614 220367 928425 1026732 704530 501878 670479 731334 834910 154692 840796 395462 420089 230867 388015 672500 409612 154739 170673 836303 807826 869385 683703 618277 547947 175067 760171 408530 625703 625514 311046 219290 720083 807712 815632 12303 68153 903526 137845 375500 510368 769210 570677
910123 769379 742846 376040 567110 520529 913529 886762 844493 861453 267730 534647 602973 506774 373362 782704 455068 603891 390891 723259 689145 602995 726809 865321 452410 513240 484690 678961 391601 883453 717501 648123 775817 480865 999999999 516718 696535 842679 495431 596663 627958 1106800 1069175 513207 803049 670774 689884 497451 596334 730932 763328 962154 815825 736267 493104 407073 216539 742511 261091 764699 913769 1024567 918473 563062 858965 1048244 329732 1065789 236429 836175 705414 697318 297478 74791 366475 593512 880111 1000979 1096817 945335 608551 189760 306439 751239 317929 374544 988638 721619 691673 536869 1127590 920634 470696 549003 746587 415512 404749 67659 515903 448878
1158855 745797 705508 767390 297586 394459 1085176 834551 713830 842897 728898 584082 196256 31777 628386 266595 447571 895732 365374 413983 817327 895520 289773 1120345 133534 801515 662696 309955 353558 739810 501752 191601 275808 96815 516718 999999999 479088 686016 807353 304780 485978 914416 875827 317640 570462 732201 238840 433002 443247 487421 862703 978850 964890 844354 60029 630830 550159 228119 268740 1020824 1122016 776171 550142 763201 825546 920986 191290 925426 469696 472470 196115 472373 737930 442395 238700 243962 932751 896366 953330 766121 714343 610370 217695 856862 492822 705587 688600 373218 180738 808654 877264 910263 93879 99957 996111 231425 468199 556125 852574 660361
845439 315152 276357 695843 184492 176502 722431 373947 237621 396984 749163 301248 298576 508839 505752 534040 264314 678552 305919 118321 480805 679056 305870 818281 376198 614532 445002 212087 304947 261030 23879 346706 447710 393918 696535 479088 999999999 207127 640588 174355 94433 446818 407500 199387 108524 371245 330859 211874 105063 40442 489907 534462 606392 483228 425414 477742 560275 499206 489772 738398 781406 333642 276088 511178 374507 441914 480763 446981 485048 219434 460793 9799 730732 650321 369147 238987 513705 418618 475469 290432 400282 647513 480385 490376 426765 604371 294114 172740 464505 603248 438695 460124 403277 383404 713290 325153 327770 687060 693186 475383
754680 198864 179733 752412 389781 341193 606980 195423 43186 237369 837243 343658 504302 715550 571772 724867 387611 663532 461819 300058 418595 664382 493499 736815 579045 626087 475642 408813 465059 53933 185171 548431 633754 599340 842679 686016 207127 999999999 658911 381428 225266 264300 226497 391544 140528 317410 526677 348075 266314 206481 394537 362585 505677 399585 631667 535406 670716 693714 669762 676642 677194 213186 355625 503697 211017 235595 673079 242951 612059 345214 658384 214364 810123 808321 555503 445800 370138 212155 272651 102845 377914 754206 668819 400592 537997 661100 257733 356607 663779 606334 301070 287409 608224 590516 653945 516935 441089 819952 707854 516671
414739 487952 487576 149103 644654 516808 438138 588390 635112 540121 289151 340136 764372 816827 178992 1023700 413764 108463 458299 736984 293503 107576 858301 369904 681863 36371 195631 768107 469710 672165 648244 829120 971661 722421 495431 807353 640588 658911 999999999 670259 546264 881512 852910 577783 708278 353802 849068 460700 549142 680375 366564 583914 365494 340990 754641 182859 298443 979614 571321 270009 424678 872076 916670 161404 552196 775487 641866 801076 351177 855227 934407 647838 246866 527712 569305 715826 490666 718753 828444 747872 284055 306827 616376 352889 314566 122078 896981 771757 927303 64884 953789 574874 719731 774594 253487 587769 362799 431116 52746 168725
946040 462381 421678 688187 30444 155606 843248 538750 410491 554084 708346 361514 131207 334708 506453 390440 256495 732156 237704 132505 582918 732362 189221 913382 209489 651806 485318 98977 230171 435293 196980 189617 316910 221974 596663 304780 174355 381428 670259 999999999 197746 614196 575167 97442 269024 481404 190513 211899 161260 184695 610692 692077 723033 597892 251959 489837 509851 350549 356994 823002 893073 485450 322040 572977 534127 616211 329309 620792 423668 239512 307789 167601 699425 538511 235512 68369 658385 592464 648906 462328 486771 594063 335115 607977 391959 603533 415775 125609 308052 648232 589695 620063 232107 209430 797414 185809 311378 602727 722169 502387
765961 264961 224216 602861 192801 115930 652263 348651 240813 358661 661058 207466 328787 513081 412848 584950 179895 586275 239833 199485 400060 586740 366995 736623 366780 520501 350732 268664 241877 274430 105111 386652 505359 392892 627958 485978 94433 225266 546264 197746 999999999 486581 447770 173368 182087 293039 381513 131255 43653 134593 418666 496107 533445 408478 427906 383969 476536 546454 444497 652986 706602 397160 370474 419361 340140 455295 450002 465954 406276 311155 504600 101585 640903 588262 331178 265825 460673 421294 496307 324327 313036 563345 444480 417290 341788 511081 377049 246193 505489 509757 499659 425502 400104 398729 627631 294997 241656 612256 598892 380968
874712 393594 398464 992027 629337 601932 708251 302987 265299 358546 1088434 596010 721386 945464 820630 896863 651776 863614 725294 502285 605067 864669 675380 869350 821671 846283 714677 612103 728069 225422 422941 751771 802287 836142 1106800 914416 446818 264300 881512 614196 486581 999999999 39334 644062 345177 527719 719115 612138 525335 429569 553426 408601 639622 569594 865098 782493 930543 874399 929523 835169 786518 160750 449488 720404 339058 134512 926732 107433 875146 487116 847149 451139 1058422 1072473 812176 670575 470529 184652 102599 162401 598675 1012252 924865 564217 799520 903397 280037 550420 856118 822395 124485 359045 846290 815129 816693 770483 704100 1082842 925973 758029
861909 365268 367394 960622 590130 562982 697083 281899 229977 338286 1054779 561520 683188 906818 787215 862269 614107 838600 686752 464259 580680 839626 639326 854650 782469 817988 682865 574428 689404 190031 383624 714449 767726 797133 1069175 875827 407500 226497 852910 575167 447770 39334 999999999 604743 306185 499302 682449 573879 486291 390500 532377 400652 623061 547183 826240 749367 894683 839023 890400 816396 774770 132478 418942 692239 317126 131837 887403 108890 838148 452866 811070 411852 1025367 1034211 772917 631922 456265 173564 115133 124011 569289 976917 885575 542637 763092 871367 251987 513062 819786 794703 123729 345629 807239 776652 797192 731162 667101 1045958 898226 725915
872986 428260 388089 591095 68495 79437 781502 520415 412006 525905 611746 285589 193733 343085 410808 460812 165688 644596 140854 210919 515841 644721 280928 838217 193849 561048 397795 195972 134024 443283 222981 258874 397559 222262 513207 317640 199387 391544 577783 97442 173368 644062 604743 999999999 307259 421806 272574 129191 129715 226403 552902 661340 660601 536931 258277 396010 413536 418266 291200 744482 825801 532126 408476 489977 509335 625576 282774 634420 328191 328424 373367 196996 602208 460216 169824 138920 616019 593823 664193 484579 415461 498471 281198 548409 294524 507163 479716 218969 370090 559314 637325 593421 228519 239112 718976 126424 216226 513775 629205 411267
864518 309667 278026 778500 284972 282545 726786 333376 181694 369855 842433 370184 380195 601238 589517 586792 361704 732726 412161 165387 509646 733387 355791 842096 477081 679141 514228 276600 411870 190196 86003 417768 494764 490966 803049 570462 108524 140528 708278 269024 182087 345177 306185 307259 999999999 400459 391936 311491 207236 84548 502122 500467 617779 501392 520146 558039 658558 557130 598099 771523 792634 225138 230969 565998 344337 358891 587009 359236 586901 207039 523577 110263 821235 758179 477077 326536 498857 346110 385546 197344 445418 745417 587623 505533 523861 686169 195553 220117 530040 664187 330241 424911 501127 471855 747341 432257 423742 791275 760007 549478
474329 134152 138421 470272 468163 342370 361890 240110 287550 199719 581310 156581 607867 753938 319541 871814 291748 346573 385539 487856 110176 347458 659460 447215 600132 318707 202074 561021 395667 322291 368051 670078 796092 635403 670774 732201 371245 317410 353802 481404 293039 527719 499302 421806 400459 999999999 670683 299211 321468 403939 131110 292112 241669 116488 672197 280137 461456 831480 594323 371390 413628 527548 628987 192941 205521 425314 634141 449861 439456 586960 787966 380702 546477 662956 519607 546219 216943 369553 478262 397960 73243 528875 617767 126951 357684 386371 570350 538066 786826 295590 603067 251971 638947 660660 347006 506281 299903 627283 399016 246029
1136549 641234 601082 850754 209515 343394 1032161 704546 562899 727268 850095 551306 90800 269231 678249 204131 438262 917124 396449 227032 773224 917257 51515 1103767 238221 833277 670227 118945 386177 579406 347868 47821 126475 216163 689884 238840 330859 526677 849068 190513 381513 719115 682449 272574 391936 670683 999999999 398615 349278 320903 798993 865057 912330 787106 219517 666528 653453 168365 429321 1012778 1083166 568718 316658 760905 705201 750475 370063 749332 565349 245062 131774 321616 847902 621047 332434 133661 839488 737182 774177 587024 677265 731077 388407 796803 552747 771657 468457 172015 138282 831881 663930 790931 228010 153370 987197 290174 486320 712382 899982 683524
743849 328398 290938 493656 189248 56448 655361 433856 355610 428550 538067 156642 322723 455083 305418 589901 53311 520259 115042 283164 388461 520464 401119 709029 301317 440805 273443 308141 120111 392768 229151 387671 524612 336197 497451 433002 211874 348075 460700 211899 131255 612138 573879 129191 311491 299211 398615 999999999 106824 251027 429883 558322 534540 412238 372991 283591 348488 547441 331151 615583 697673 528377 475655 362291 416117 567779 351876 581652 275467 404840 502559 215574 521159 460341 231861 265831 503421 527358 612559 449875 287095 435695 340844 424394 214951 404509 504542 312284 499199 436479 630573 495775 339879 363842 590053 209954 116904 481011 513056 292100
790618 304998 264305 595086 152790 77289 682898 391753 283687 400254 644526 216884 291032 470062 405315 551259 159482 596674 205773 188014 425467 597050 339167 759680 323199 525548 355180 240939 206419 316511 123058 350869 474641 349689 596334 443247 105063 266314 549142 161260 43653 525335 486291 129715 207236 321468 349278 106824 999999999 144306 449888 537198 563075 437847 384898 379553 455221 511735 404333 672911 734513 428614 372980 431615 382367 497989 407389 508086 380651 306587 469044 108857 626790 553640 289214 228236 498625 464687 538279 363586 333259 542454 402544 447538 321756 504420 398393 227599 469103 517138 532424 467382 356749 357366 647395 251922 223075 584110 601886 381372
877232 338114 300867 736276 200493 212812 750329 386098 241997 413990 788813 340676 299792 517962 546186 521354 303786 716804 341295 96765 513964 717331 290563 851113 392537 654006 484750 202521 339581 259882 35901 341986 432254 406669 730932 487421 40442 206481 680375 184695 134593 429569 390500 226403 84548 403939 320903 251027 144306 999999999 519125 549986 635825 513907 436259 518161 599045 488684 517565 773087 811199 306590 236395 549283 390291 436558 503662 439088 522725 183417 452398 35454 770734 682808 395701 243916 535395 418273 466400 278752 436448 686308 505087 520342 465972 644813 257894 153850 457472 642303 411769 474831 416739 389483 748125 349827 367359 723314 732928 515540
362587 196176 224121 505815 598403 473468 233623 250677 356277 194900 633705 282052 738155 884018 393906 1001067 419399 319684 511587 608030 77324 320871 785609 342477 730271 330449 278685 687324 522172 382381 483460 799874 923732 765948 763328 862703 489907 394537 366564 610692 418666 553426 532377 552902 502122 131110 798993 429883 449888 519125 999999999 217924 116708 27611 802734 357401 547851 961153 714369 286520 292152 589182 733090 217969 215270 431392 758777 459000 541774 699384 917919 499616 594615 764711 646603 676207 125400 374547 482800 453235 161838 603296 741088 13721 462939 435766 652139 660429 917088 301782 648382 212866 769269 791768 265871 635572 420111 713076 399847 316679
470078 233081 273364 723660 688907 586536 301607 167268 319762 138126 850076 441700 823154 1004367 601835 1068500 566248 528362 661119 646701 294045 529622 839529 469693 853094 547960 483605 746495 669854 323143 519084 877606 981487 883538 962154 978850 534462 362585 583914 692077 496107 408601 400652 661340 500467 292112 865057 558322 537198 549986 217924 999999999 255048 244576 919616 563525 750524 1033253 876855 454123 380387 497385 716195 434948 159991 274217 908449 301964 731566 707125 993839 543879 811554 954995 789546 760444 93352 227169 316521 369497 354602 812721 894980 231644 649732 651817 591714 703652 996483 519040 524370 75597 889385 894542 440680 767264 586281 916692 614992 525022
249008 309562 339845 513930 709323 581360 120903 343818 465786 287488 651315 380808 848884 984691 442734 1113399 517809 288043 606279 724414 147999 289355 900390 233841 831603 332826 340148 801992 617440 488545 600146 911474 1037625 868562 815825 964890 606392 505677 365494 723033 533445 639622 623061 660601 617779 241669 912330 534540 563075 635825 116708 255048 999999999 125229 905213 411399 599629 1072906 798382 199736 175468 692240 848671 252764 311730 510272 848987 538559 608958 816000 1029223 616082 609803 826773 741519 787538 171510 455660 558602 555961 251130 642093 829428 116294 535423 460392 762166 776454 1027788 303442 743151 282176 871058 898263 185633 735091 509032 759792 384782 369252
363949 200787 224639 479098 584487 457545 245446 266664 362852 212071 606384 261610 724141 865108 366437 988298 399237 298330 490418 600869 49834 299484 775327 340749 711522 304760 251579 676910 501188 391041 478071 786506 912404 747720 736267 844354 483228 399585 340990 597892 408478 569594 547183 536931 501392 116488 787106 412238 437847 513907 27611 244576 125229 999999999 784472 330074 520626 947922 690913 277457 298527 598703 732141 190707 230549 450104 736698 477401 515682 695517 904346 492850 567418 738331 625666 662614 152536 393026 502020 463419 137646 575715 718559 15000 437329 408366 657259 652262 903087 276364 661369 235703 750718 775288 255463 616089 397264 685727 375559 289236
1100836 686537 646337 721047 242017 334641 1025581 776555 658276 783968 690545 524422 157667 85175 575705 293942 388212 840938 307698 368309 757747 840763 267472 1062665 74909 747537 605618 270065 295829 685280 448482 172059 283797 36794 493104 60029 425414 631667 754641 251959 427906 865098 826240 258277 520146 672197 219517 372991 384898 436259 802734 919616 905213 784472 999999999 576377 506084 251773 235767 963610 1063011 730675 518111 705753 766923 867082 163439 872371 422976 437719 212666 419147 696936 420300 185471 195743 872892 841018 900687 714287 654829 570988 187087 796940 440246 655855 648061 332272 199531 753739 833092 851409 35335 66279 938779 173141 410673 526646 800831 604721
545676 400898 386211 220588 463463 338660 516142 515884 520779 479495 306566 192578 581530 642447 39506 841255 234007 264955 275898 565067 282296 264723 676889 503596 502640 171417 79921 588317 287428 560335 488797 646261 788838 543153 407073 630830 477742 535406 182859 489837 383969 782493 749367 396010 558039 280137 666528 283591 379553 518161 357401 563525 411399 330074 576377 999999999 190779 797219 411391 400843 528973 745191 752049 160624 483133 695479 475644 717810 201833 685618 751962 483944 276001 415415 392135 533500 477354 641937 747654 633407 210232 249573 451767 344976 141934 128192 752302 595866 745105 178083 836446 531260 541193 593263 377864 407026 180229 355679 233457 42162
