NAME : synthetic_000220
TYPE : CTSP-D
DIMENSION : 100
GROUPS : 8
RELAXATION_LEVEL : 1
EDGE_WEIGHT_TYPE : EXPLICIT
EDGE_WEIGHT_FORMAT : FULL_MATRIX
EDGE_WEIGHT_SECTION
999999999 950297 1070666 990246 1185903 361592 434819 1112293 842363 302059 709998 833822 852270 817912 903607 359016 601162 842563 296723 459083 916681 916985 916909 283129 899209 924788 1006325 533343 304441 841600 808759 933744 966561 432471 1040472 1163665 776498 620984 869437 954950 147672 239760 575661 304185 721765 784160 359764 814408 668408 706729 157821 492759 624678 967055 573068 194545 931271 577134 510689 470017 875773 745488 191448 487489 802105 1147889 797377 860703 864793 785308 628477 203632 929787 412751 872469 1073903 272113 979222 203726 1027268 236713 427148 816295 699593 622372 863038 330718 878523 7487 26270 941187 1062312 655944 524233 752182 361744 886536 946874 387687 519023
950297 999999999 483418 308620 823243 985673 914112 905235 278418 762455 397856 123954 247868 135105 88709 897249 353939 175635 658988 1017054 106220 1141324 1084252 674656 597767 442103 424425 1109424 646483 1208225 491598 355519 555534 572024 452268 772092 580740 723219 934115 383184 805920 710563 798213 908042 476871 837139 590901 542252 305561 1131058 876166 644725 604241 438877 753451 856587 124467 1077018 735278 481925 1046306 288422 760485 580980 1096669 755616 1101277 1037117 698809 262627 784053 746777 778968 630221 509470 816359 678400 478752 759569 717787 809025 639979 691382 695671 361421 740884 659999 97588 947802 946261 356919 529901 326617 491569 860875 602596 578303 174528 786467 1001249
1070666 483418 999999999 175502 348439 930773 823343 464853 285404 787117 367341 460271 299383 478635 413538 848397 563776 373943 793209 913918 583869 828196 760158 865029 251326 146037 73801 979365 820794 944606 271101 163367 159915 640934 36222 296307 340515 552594 610245 132310 958605 861858 641059 886556 350893 552936 759210 286583 484375 917348 938679 597296 476310 103846 606776 905603 363299 919895 634109 666146 735163 382803 893357 584455 829838 281608 837560 731825 366663 355288 596670 897034 407582 659249 217144 376866 831794 97195 869726 286194 853075 648487 393187 478089 499435 408586 740806 552617 1071625 1055266 157226 57061 479800 553685 595471 824321 246550 310915 746259 866360
990246 308620 175502 999999999 516259 909678 812790 611656 150228 730382 286618 289692 149669 309168 238430 822139 430670 208700 698772 911395 408373 914969 850834 755952 331298 165040 117647 989530 714887 1010901 272009 82471 265414 559376 143648 464687 365697 562596 697168 92708 864496 764861 650358 851161 314534 617864 652285 312854 349814 961166 874337 556773 459806 143437 609435 844914 187805 939696 618652 548881 819089 253078 803507 522497 895242 448616 901724 812873 447347 216650 617198 801676 513007 593525 254613 521926 732913 181083 786521 424292 792179 589721 456405 505224 379514 491873 661611 377605 990075 978281 77954 221508 352104 466595 652941 704385 316167 135415 712196 875364
1185903 823243 348439 516259 999999999 944274 829073 171154 581205 883853 584957 778825 605174 794147 745811 881062 814257 688387 956303 892931 918449 630116 561686 1048126 306610 396604 399075 926321 1001690 779034 432991 472479 287260 800492 374381 52142 421494 571866 447948 442283 1107311 1023336 639510 932165 518466 458282 947345 401588 746080 801876 1033534 696159 566313 387504 625845 996689 699612 853572 680836 880859 555847 653596 1039225 721635 678646 67659 688093 559638 322011 640775 583593 1052675 274031 789619 374064 131113 999219 348133 1005533 160535 949830 768807 370725 489095 738720 331723 882979 881823 1188962 1164963 469660 295725 732669 736163 505320 1030037 325367 648715 807292 828055
361592 985673 930773 909678 944274 999999999 115246 834822 784332 237975 630958 861881 805624 853313 913957 89257 647771 832067 407161 97492 991217 563470 572366 481589 705428 792046 882667 181461 463797 480014 661954 834751 791360 418975 909034 935019 593243 386800 555734 845101 404518 412711 306892 90067 596878 495163 476845 645051 680567 345138 232508 355200 456552 836084 330224 213073 921959 215760 296821 548436 534813 714481 372632 407032 446615 922257 441009 520275 631089 751401 361827 403962 671060 356559 713875 818355 424699 833579 336920 798723 225407 345714 584486 470079 624485 613408 354430 943875 368398 335406 841520 904344 659069 494103 452939 543694 700194 917288 201615 161427
434819 914112 823343 812790 829073 115246 999999999 721606 694923 219526 541724 791622 718279 785284 837676 76363 592010 752738 399005 102982 930079 483634 482203 489128 593196 687388 778281 197918 461509 428054 557194 735527 680495 366964 803090 819826 483802 274343 448507 743658 442014 423455 192105 130752 498296 381825 459167 536822 613060 298757 284489 270359 354191 731091 218165 253532 840619 188092 194173 510106 441554 633899 394873 334259 370958 807129 367190 426557 516196 668757 246692 424889 556008 300737 606204 703417 426749 726304 354234 683657 240453 282743 469876 356631 557247 498164 328492 881395 440762 408853 742049 794676 590154 427388 340977 538715 588860 831249 137380 108000
1112293 905235 464853 611656 171154 834822 721606 999999999 639363 813619 600739 840163 667401 852311 821157 782338 827817 750948 914585 771867 991200 463126 395998 1012807 320494 463158 496245 792322 967105 615972 450121 550464 349991 765975 481705 205138 402380 491985 299723 525062 1052256 977840 542252 836622 519674 339793 919033 405443 770589 651279 955604 640374 521608 469976 539450 918503 781095 717312 601840 870298 395025 690522 985278 682172 521393 209109 531030 400681 270310 687438 486936 1003067 187389 741390 407246 89730 957765 430968 948031 187926 876291 717228 312559 418307 750897 255946 834590 949472 1116241 1089401 549803 407865 752981 718233 382404 1007601 341690 733977 725171 703037
842363 278418 285404 150228 581205 784332 694923 639363 999999999 591151 153530 201005 30617 214335 189919 695471 283945 111686 549429 796351 353482 866647 807964 605766 323630 184610 211806 880902 564666 942528 213255 122154 296899 413762 249188 533309 303942 467350 656786 153948 714840 615078 550099 719548 211359 562397 502065 263847 203070 876193 731050 429159 352982 200178 506458 703043 164924 838183 503405 398984 771070 103499 654513 385136 828875 515531 834158 762482 420626 70420 526535 651992 502173 452888 234747 552611 583016 236491 638770 455358 650700 452064 413291 427192 229419 462496 515588 310324 841980 831134 128179 311377 203048 320725 589209 555172 303370 139573 583608 768109
302059 762455 787117 730382 883853 237975 219526 813619 591151 999999999 443766 638667 607730 628052 696799 161749 415668 620286 179606 303282 759589 677437 662034 271136 599991 641521 727774 402466 242001 642873 518633 664154 671573 190479 759515 862053 477479 321676 588602 681069 249143 207995 289224 150730 436437 494066 242988 518598 457528 516909 153346 193925 325228 685147 277858 118722 711530 406561 212710 310689 617905 507471 189444 207975 572778 846441 570709 602837 562802 546647 337135 216245 629387 138528 580254 772452 207970 692506 147805 725389 67234 140929 514359 398214 402555 562073 116573 713392 305219 281340 671441 772914 438042 277007 467894 319382 588391 714498 103793 327432
709998 397856 367341 286618 584957 630958 541724 600739 153530 443766 999999999 288860 176702 291940 312246 542205 230093 223575 426438 643459 447076 750119 696939 498410 284989 226007 298772 729310 453768 810539 153489 223872 304974 277555 334607 544440 209483 325763 552232 245329 592336 494850 403802 567509 88384 448605 392591 195296 170347 734732 588569 275758 207394 264093 359372 558590 304308 689085 351261 305570 656715 112319 528066 235931 699621 526310 703999 646427 345368 135740 386444 530362 434618 307150 211259 522798 464546 284980 506953 435155 505789 303176 322075 300946 153870 380030 379404 398180 710375 696481 231304 370710 152254 187308 467383 462363 264237 289934 430565 617237
833822 123954 460271 289692 778825 861881 791622 840163 201005 638667 288860 999999999 174335 21242 75693 773562 233581 90511 539940 894482 159205 1038697 984461 562965 522785 383603 391420 987596 531797 1097356 403958 307947 497123 448202 425341 729757 486018 610174 837381 339509 691372 594267 681791 784088 373399 736130 474103 454534 181607 1015294 754371 523054 490973 392357 637038 733987 121939 957000 615422 363881 944864 176572 642970 457900 987568 712281 991691 934838 612889 160573 671137 630989 697665 506279 434168 753603 561748 431066 639910 656337 685940 516237 599152 589785 237502 652698 537249 111973 831671 828600 311755 497292 202828 367801 756176 494471 502126 165783 663021 880392
852270 247868 299383 149669 605174 805624 718279 667401 30617 607730 176702 174335 999999999 188991 159447 716553 281100 83978 557584 820134 324386 897030 838484 609409 352980 209317 226786 905809 569481 971970 243861 138495 322808 426896 263280 556600 334454 495129 687376 170718 722032 622071 576975 738991 239834 592745 507023 294432 200364 904335 745014 450855 379707 220627 533074 717935 134890 864318 527871 401452 801495 107194 663121 403465 858519 538976 863727 792850 451053 68319 554654 659197 532231 469214 264123 580185 589707 258368 649121 482536 665928 469898 443907 456684 233453 493018 527979 282090 851631 841861 143543 329577 203995 334183 619216 555689 332889 113311 604392 793424
817912 135105 478635 309168 794147 853313 785284 852311 214335 628052 291940 21242 188991 999999999 96187 765329 219169 106248 525003 887993 155360 1042015 988696 545509 533860 398171 409119 981845 515158 1097710 412839 324545 511159 437784 443484 745426 492682 610146 842667 356340 674777 578206 679980 774476 377940 740315 458156 463134 172889 1013511 741150 517844 491128 408523 635298 721483 143173 952739 611580 348358 948640 179886 627395 451113 988694 727854 992628 938364 621357 168381 671061 614768 706962 497097 445563 766279 545801 446890 625318 669424 673997 508022 606111 592658 229025 660532 524911 106241 815639 813139 328614 514621 195218 359703 759140 476158 513044 186737 655388 875541
903607 88709 413538 238430 745811 913957 837676 821157 189919 696799 312246 75693 159447 96187 999999999 824982 302463 88690 608208 940636 172640 1052971 995664 635779 510842 358341 349537 1031348 603287 1121619 402983 274247 472439 506830 380343 695330 492055 638008 845421 303621 762589 664616 714790 839176 389275 748719 544467 453676 240837 1046775 818464 567395 519446 358874 670114 796448 53111 996378 655069 433824 957855 205682 712312 507198 1009574 678417 1014320 948754 610499 176508 698669 701585 691287 561451 422253 732776 631936 398660 707252 634360 747181 568842 602692 608129 294475 652410 599907 139177 901696 897485 276488 456074 258914 421512 772939 568587 491123 104427 713234 921781
359016 897249 848397 822139 881062 89257 76363 782338 695471 161749 542205 773562 716553 765329 824982 999999999 562046 742876 339389 141722 904717 559996 557908 423783 629226 707978 798268 240734 399860 500801 578290 748036 712823 333274 825583 868365 513760 313537 517889 759257 368033 356469 242151 56296 510412 443921 404707 564113 592475 369214 208163 266513 372478 752135 257370 177748 832719 250063 215142 467807 516816 625233 324065 317908 447110 854779 443199 501764 562806 662147 298264 354694 610597 269515 632194 758289 363030 751262 284430 730982 169371 257348 515027 397850 536350 549372 277194 857033 364857 333159 754887 824113 570737 405779 405988 478734 622601 828104 112362 175258
601162 353939 563776 430670 814257 647771 592010 827817 283945 415668 230093 233581 281100 219169 302463 562046 999999999 247740 306402 692694 344009 917584 873882 336927 514871 437948 490217 789897 301866 946944 383557 401921 530965 228863 528028 772561 428219 469514 742063 431740 460608 362222 521042 564972 308219 632696 242158 423475 80978 847419 522370 339319 360832 467802 478706 503674 332566 770222 439246 131470 830424 181649 409939 264578 846026 754385 848298 818060 565244 214467 527041 399265 654976 293087 440194 751905 329512 497022 406349 665228 457415 309279 534564 480201 76948 594872 307898 297789 599234 595340 408712 580301 84553 170670 639027 276558 494224 355056 456638 690186
842563 175635 373943 208700 688387 832067 752738 750948 111686 620286 223575 90511 83978 106248 88690 742876 247740 999999999 545843 855588 242246 966004 909488 584537 435082 293122 303521 945263 548307 1033079 320481 218312 406766 432144 338454 639440 406912 549335 760133 250156 705652 606188 626466 759558 301237 661972 487256 371316 174236 958196 748102 482412 430841 302311 581834 724097 91287 909020 568167 377372 871162 118916 651296 425091 921219 621923 925901 861821 529305 87836 609983 643475 612386 483129 346230 663965 573403 340801 642440 566432 673625 488507 518765 520049 222355 570259 528936 198638 841194 834594 222450 408631 187494 343364 685268 523278 414686 107488 630710 835028
296723 658988 793209 698772 956303 407161 399005 914585 549429 179606 426438 539940 557584 525003 608208 339389 306402 545843 999999999 481022 635305 842342 819872 102538 653887 649385 725206 579490 64010 819105 545227 647454 707561 157336 760950 926225 534913 439582 727803 671068 166243 69011 435870 317095 454889 624041 74789 561685 371717 695288 225836 277041 394363 689514 411259 216535 634719 586151 346315 177220 774908 450457 105749 235037 743000 909132 741754 760171 648125 490039 473233 103931 727210 173980 610430 859619 43238 706681 101001 795877 183885 199708 602839 499396 326080 658699 85073 593612 295441 289360 654885 791887 359337 239525 607170 139778 637849 650290 273661 506971
459083 1017054 913918 911395 892931 97492 102982 771867 796351 303282 643459 894482 820134 887993 940636 141722 692694 855588 481022 999999999 1032108 470200 483660 563465 676970 781243 872087 99483 541065 382524 651514 833088 766597 465883 895355 888439 573404 361383 482619 839827 496561 495397 273641 173447 596979 436022 546265 627663 715607 247646 326570 373276 451671 824497 307475 303572 943268 118575 293567 605713 448352 736720 459449 436886 352837 876964 346725 434282 590385 771375 323042 490591 619026 400130 697329 764085 503672 817378 421442 754934 306756 383633 546469 439523 659707 566966 417903 983575 465885 432895 839451 882321 692811 529561 390580 620190 674572 933243 236140 72068
916681 106220 583869 408373 918449 991217 930079 991200 353482 759589 447076 159205 324386 155360 172640 904717 344009 242246 635305 1032108 999999999 1197193 1143436 635048 677112 529524 521621 1127650 612931 1252534 561712 446701 643786 572312 551497 867932 645070 764900 996581 476252 769668 679279 833181 908965 532401 895068 562985 612457 318761 1166476 858976 666201 646049 531444 788628 843398 220649 1101869 762101 459973 1103629 334828 731304 596434 1143877 851044 1147744 1093461 770745 319596 825753 713858 854501 635205 588230 903376 648436 571193 736136 805211 799174 649059 758057 747927 373624 811063 649962 49780 913439 915483 449069 627994 342568 502696 914403 558737 656816 272958 797152 1023596
916985 1141324 828196 914969 630116 563470 483634 463126 866647 677437 750119 1038697 897030 1042015 1052971 559996 917584 966004 842342 470200 1197193 999999999 69774 942665 587742 750633 824221 436467 906049 160226 656713 834605 671262 745571 828360 652674 563066 448266 219001 823201 919818 884084 413034 613248 665786 304334 883494 608537 897575 248244 768074 598187 559653 780932 448306 736339 1031395 365858 504757 891221 96090 862383 865784 671625 117461 650205 124205 104220 469140 880818 392824 893540 421792 689083 660509 509149 878828 752967 824053 562087 716503 662136 459571 449482 853064 424811 759083 1148250 923177 890820 837876 776438 873845 754157 283115 973926 600327 998716 574130 402044
916909 1084252 760158 850834 561686 572366 482203 395998 807964 662034 696939 984461 838484 988696 995664 557908 873882 909488 819872 483660 1143436 69774 999999999 921506 521944 686076 757918 463719 882917 221123 596409 771137 604006 713219 761099 583391 504031 407678 153678 758688 908527 865783 384806 612954 611063 248383 856120 547384 849259 285297 764167 564728 513498 715257 415514 730782 972263 389527 476183 855937 45158 808813 851448 635912 145705 580710 154890 59703 403852 825392 356503 877984 353106 660063 596886 439748 858056 686440 809750 492455 706338 632775 397426 398505 806891 359346 735445 1094885 922764 891003 774167 707959 825864 714229 234889 947655 535256 938112 558251 412692
283129 674656 865029 755952 1048126 481589 489128 1012807 605766 271136 498410 562965 609409 545509 635779 423783 336927 584537 102538 563465 635048 942665 921506 999999999 743310 724258 794639 659783 46439 914000 628654 712532 791098 248353 831406 1016027 626928 541667 830325 738474 135457 68984 537998 392844 538229 726344 105839 649583 412693 787557 269683 378267 491360 762313 513792 273842 669023 673558 448765 208340 876613 503154 116574 330833 841512 998636 839913 861820 744780 541095 575768 88716 825617 274941 693657 955363 63903 782851 145428 888184 257139 301256 700425 599663 376492 757273 187597 598450 279373 285014 719857 868571 405637 317460 709707 79106 726286 691638 370699 596274
899209 597767 251326 331298 306610 705428 593196 320494 323630 599991 284989 522785 352980 533860 510842 629226 514871 435082 653887 676970 677112 587742 521944 743310 999999999 166546 236730 735524 696887 695850 131698 255095 92587 496969 244367 272725 122713 318891 368816 238596 809466 721838 403759 673879 212419 302309 641513 95000 452773 666086 752967 406683 274836 193313 375317 717160 476133 673045 415451 574593 492667 370081 741449 421168 580512 255410 587969 487795 118843 367542 354588 752677 183459 492326 88884 238705 696404 166191 710113 150864 667173 473994 141922 237551 438214 162948 584211 633500 901540 880113 256952 209495 436540 429705 344209 723490 21219 433921 538053 624265
924788 442103 146037 165040 396604 792046 687388 463158 184610 641521 226007 383603 209317 398171 358341 707978 437948 293122 649385 781243 529524 750633 686076 724258 166546 999999999 90907 852164 679384 850482 130235 89621 114268 495880 118421 348990 213520 422350 532455 72611 814212 718236 511449 744201 205100 456111 618480 158192 362367 807747 792802 452838 335619 44211 474068 759893 318125 796950 495389 529969 654904 263700 748517 438418 734705 331130 741525 649036 282387 245891 471886 753004 349258 513214 92519 374493 688662 59530 724224 276027 707297 502563 293561 355243 368036 326922 595216 489678 925802 909275 90763 144912 353484 410058 493315 687583 151130 272301 603643 738148
1006325 424425 73801 117647 399075 882667 778281 496245 211806 727774 298772 391420 226786 409119 349537 798268 490217 303521 725206 872087 521621 824221 757918 794639 236730 90907 999999999 942429 750822 931071 221097 89669 157070 574885 37813 347729 302640 512777 605224 58540 891086 793558 601873 833751 292084 536473 688923 247211 410663 893665 877926 541196 426136 47989 564829 845691 301463 886408 586118 594172 729332 309082 826547 522507 815436 331417 822614 724524 355572 281549 561377 829132 410987 596915 178832 406595 763069 71806 804262 310007 792917 587825 373706 443978 426674 399592 675761 487737 1007027 991695 83722 106599 406388 485977 575912 752330 226060 249982 693163 828514
533343 1109424 979365 989530 926321 181461 197918 792322 880902 402466 729310 987596 905809 981845 1031348 240734 789897 945263 579490 99483 1127650 436467 463719 659783 735524 852164 942429 999999999 638864 321730 724039 909628 827111 564106 963305 927146 640424 429872 494285 914007 585921 591282 340827 267254 676736 469129 645440 695632 810086 192048 413579 464702 530864 894498 380227 394386 1031650 76101 378114 704943 435226 826378 553141 531374 321358 917156 313384 422789 639316 859872 382702 584438 655479 498085 765011 795571 600929 884088 516342 798095 402645 480618 598893 501297 754450 610615 517350 1078839 540499 507683 915693 943964 786960 624985 421552 718274 735517 1019119 334117 114262
304441 646483 820794 714887 1001690 463797 461509 967105 564666 242001 453768 531797 569481 515158 603287 399860 301866 548307 64010 541065 612931 906049 882917 46439 696887 679384 750822 638864 999999999 882873 582580 669549 745071 202087 787413 969608 580513 498578 788439 695022 159619 67065 498507 373958 492117 683577 62605 603202 375054 758538 265710 334402 445542 717828 472614 263520 634398 648022 408301 170946 837900 462709 120186 284967 806996 952224 805761 823214 698783 501196 534474 100979 780005 231170 647630 909188 40819 737802 136526 841761 238511 257895 654635 554892 336061 711731 147473 574171 301630 302553 676906 823483 366461 271586 668200 79937 679894 654868 337566 569350
841600 1208225 944606 1010901 779034 480014 428054 615972 942528 642873 810539 1097356 971970 1097710 1121619 500801 946944 1033079 819105 382524 1252534 160226 221123 914000 695850 850482 931071 321730 882873 999999999 742283 928737 784925 749376 940168 797265 647080 487635 341952 921847 868824 849961 425904 547345 733117 394702 871139 698271 940409 134891 704438 610589 606585 885296 468705 677306 1106667 265057 510672 898622 223525 921644 822915 686527 115778 793037 109204 221396 578183 945623 426821 852829 548332 686569 758129 653578 850644 861775 782160 695052 668462 661525 557598 515337 890660 536060 741033 1202837 848386 815402 932950 896281 916173 777214 357986 956953 705060 1079718 545589 326696
808759 491598 271101 272009 432991 661954 557194 450121 213255 518633 153489 403958 243861 412839 402983 578290 383557 320481 545227 651514 561712 656713 596409 628654 131698 130235 221097 724039 582580 742283 999999999 189702 162558 388306 247293 394363 95237 294340 444316 190281 706567 614129 383244 615558 90524 353710 524484 50837 321237 689169 671289 326940 205813 174151 344778 637352 376245 670785 365218 449577 560751 241887 639408 321561 627086 376382 633132 552891 209037 244510 346511 647145 294192 396071 65212 370149 586508 174720 611818 281672 585248 382459 200204 233220 307118 249807 483118 515856 810282 791853 194925 254395 304842 311370 384844 602275 110810 342005 475188 609843
933744 355519 163367 82471 472479 834751 735527 550464 122154 664154 223872 307947 138495 324545 274247 748036 401921 218312 647454 833088 446701 834605 771137 712532 255095 89621 89669 909628 669549 928737 189702 999999999 200473 501276 127186 422644 283227 481557 617481 32226 813693 715094 569728 779341 237901 536176 607227 230530 321885 878785 811317 484615 381545 84975 529401 780521 231079 858686 541410 509440 738608 220371 750490 456496 813124 405408 819544 732085 368658 191921 535486 751250 438337 529480 174251 461253 683955 124541 730486 362674 727632 523245 375368 422910 340611 413056 603245 409345 934043 920349 7447 191109 318639 410054 570752 667308 238489 183594 639435 795385
966561 555534 159915 265414 287260 791360 680495 349991 296899 671573 304974 497123 322808 511159 472439 712823 530965 406766 707561 766597 643786 671262 604006 791098 92587 114268 157070 827111 745071 784925 162558 200473 999999999 550454 157109 242513 199234 406457 452559 175815 868103 776402 492982 755314 253082 393058 686696 152999 460238 758264 824905 477747 348267 121993 462340 789934 431246 765270 497840 608626 577332 366417 800673 481205 670025 224345 677707 573452 206810 353946 445270 809128 254392 554952 97442 260854 748978 85775 772027 162268 738727 539414 234281 327265 456916 249141 643854 603841 968401 948737 199910 117056 448020 473696 435901 763128 92027 384015 617235 715330
432471 572024 640934 559376 800492 418975 366964 765975 413762 190479 277555 448202 426896 437784 506830 333274 228863 432144 157336 465883 572312 745571 713219 248353 496969 495880 574885 564106 202087 749376 388306 501276 550454 999999999 609713 769528 379029 311609 603810 522699 318942 225995 332923 337279 298191 495620 153949 404422 267080 638640 318246 148565 244525 537090 297963 292389 523409 550063 241949 149294 668151 322876 252684 84740 658490 752336 659092 654184 497007 362708 356968 258883 579241 66351 453467 707125 199497 552218 229485 640300 241502 88356 453418 358117 212370 511263 102267 525235 432820 419353 508717 636932 247921 93041 486799 245128 480697 529608 229990 469066
1040472 452268 36222 143648 374381 909034 803090 481705 249188 759515 334607 425341 263280 443484 380343 825583 528028 338454 760950 895355 551497 828360 761099 831406 244367 118421 37813 963305 787413 940168 247293 127186 157109 609713 999999999 322480 322941 534680 609601 96339 926643 829443 623589 862388 323123 546553 725637 267971 448466 907867 910385 571255 453105 74412 587883 877744 330858 905530 612217 631538 734311 346883 861780 555384 824874 306929 832336 730248 362291 319105 581075 864848 410516 630018 198377 392638 799133 80089 838885 298568 825070 620127 384832 462841 464298 405436 710161 519194 1041292 1025488 121010 78659 444181 521527 587650 789712 236671 278705 721867 849773
1163665 772092 296307 464687 52142 935019 819826 205138 533309 862053 544440 729757 556600 745426 695330 868365 772561 639440 926225 888439 867932 652674 583391 1016027 272725 348990 347729 927146 969608 797265 394363 422644 242513 769528 322480 999999999 391966 556246 460208 392082 1080078 993914 628534 918065 481936 458050 913994 366805 702701 811696 1013224 671753 540530 337729 611474 976639 648682 855830 663441 843774 573778 608576 1011974 692576 693225 18185 702485 576282 305671 594251 573211 1024203 271676 762296 333202 143821 968866 298702 979410 137785 928618 742558 353888 472310 697708 322094 855051 831845 1166448 1143387 419596 243823 690133 701663 505726 994950 290025 597581 789669 825583
776498 580740 340515 365697 421494 593243 483802 402380 303942 477479 209483 486018 334454 492682 492055 513760 428219 406912 534913 573404 645070 563066 504031 626928 122713 213520 302640 640424 580513 647080 95237 283227 199234 379029 322941 391966 999999999 212105 353385 280403 688224 602237 300780 556111 122084 259264 527281 55438 378323 596100 630582 284004 152252 254652 266427 594924 468436 583771 298681 469365 467313 314978 620136 300675 531853 375202 537917 459017 137212 325480 258744 632258 226980 370591 124590 333277 577771 244159 588143 261285 544689 351657 113580 141741 351787 170556 463111 597784 778839 757416 288001 311126 358300 319172 289616 612320 111269 436133 418428 526833
620984 723219 552594 562596 571866 386800 274343 491985 467350 321676 325763 610174 495129 610146 638008 313537 469514 549335 439582 361383 764900 448266 407678 541667 318891 422350 512777 429872 498578 487635 294340 481557 406457 311609 534680 556246 212105 999999999 292282 484538 563645 497060 89101 361943 256389 185186 461791 266717 454464 409487 465290 165095 119224 464910 56612 428183 627809 377141 110402 449542 363293 435273 497962 230407 380352 542193 383665 350264 250725 461502 60965 518408 308911 267558 336365 454290 481543 456231 459164 418528 384544 240684 202358 84340 407011 242940 355379 715202 624748 598576 487366 521402 430337 306687 175976 554149 314653 606864 236154 315800
869437 934115 610245 697168 447948 555734 448507 299723 656786 588602 552232 837381 687376 842667 845421 517889 742063 760133 727803 482619 996581 219001 153678 830325 368816 532455 605224 494285 788439 341952 444316 617481 452559 603810 609601 460208 353385 292282 999999999 605065 837564 781246 299379 574108 464875 110082 753787 394781 710472 354208 712060 457074 382490 562076 316955 676111 820537 418732 382911 738778 124919 663051 775280 521711 233510 454450 242621 122375 250393 677385 255015 798805 206983 558485 443231 318264 768686 533971 734534 353105 642572 531278 244520 261867 671665 205958 642819 948563 874456 844610 620492 559415 687722 590619 121232 846165 381749 785441 488096 411605
954950 383184 132310 92708 442283 845101 743658 525062 153948 681069 245329 339509 170718 356340 303621 759257 431740 250156 671068 839827 476252 823201 758688 738474 238596 72611 58540 914007 695022 921847 190281 32226 175815 522699 96339 392082 280403 484538 605065 999999999 837198 739105 573329 792353 249206 527845 632907 225958 352127 876360 829700 498130 389570 55706 534197 798232 258789 861053 550003 536832 727439 250545 773303 474213 806086 375003 812783 721490 354977 223309 536564 774979 420450 547980 163862 435537 708289 95569 752172 337141 745355 540417 365616 421721 368781 399514 624235 439781 955440 940969 27754 158914 348007 432525 564247 694916 223661 209652 651994 799766
147672 805920 958605 864496 1107311 404518 442014 1052256 714840 249143 592336 691372 722032 674777 762589 368033 460608 705652 166243 496561 769668 919818 908527 135457 809466 814212 891086 585921 159619 868824 706567 813693 868103 318942 926643 1080078 688224 563645 837564 837198 999999999 99986 538218 323814 616829 741343 218607 719438 531647 736673 172900 413420 541083 854815 524374 193067 792760 613324 458211 329191 864884 614841 68112 388437 810810 1063410 807706 849757 792051 654111 584860 62857 865672 317835 771577 1004041 132560 870977 104485 946886 203364 338706 744911 633957 489206 797301 225258 732175 143979 150680 821124 955831 521291 405131 716672 214159 794578 811515 351700 542667
239760 710563 861858 764861 1023336 412711 423455 977840 615078 207995 494850 594267 622071 578206 664616 356469 362222 606188 69011 495397 679279 884084 865783 68984 721838 718236 793558 591282 67065 849961 614129 715094 776402 225995 829443 993914 602237 497060 781246 739105 99986 999999999 485016 324173 523831 679880 120193 630035 432055 722197 202823 337932 459534 758215 464394 205147 693757 606497 398336 230792 821169 514883 53219 301701 780622 976910 778644 806233 712968 554131 526251 37306 790489 236577 679323 924833 32795 775621 76520 862829 188726 260710 667045 560888 389223 721914 143294 639955 237435 236457 722514 860860 421396 308247 660092 139992 706034 711808 310125 529978
575661 798213 641059 650358 639510 306892 192105 542252 550099 289224 403802 681791 576975 679980 714790 242151 521042 626466 435870 273641 833181 413034 384806 537998 403759 511449 601873 340827 498507 425904 383244 569728 492982 332923 623589 628534 300780 89101 299379 573329 538218 485016 999999999 295064 340832 208507 471649 355623 517195 333546 417860 187298 197273 553997 44777 381159 707885 289673 91820 480020 339695 509870 476422 262651 327542 615549 328967 325157 324197 538870 56113 500682 368445 276249 425225 516140 475020 544932 435449 491920 344440 249188 277773 166216 465981 307832 351095 783407 580222 551663 575646 608701 492954 351562 178818 562945 400965 689614 189679 226711
304185 908042 886556 851161 932165 90067 130752 836622 719548 150730 567509 784088 738991 774476 839176 56296 564972 759558 317095 173447 908965 613248 612954 392844 673879 744201 833751 267254 373958 547345 615558 779341 755314 337279 862388 918065 556111 361943 574108 792353 323814 324173 295064 999999999 543186 498949 387022 604769 602483 413948 157276 294748 410470 788410 306652 130813 850287 289511 258443 461236 572231 643612 286311 335971 499221 904120 494903 557214 612408 681652 351046 317540 663089 277986 671764 810643 335098 789717 249092 780413 135912 271082 564228 446174 546738 600798 266320 862284 310206 278166 786357 864724 581855 417691 461674 453815 666175 848973 140589 220697
721765 476871 350893 314534 518466 596878 498296 519674 211359 436437 88384 373399 239834 377940 389275 510412 308219 301237 454889 596979 532401 665786 611063 538229 212419 205100 292084 676736 492117 733117 90524 237901 253082 298191 323123 481936 122084 256389 464875 249206 616829 523831 340832 543186 999999999 362735 434275 117843 256239 664847 587785 249376 145895 248730 298126 554794 373930 630215 304135 362393 571589 198187 549915 234367 620474 464123 625366 561760 258994 215112 315220 557074 348653 309219 155705 445279 496053 257603 523205 362954 502212 297628 233883 218856 231366 292309 394232 484007 723051 705566 244645 340670 236330 221135 384176 513189 193123 350673 402790 562903
784160 837139 552936 617864 458282 495163 381825 339793 562397 494066 448605 736130 592745 740315 748719 443921 632696 661972 624041 436022 895068 304334 248383 726344 302309 456111 536473 469129 683577 394702 353710 536176 393058 495620 546553 458050 259264 185186 110082 527845 741343 679880 208507 498949 362735 999999999 646791 306895 603192 368250 626366 350231 272592 490596 216997 589641 727218 398002 283290 629036 209191 560431 677316 412816 278993 448323 286144 200124 187111 577322 156979 699418 186376 452696 363986 328444 665628 467609 637334 331324 551941 425737 162897 152738 563045 149047 539434 846502 788696 760165 540042 507290 580144 480549 47790 739112 310600 695377 397464 369931
359764 590901 759210 652285 947345 476845 459167 919033 502065 242988 392591 474103 507023 458156 544467 404707 242158 487256 74789 546265 562985 883494 856120 105839 641513 618480 688923 645440 62605 871139 524484 607227 686696 153949 725637 913994 527281 461791 753787 632907 218607 120193 471649 387022 434275 646791 999999999 547202 313524 751138 300441 296744 398107 656475 441635 291139 574153 647237 379990 110688 810965 400181 169661 238676 789108 896456 788602 796574 649424 438759 502654 157122 732648 196399 589302 858292 87653 677137 173801 788011 256436 223778 606598 511875 273575 664854 131117 522301 357568 355385 614572 762869 304298 213143 635028 92378 623984 593465 327389 566917
814408 542252 286583 312854 401588 645051 536822 405443 263847 518598 195296 454534 294432 463134 453676 564113 423475 371316 561685 627663 612457 608537 547384 649583 95000 158192 247211 695632 603202 698271 50837 230530 152999 404422 267971 366805 55438 266717 394781 225958 719438 630035 355623 604769 117843 306895 547202 999999999 365301 650437 671939 324750 195712 199222 320306 636935 426205 639205 349077 479660 512475 290417 651632 331178 582716 349255 589070 505021 158357 294754 314167 661637 244380 403968 69672 328480 603895 189749 621664 245149 585768 387422 150303 197067 346556 198973 494389 566468 816384 796269 234927 260079 347541 334969 340292 628619 76782 390740 465735 581933
668408 305561 484375 349814 746080 680567 613060 770589 203070 457528 170347 181607 200364 172889 240837 592475 80978 174236 371717 715607 318761 897575 849259 412693 452773 362367 410663 810086 375054 940409 321237 321885 460238 267080 448466 702701 378323 454464 710472 352127 531647 432055 517195 602483 256239 603192 313524 365301 999999999 849519 577794 347471 338307 390111 473054 555616 263214 783127 443601 204503 807114 101582 477090 278809 834780 684521 837940 795644 515045 133489 514503 469354 604539 324688 373239 691379 399283 420827 468950 601355 506511 335147 489304 450999 56137 548353 359083 269403 666996 660716 328571 502939 24253 186816 615283 355834 431715 279944 482526 705036
706729 1131058 917348 961166 801876 345138 298757 651279 876193 516909 734732 1015294 904335 1013511 1046775 369214 847419 958196 695288 247646 1166476 248244 285297 787557 666086 807747 893665 192048 758538 134891 689169 878785 758264 638640 907867 811696 596100 409487 354208 876360 736673 722197 333546 413948 664847 368250 751138 650437 849519 999999999 570690 508105 527362 846284 378271 544402 1037291 130380 408294 787510 265531 842639 692834 583306 139638 804575 130409 255946 554619 870387 349685 723154 545908 573797 715727 671560 724797 827912 652581 694561 538056 550290 524173 456016 797144 517252 620138 1116718 713525 680538 883807 873959 825335 676753 323005 834376 671482 1015480 423766 194049
157821 876166 938679 874337 1033534 232508 284489 955604 731050 153346 588569 754371 745014 741150 818464 208163 522370 748102 225836 326570 858976 768074 764167 269683 752967 792802 877926 413579 265710 704438 671289 811317 824905 318246 910385 1013224 630582 465290 712060 829700 172900 202823 417860 157276 587785 626366 300441 671939 577794 570690 999999999 347264 478363 836149 416158 37122 839050 444558 354892 399019 722207 641037 153381 355570 655204 997869 651177 707078 711689 680912 470872 183393 774178 281850 733311 919242 225009 844680 129303 876077 86191 290265 663023 545368 525994 708008 219170 815997 162539 133966 818682 925671 561294 410838 594450 342618 741597 847456 230470 377904
492759 644725 597296 556773 696159 355200 270359 640374 429159 193925 275758 523054 450855 517844 567395 266513 339319 482412 277041 373276 666201 598187 564728 378267 406683 452838 541196 464702 334402 610589 326940 484615 477747 148565 571255 671753 284004 165095 457074 498130 413420 337932 187298 294748 249376 350231 296744 324750 347471 508105 347264 999999999 131933 496903 149928 312189 570636 435668 100246 293170 519685 363621 345796 75940 514759 655711 516004 505782 378703 398936 208403 362718 453204 103329 387293 590634 319724 501556 310190 536347 261144 77428 331495 222959 292830 384663 194685 616874 495258 473438 491648 580503 323838 168670 338883 389117 394651 563104 155472 357753
624678 604241 476310 459806 566313 456552 354191 521608 352982 325228 207394 490973 379707 491128 519446 372478 360832 430841 394363 451671 646049 559653 513498 491360 274836 335619 426136 530864 445542 606585 205813 381545 348267 244525 453105 540530 152252 119224 382490 389570 541083 459534 197273 410470 145895 272592 398107 195712 338307 527362 478363 131933 999999999 379734 153477 442798 510890 485422 160460 362059 470473 316119 473030 160578 498159 524308 501826 458517 253771 343026 180187 487382 334724 223800 261448 465357 437599 379334 439290 406016 392441 202494 209093 121725 293628 266763 317507 596398 627144 605348 387991 454761 314420 210230 278642 487995 263252 492430 270622 417107
967055 438877 103846 143437 387504 836084 731091 469976 200178 685147 264093 392357 220627 408523 358874 752135 467802 302311 689514 824497 531444 780932 715257 762313 193313 44211 47989 894498 717828 885296 174151 84975 121993 537090 74412 337729 254652 464910 562076 55706 854815 758215 553997 788410 248730 490596 656475 199222 390111 846284 836149 496903 379734 999999999 517151 803419 314463 838421 539369 565267 685669 289397 789517 481352 769581 320453 776644 680466 311802 266721 513389 793305 371745 556062 130984 380357 728275 39885 765930 282130 750767 545884 327703 396022 400503 356134 637044 494319 967967 951826 82387 112901 383297 449992 529369 723306 181052 265319 647851 780611
573068 753451 606776 609435 625845 330224 218165 539450 506458 277858 359372 637038 533074 635298 670114 257370 478706 581834 411259 307475 788628 448306 415514 513792 375317 474068 564829 380227 472614 468705 344778 529401 462340 297963 587883 611474 266427 56612 316955 534197 524374 464394 44777 306652 298126 216997 441635 320306 473054 378271 416158 149928 153477 517151 999999999 379063 663572 332146 66366 442926 370394 465125 460377 223684 367896 597662 369839 356317 305802 494284 61997 482837 359514 245238 389948 506200 451833 510055 420336 473898 337923 217865 257777 140610 422273 295223 326196 738850 577156 549995 535475 576787 448805 310136 195993 533670 370700 645887 185729 265991
194545 856587 905603 844914 996689 213073 253532 918503 703043 118722 558590 733987 717935 721483 796448 177748 503674 724097 216535 303572 843398 736339 730782 273842 717160 759893 845691 394386 263520 677306 637352 780521 789934 292389 877744 976639 594924 428183 676111 798232 193067 205147 381159 130813 554794 589641 291139 636935 555616 544402 37122 312189 442798 803419 379063 999999999 815271 420289 317789 384012 688467 615033 160777 324102 624456 961348 620722 673322 674796 654752 433961 192008 737065 251441 698931 882177 222819 811157 128728 839408 52892 257925 626117 508373 502717 670927 196766 799440 199064 170978 787854 891635 538203 384034 558119 342525 706044 821943 193402 350669
