NAME : synthetic_000415
TYPE : CTSP-D
DIMENSION : 100
GROUPS : 8
RELAXATION_LEVEL : 1
EDGE_WEIGHT_TYPE : EXPLICIT
EDGE_WEIGHT_FORMAT : FULL_MATRIX
EDGE_WEIGHT_SECTION
999999999 269047 409907 522911 570986 81791 417655 501754 214779 342910 327697 379041 431647 461590 104261 121671 380294 391345 334491 67548 120656 668521 404021 475252 520318 515892 280899 527193 467915 434709 521755 527384 181802 556314 716152 338211 215602 500576 326171 548986 163625 571460 309577 362095 433924 475291 305682 361869 160048 216606 414290 197173 541105 407464 610131 452593 245400 312720 562429 266996 375671 329544 435993 90463 606901 417570 222728 276653 533901 214518 276743 286172 598935 656225 267374 225083 144620 429483 190538 324465 202886 467952 625529 419437 268039 277529 460301 356552 355945 274214 470637 174440 602405 375761 432641 408019 393145 374486 375789 211433
269047 999999999 346112 724128 838884 229254 650413 698922 156929 548010 548195 636798 537054 391991 342798 221913 536598 303147 599735 325628 311771 882699 672613 677040 479910 533239 533127 755911 736503 699253 756280 790666 275538 722818 927804 443863 401764 447982 433664 815826 309281 810080 106257 523401 696746 499183 401572 543489 397503 161029 680228 460472 648731 643758 876991 710545 403691 212208 742808 227904 641934 391575 295844 301434 873232 686616 70609 177943 394627 264366 102332 485499 832772 573287 522964 404637 136821 664170 403788 88304 332633 503780 541078 625856 438343 29677 338513 520906 327406 528086 286572 228504 775052 603015 504816 368453 307001 475947 435739 474416
409907 346112 999999999 559288 839381 444324 816817 911012 223538 752453 734794 610882 820331 52357 513914 288371 356225 47394 691005 473944 330683 1071796 729841 522464 133820 204298 670403 925681 756732 691183 916399 764062 543556 507481 752904 722990 335079 102884 711135 808592 551449 961128 452080 767821 790057 181259 218923 771061 406001 219468 759640 577236 377690 804647 864141 820304 299354 134402 543115 551294 723127 690657 113909 495450 935557 728201 295063 172863 738898 554280 446095 388648 711815 248418 517548 630948 313792 572817 600419 428074 588196 195204 216877 490996 325976 318595 684622 762842 61675 516450 624709 507089 559608 511221 233176 36727 43289 759125 738658 590251
522911 724128 559288 999999999 413865 604643 663386 802676 578032 690726 651878 264546 877006 576874 555703 504864 205537 589007 479134 524284 423132 879531 440232 47959 546209 444323 544482 738739 393692 317187 716062 324819 694977 111975 204487 805071 324529 560602 794760 381881 660822 731922 804198 768472 528623 427618 354284 740696 363665 575080 490284 487755 261265 647139 412710 572286 321200 597150 75376 789904 476025 824169 666698 583434 572933 414141 654508 597339 1055719 732545 776535 242030 165743 676636 302125 667303 594102 145376 610982 805488 694347 405869 663246 103475 286069 714362 982658 761073 510893 292519 982207 696440 116470 161227 341765 525259 586651 835773 863469 488671
570986 838884 839381 413865 999999999 630066 402445 531091 744417 496018 457476 228501 710192 875806 524603 638890 524862 849918 278489 523858 551114 532932 189575 408445 879654 801115 376386 424177 105005 148963 397392 89462 665940 525588 440209 679681 507104 881742 674124 33141 617319 387314 875268 593048 235120 771929 624540 551008 458715 743838 216204 400336 658436 389753 46012 267066 540094 813038 487787 785512 239574 731125 920845 569036 169830 163284 785006 792511 1041654 706563 841244 452938 294835 1025400 330655 563901 706364 297870 518023 893935 631848 751735 1004427 397711 514309 844154 968804 586455 778844 329144 1013460 694223 523295 344383 684026 814812 849302 696201 751658 389251
81791 229254 444324 604643 630066 999999999 423748 486395 227974 329557 324060 450991 377576 496681 114257 165795 459213 418146 375394 106261 196673 663968 453516 557011 564738 573554 304122 531029 525458 500453 529711 593692 108196 637218 797117 280834 295218 541386 268805 610484 107127 582685 245412 326547 469917 533379 373077 335958 241421 231147 455944 236583 615647 416218 671217 481908 321949 329927 644004 185329 418328 260244 450173 72218 648462 471254 202873 289826 452945 135679 211267 367708 677404 692735 342154 192682 139044 508661 178490 266576 144370 528389 661078 501168 346867 245503 379089 322199 396646 349669 394591 93109 683751 456348 499473 448677 420617 317335 307958 249958
417655 650413 816817 663386 402445 423748 999999999 140612 632277 123414 105084 400361 320374 866460 317498 535564 646266 804391 184279 350136 488134 255736 241014 630466 910688 876837 149086 109596 324824 372031 105975 432613 391863 753266 781942 318271 522611 897260 317262 406179 347439 159956 638331 211607 168068 837810 657152 167418 431887 634205 195444 242225 821471 16254 447214 137187 567026 730024 733443 500848 193317 384631 853269 352495 312377 273473 625663 694305 712674 422602 605720 532105 627732 1055052 385114 256262 554556 518604 246627 669027 337622 824032 1026219 586317 564824 668729 647293 206722 758213 393302 721023 436220 777523 513398 769164 808188 805762 322608 388677 230617
501754 698922 911012 802676 531091 486395 140612 999999999 710059 158942 178701 540493 251986 962257 397493 623361 774514 892979 323798 437092 591208 188742 380480 768668 1014739 991086 270766 125325 461452 512111 148866 569105 424639 890318 922164 292696 640033 998126 297110 538493 390306 192527 665648 184688 302287 951197 770496 155973 548318 712664 333333 356539 950903 156628 574252 264840 683857 811209 871910 513399 333787 364126 933664 421735 415493 412612 687439 772727 680515 444831 636104 659236 767763 1155273 518158 295709 624666 658302 312618 700121 367073 939035 1125216 723056 685925 721358 623911 184704 855230 526805 712845 471864 916138 650504 888080 906691 894838 280667 350421 347652
214779 156929 223538 578032 744417 227974 632277 710059 999999999 551470 540037 526786 599128 275178 316066 107191 383930 191982 539022 282315 193643 881684 597952 532008 352735 387813 494703 741744 647563 597970 736532 684908 321643 569013 782508 501735 264507 325096 490027 717869 334039 786095 257289 554520 640009 351213 245096 562714 286194 4503 616226 407201 491929 622224 778144 662484 257331 101975 591201 330749 577642 467256 223605 288332 805607 605364 88208 62684 543686 330818 241577 346403 698517 469840 415469 419856 91302 534022 397683 245002 369066 353332 437718 483643 292786 140008 481626 550141 187105 418487 441529 283802 621728 470686 349140 235610 194787 537551 515200 421357
342910 548010 752453 690726 496018 329557 123414 158942 551470 999999999 40890 440492 214325 803844 238668 464558 635794 734058 233631 278774 435680 335172 314540 651984 857941 838542 147266 213154 404958 433884 219682 509332 279035 768040 834037 196353 491835 840554 194563 493538 239084 275718 525324 97129 264587 798319 618444 55642 400713 554016 279898 213890 812342 126136 541940 246028 534742 652439 755044 381888 262055 261411 775044 263295 428883 346621 531857 614153 589402 305917 493813 520509 683713 997389 392517 143899 466947 551410 153815 557776 222441 787113 967138 601902 540261 568920 523885 90745 697130 401859 598835 325305 799473 531860 739009 748775 735930 204635 267877 208297
327697 548195 734794 651878 457476 324060 105084 178701 540037 40890 999999999 400123 253860 785647 224160 448547 602685 718644 192806 261421 412665 341723 274473 613735 836451 812641 107537 207718 365063 393019 209233 468943 286826 730881 793433 227922 462805 820351 224622 454140 242882 264350 533407 135997 228278 772676 592098 96212 371192 542310 241284 180968 779373 102789 503459 213432 506315 639847 716957 396277 221975 289097 762976 254467 397543 306378 526882 602600 615698 317641 500928 487209 642919 977749 355232 151187 458500 511791 145574 564379 232596 760725 947947 564302 509919 567506 548280 129207 678149 364466 618240 331429 761404 493699 710705 729324 720323 239989 300255 173847
379041 636798 610882 264546 228501 450991 400361 540493 526786 440492 400123 999999999 641326 647574 364556 424607 308734 621923 216907 348636 333699 616722 178088 236515 654451 581945 293516 474385 156160 81409 452046 158478 513827 362310 394173 582640 279575 654999 573895 197957 470040 470573 688499 526670 266051 550330 396603 493665 241922 525721 227392 260768 463124 384168 255336 309446 311619 588677 337022 626657 211480 616326 693649 403996 346148 155824 576946 570791 894107 554826 655783 225407 247733 801406 113837 447909 500594 119171 392696 701638 495562 530938 779295 202518 286057 637937 819599 519268 550389 109154 845438 530635 380290 133389 464308 586462 621225 608786 648640 256450
431647 537054 820331 877006 710192 377576 320374 251986 599128 214325 253860 641326 999999999 872598 345630 542040 788545 791110 445002 387591 548433 429041 528303 834605 942308 946993 351382 368820 618923 643808 386988 722359 277538 942046 1035012 97402 629132 918632 109199 707828 271713 438278 474848 117982 477406 906462 736425 159193 545808 602830 494173 389471 960432 328917 756069 454690 666926 699138 935337 317021 475812 147965 813040 341594 632670 560084 548834 657920 432748 275023 451988 677832 888204 1068331 574933 217051 507832 744880 270442 512121 233301 899547 1036384 781120 681753 564386 381990 124998 774130 584543 479889 318344 979184 715798 863028 826070 793899 61930 113508 389666
461590 391991 52357 576874 875806 496681 866460 962257 275178 803844 785647 647574 872598 999999999 565447 340204 378321 88874 737073 525170 379122 1121734 772891 542917 92009 184289 719441 975064 796102 728494 965303 798292 595714 515972 764895 775244 375932 57565 763400 844496 603806 1009335 497273 820049 835389 171086 251487 823004 451085 271177 804183 626062 375419 854074 898827 866588 337703 182616 554132 601360 768150 742429 128792 547545 977277 769912 344145 222456 782291 605996 493072 423119 733866 196062 558348 683122 365760 602062 652128 471572 640535 189129 164568 515805 361526 363735 729986 815042 108312 556662 666154 558923 566729 542000 239731 61680 85084 811353 790377 638887
104261 342798 513914 555703 524603 114257 317498 397493 316066 238668 224160 364556 345630 565447 999999999 225891 444547 495568 262440 43145 206583 565653 343229 509940 622041 611058 190378 426544 419599 403193 422789 495944 149272 606793 735675 258977 283572 603354 247528 507284 107110 474211 355941 263747 355785 570457 394784 259575 203092 318262 342759 125366 614982 308428 567210 367821 321479 415690 605694 264437 305598 268806 538819 44912 534810 363188 310037 378548 529964 190320 321617 337060 604099 759602 266183 129984 237170 441050 87375 379415 138661 561385 729102 454275 336347 357490 455537 257692 459222 275067 489743 170321 648207 397694 520192 511111 497388 293471 309957 137943
121671 221913 288371 504864 638890 165795 535564 623361 107191 464558 448547 424607 542040 340204 225891 999999999 327533 270098 433041 187144 91781 788357 490780 457337 401910 407933 393777 645127 541077 493485 638222 581873 272932 513559 707549 445912 180727 380634 433840 612952 270334 686200 300165 480966 534131 367880 215530 482820 182706 107427 509613 303854 465687 524542 673537 557852 188736 195808 529059 320619 471104 425095 318490 207892 698523 498256 155516 163733 567784 294460 274319 264338 611018 535326 311856 343760 89356 442903 312078 300716 308909 363561 504411 405063 221522 217203 498707 475735 235552 315589 481651 247197 564199 381285 339067 287792 271789 482465 473082 317828
380294 536598 356225 205537 524862 459213 646266 774514 383930 635794 602685 308734 788545 378321 444547 327533 999999999 384025 473323 404769 262977 891098 472505 166355 361755 276293 503763 741564 464850 387935 723794 439816 561957 186629 406608 703493 164807 369989 691980 491971 538291 753950 625636 694316 553688 248597 149337 676744 242769 380524 516228 422072 176692 630680 539934 593850 139939 393174 207421 638321 488574 706402 461724 459179 654881 457846 466013 396247 894276 594375 601331 115493 355947 503547 264242 571495 415481 232144 519193 621789 576112 227797 484947 138587 112362 523292 823935 687345 305823 257335 808717 551964 238474 180584 159743 323451 381784 737964 750812 428874
391345 303147 47394 589007 849918 418146 804391 892979 191982 734058 718644 621923 791110 88874 495568 270098 384025 999999999 687232 457237 324209 1058099 731319 550181 178040 251447 660023 913772 763645 701081 905769 777463 513614 543450 785862 693718 342899 145132 682006 819858 524961 952119 408565 743977 787380 227110 239889 749636 405855 188307 758485 567773 419607 792854 876720 815721 311344 94714 577394 513862 721224 658117 77703 473622 938583 731802 256110 135466 694241 521657 404208 404097 737396 278676 523545 607952 283282 592407 580821 383383 560635 239922 246388 515268 341031 274991 641282 739305 78214 523313 579054 475122 596146 529621 272626 80984 4127 729521 705829 581215
334491 599735 691005 479134 278489 375394 184279 323798 539022 233631 192806 216907 445002 737073 262440 433041 473323 687232 999999999 274106 363140 417934 88915 446388 768549 720776 98402 269132 178096 200334 250533 277797 393345 569765 604906 404042 369978 759910 397738 269318 344090 282512 618310 327164 101107 683516 506614 288985 286354 539785 80610 139345 645624 168027 323968 129600 413663 626613 549243 513340 43264 452992 746653 307155 273543 117701 557214 596693 764425 433023 583991 362658 452541 916137 209083 285443 478907 334521 241074 641669 355200 667636 889392 403278 404433 610894 692156 320048 629862 216214 742479 426149 593282 330199 607964 676228 687839 423424 475315 125593
67548 325628 473944 524284 523858 106261 350136 437092 282315 278774 261421 348636 387591 525170 43145 187144 404769 457237 274106 999999999 163439 601518 348980 477783 580119 567967 214310 459690 419330 394894 454217 488143 171760 570608 708968 299221 242385 561997 287566 504236 137090 504067 351450 306871 371726 527372 351679 301967 165600 284153 354611 134895 573762 339917 564957 388124 279346 380047 571419 278622 316378 303883 503324 59287 547614 365656 285627 344189 547114 211084 317391 299627 582016 718649 243746 172845 209299 415926 129839 371337 172850 518246 688364 421815 295405 337286 472608 300791 418358 252024 497688 182358 613344 368810 477217 470045 458903 334278 346861 148922
120656 311771 330683 423132 551114 196673 488134 591208 193643 435680 412665 333699 548433 379122 206583 91781 262977 324209 363140 163439 999999999 743790 411887 375211 424036 404943 340439 596271 455569 404342 586195 491510 301665 443907 623394 456815 101158 409289 444857 524301 283790 630457 382432 470236 463578 364407 188448 463649 92558 192875 435732 246973 420537 475403 584514 491514 125381 267218 454345 375908 397990 450199 384483 207558 620212 416224 246921 242467 635994 332257 353811 181129 521373 567071 221841 335938 175840 352422 292417 386960 322882 354884 538094 321158 150886 308593 564234 464090 270829 225019 559075 289104 492227 291730 314646 320169 324909 492781 496368 259766
668521 882699 1071796 879531 532932 663968 255736 188742 881684 335172 341723 616722 429041 1121734 565653 788357 891098 1058099 417934 601518 743790 999999999 439348 853207 1166373 1130547 404494 150345 496844 565834 167436 595763 610486 978854 963358 480327 776208 1152978 485263 551023 573426 149384 853489 373422 350967 1091894 911637 343247 686274 883911 389466 497880 1063419 269041 568185 307373 820650 981136 953245 702045 408101 551535 1104358 595717 377167 465895 866667 944199 861685 632490 823469 779250 810050 1310772 626935 478062 799920 735011 486096 887558 552970 1077569 1281883 815466 816404 903994 808265 373412 1013560 634147 899921 657519 995927 742754 1021036 1063734 1059602 465608 534500 486046
404021 672613 729841 440232 189575 453516 241014 380480 597952 314540 274473 178088 528303 772891 343229 490780 472505 731319 88915 348980 411887 439348 999999999 414439 794818 735648 187015 300147 90763 132187 276536 195366 479564 540321 542037 491754 397698 789896 485768 181236 430519 292533 698412 410357 88392 700664 531064 370170 325495 598188 50243 217883 636275 225765 235075 132058 438708 679040 513916 599527 52499 541773 795554 388131 208339 32768 625280 652447 852812 519715 664121 371363 387425 943153 218308 374337 546196 295709 329174 719953 443232 683015 918203 379579 422668 681480 780297 403449 668171 222261 828368 510424 556594 308232 619434 711294 731478 509922 563363 205442
475252 677040 522464 47959 408445 557011 630466 768668 532008 651984 613735 236515 834605 542917 509940 457337 166355 550181 446388 477783 375211 853207 414439 999999999 518118 420687 506758 709976 376369 297860 688112 319037 648086 125943 250871 761031 276842 530229 750571 375649 614555 706971 756459 727488 502548 400502 312903 700945 316273 529140 463903 446092 251939 614216 412636 545961 274798 554219 103421 742225 446700 778642 627853 536832 560949 390438 607596 552985 1007852 685417 728691 194138 191417 653039 260748 623411 546515 120071 567254 758025 648492 378799 637827 56060 239484 667680 934841 720115 471967 251200 934281 648958 147835 120139 312588 489320 547997 792209 818475 447750
520318 479910 133820 546209 879654 564738 910688 1014739 352735 857941 836451 654451 942308 92009 622041 401910 361755 178040 768549 580119 424036 1166373 794818 518118 999999999 112923 761933 1017620 807884 735838 1005821 797706 667734 471153 722153 845405 399152 34948 833414 847364 671187 1046834 585813 882199 863719 118780 263785 881543 483489 348455 830273 668494 317872 897390 898430 897833 356566 268151 512657 682828 796013 817197 218722 609218 994005 788115 428088 305892 872189 681425 579855 429810 709019 148335 576797 744992 440697 593234 709409 561313 709083 140463 124853 499864 372985 452273 818407 876769 168456 573629 757015 633772 518756 537533 205544 117384 174012 881831 865387 680436
515892 533239 204298 444323 801115 573554 876837 991086 387813 838542 812641 581945 946993 184289 611058 407933 276293 251447 720776 567967 404943 1130547 735648 420687 112923 999999999 728070 980360 737822 662382 966051 715995 680842 362286 612831 852097 354367 140015 840006 768248 676056 1002861 638990 874786 810803 40633 220601 868468 445027 383310 775247 636528 205704 862504 815893 847888 309922 324886 404995 714867 743535 832940 311136 606344 926983 724999 472420 355415 927586 700698 627512 364321 609252 232509 518386 739303 466227 507254 697338 619454 715161 53146 219400 409818 316369 508316 868247 868750 205946 513673 818280 652924 408312 456747 117639 171776 247396 888617 880979 647031
280899 533127 670403 544482 376386 304122 149086 270766 494703 147266 107537 293516 351382 719441 190378 393777 503763 660023 98402 214310 340439 404494 187015 506758 761933 728070 999999999 255945 276484 292786 246015 374672 304492 624988 687461 305943 374104 749007 299454 367719 255305 292484 539521 234654 171458 688920 508173 200181 283044 496209 168033 93574 680138 135463 422032 178094 418455 589497 610082 423651 137405 354771 712255 232370 352354 216061 498838 555592 668966 342672 505453 388549 538203 906760 249801 188482 423485 404284 148670 565781 261736 675351 878185 458019 417551 547742 597426 227332 611129 258832 652560 341341 654529 386872 621350 660587 661196 326330 377006 81563
527193 755911 925681 738739 424177 531029 109596 125325 741744 213154 207718 474385 368820 975064 426544 645127 741564 913772 269132 459690 596271 150345 300147 709976 1017620 980360 255945 999999999 368866 430863 26855 473743 491472 834984 837104 391899 626072 1004944 393624 436131 449488 69466 738126 280031 213016 941803 761727 240078 536429 743702 249962 349518 914664 121039 464948 169972 670507 839616 811360 594596 263275 462281 962863 460415 294392 329402 733532 803829 787294 519071 706297 629243 682413 1162687 477646 355529 663337 593466 352837 770112 435356 927356 1134128 670004 666060 775132 726200 277379 866768 485068 807640 537185 854671 596994 870692 916440 915111 387454 456986 337258
467915 736503 756732 393692 105005 525458 324824 461452 647563 404958 365063 156160 618923 796102 419599 541077 464850 763645 178096 419330 455569 496844 90763 376369 807884 737822 276484 368866 999999999 79210 343272 107814 561318 500895 468546 581997 421763 806859 575804 91349 512841 347461 770779 501009 159411 705716 547135 460551 364153 647248 129560 295410 615435 310390 148464 199899 458403 720743 469012 680756 143161 630737 832208 464046 190145 60457 684249 697983 938039 602044 736702 378085 314160 955445 240122 462147 605301 256902 414790 789933 528253 686558 932586 352090 436289 742703 864932 494126 695419 240475 908538 589250 509297 287437 620211 734551 763335 600577 653390 284471
434709 699253 691183 317187 148963 500453 372031 512111 597970 433884 393019 81409 643808 728494 403193 493485 387935 701081 200334 394894 404342 565834 132187 297860 735838 662382 292786 430863 79210 999999999 406491 93253 550650 422911 410071 595846 358210 736378 588326 120236 504053 417007 743212 526392 217851 631229 477770 489102 311784 597213 181528 286026 536325 356452 180174 261159 391831 664493 392257 667618 179086 637479 771882 445781 268462 101503 642537 644704 931358 591885 709719 306763 255702 882713 182760 467150 564668 178055 415035 759174 524793 611674 860685 272901 367082 702641 857259 519174 630432 180672 891733 573098 433380 209116 544759 667269 700499 618340 665136 278003
521755 756280 916399 716062 397392 529711 105975 148866 736532 219682 209233 452046 386988 965303 422789 638222 723794 905769 250533 454217 586195 167436 276536 688112 1005821 966051 246015 26855 343272 406491 999999999 447680 495487 813412 811717 404700 612138 993936 405709 409564 452106 56045 742253 293269 188763 927812 748285 251767 523354 738344 226293 339243 895985 114421 438100 145333 656507 833394 789057 601460 241718 474291 956509 458380 268389 305172 731501 798286 800784 524644 709974 612342 657115 1151546 459584 359441 659954 570947 352503 773528 440197 912970 1123321 649091 650862 774696 738400 290053 856995 466744 817455 540522 832181 576207 855376 906191 906997 402366 471405 326482
527384 790666 764062 324819 89462 593692 432613 569105 684908 509332 468943 158478 722359 798292 495944 581873 439816 777463 277797 488143 491510 595763 195366 319037 797706 715995 374672 473743 107814 93253 447680 999999999 642827 436385 367790 680295 436604 801354 673370 57065 595810 446987 836216 604392 266867 687943 546864 564969 399270 683916 237246 377146 569401 418109 100794 306346 466171 746856 399089 760281 247574 725031 850257 538778 251741 162871 732734 729268 1023142 684029 802786 375541 216106 942297 270022 554927 655409 210134 504232 851802 615375 667424 922205 309854 438087 793252 949191 597364 704396 266491 984844 666023 435407 260345 599468 737909 776586 700898 750680 368361
181802 275538 543556 694977 665940 108196 391863 424639 321643 279035 286826 513827 277538 595714 149272 272932 561957 513614 393345 171760 301665 610486 479564 648086 667734 680842 304492 491472 561318 550650 495487 642827 999999999 735839 880711 180191 397169 642897 168589 650828 49332 550975 246783 247988 475880 640812 481132 268744 332713 325381 470530 266624 722021 388252 709735 478082 426912 421662 739510 120011 436184 152222 536814 112620 656689 502870 274796 380480 381032 41245 214841 464486 752211 791171 413754 136072 230374 587302 156310 278751 57580 636219 759147 592032 449784 299652 306739 245383 499278 422363 349139 47252 780549 540513 607630 550803 516430 215908 200151 276924
556314 722818 507481 111975 525588 637218 753266 890318 569013 768040 730881 362310 942046 515972 606793 513559 186629 543450 569765 570608 443907 978854 540321 125943 471153 362286 624988 834984 500895 422911 813412 436385 735839 999999999 251004 863490 342967 490596 852520 493445 707290 832851 812227 838924 628360 353402 327435 815033 405043 565456 589692 557762 162808 737047 524629 671716 325008 568744 45185 819573 571790 874461 619796 628111 683077 516362 652209 576611 1078823 770596 787680 271511 267962 590691 375655 727246 601894 245762 672086 808321 743430 332321 580864 167298 294047 708812 1007735 831639 467597 366420 995077 730325 53424 239906 276346 471441 540523 896214 916694 561013
716152 927804 752904 204487 440209 797117 781942 922164 782508 834037 793433 394173 1035012 764895 735675 707549 406608 785862 604906 708968 623394 963358 542037 250871 722153 612831 687461 837104 468546 410071 811717 367790 880711 251004 999999999 972553 526829 741355 963169 416195 842624 814317 1005671 920817 625218 604330 555937 887639 556173 779564 590572 649393 409783 766253 417575 667391 525535 799728 210800 982092 588686 1000013 863210 768111 609849 510456 858449 801220 1250001 919851 977178 443382 154823 839067 470603 835684 796500 295082 779410 1008243 873287 583161 830604 302594 490295 918545 1176204 913411 708363 461385 1181474 886974 205415 341005 525318 717593 783236 1000357 1035819 647085
338211 443863 722990 805071 679681 280834 318271 292696 501735 196353 227922 582640 97402 775244 258977 445912 703493 693718 404042 299221 456815 480327 491754 761031 845405 852097 305943 391899 581997 595846 404700 680295 180191 863490 972553 999999999 541594 821484 12091 672968 176043 459757 388855 111893 455485 811651 643827 153182 461830 505432 465020 323220 872889 322299 725630 441048 577712 601843 859752 231058 440360 71468 716260 249257 624735 521706 452575 560646 396171 179941 363470 595444 830297 970946 505046 137816 410437 678851 194261 425487 137055 805305 938991 706350 594626 470528 334361 114669 677127 514583 420174 221747 903017 644261 770729 728998 696503 36557 72445 326312
215602 401764 335079 324529 507104 295218 522611 640033 264507 491835 462805 279575 629132 375932 283572 180727 164807 342899 369978 242385 101158 776208 397698 276842 399152 354367 374104 626072 421763 358210 612138 436604 397169 342967 526829 541594 999999999 392509 529911 477296 373999 650388 479678 540671 464574 315744 136699 527550 91715 262365 431411 283720 331439 508188 534849 498934 44446 311755 353291 476615 396872 542027 414075 295150 601346 393982 333377 298507 737105 429937 452279 83736 434276 547205 182572 412601 269731 269842 362805 481416 412143 301463 521354 224345 53179 394440 665392 533985 273676 181377 658606 388232 391073 206261 248047 314253 342368 576638 586845 293547
500576 447982 102884 560602 881742 541386 897260 998126 325096 840554 820351 654999 918632 57565 603354 380634 369989 145132 759910 561997 409289 1152978 789896 530229 34948 140015 749007 1004944 806859 736378 993936 801354 642897 490596 741355 821484 392509 999999999 809546 849780 648256 1036166 553612 861594 856429 137505 259962 862398 473777 320914 823802 655436 341469 884306 902147 889457 351272 237036 530981 653980 788810 791323 183791 588495 991322 784608 397945 275746 839289 655178 548523 429623 721607 157795 572736 724375 414334 599564 690585 528466 685717 158296 129587 508576 370626 420025 786312 856332 145154 570124 723517 607725 539498 542045 218869 92901 141182 857800 839436 667744
326171 433664 711135 794760 674124 268805 317262 297110 490027 194563 224622 573895 109199 763400 247528 433840 691980 682006 397738 287566 444857 485263 485768 750571 833414 840006 299454 393624 575804 588326 405709 673370 168589 852520 963169 12091 529911 809546 999999999 666901 163952 461036 380345 114279 451390 799561 631802 153944 450484 493709 460004 314021 861159 320695 720030 438025 565896 590249 849064 222940 434633 68659 704933 237303 621993 515439 441479 549070 395883 169463 354449 584191 821461 959136 495124 127801 398725 669215 184283 416795 124971 793222 927196 695789 582965 460143 332725 116322 665152 504644 416331 210606 892263 634060 758713 717039 684778 48641 77595 317462
548986 815826 808592 381881 33141 610484 406179 538493 717869 493538 454140 197957 707828 844496 507284 612952 491971 819858 269318 504236 524301 551023 181236 375649 847364 768248 367719 436131 91349 120236 409564 57065 650828 493445 416195 672968 477296 849780 666901 999999999 602649 403639 855157 590121 238125 739243 593101 548956 431760 717170 214468 384323 625402 392690 61175 273659 509477 784645 456100 769878 233103 722080 891304 551314 196736 151791 760650 764929 1028598 691723 821292 421439 267853 992900 302944 553453 682322 264730 505736 872850 618944 718991 972098 364570 483130 820270 955303 583346 748248 300901 996923 677448 492176 311567 651234 783630 819174 691021 744495 373947
163625 309281 551449 660822 617319 107127 347439 390306 334039 239084 242882 470040 271713 603806 107110 270334 538291 524961 344090 137090 283790 573426 430519 614555 671187 676056 255305 449488 512841 504053 452106 595810 49332 707290 842624 176043 373999 648256 163952 602649 999999999 507172 291312 221811 426737 635618 469063 235961 302291 337375 421198 218899 703268 342948 661298 429584 407214 435769 708506 169255 386891 168118 554628 79335 607591 454145 298848 395226 427347 89261 258385 435959 711025 799862 373286 95376 243685 548121 107542 321589 39335 629401 768203 558650 427137 331107 353399 218016 503356 382177 398428 89081 750377 503947 596052 555470 527487 212574 213040 228727
571460 810080 961128 731922 387314 582685 159956 192527 786095 275718 264350 470573 438278 1009335 474211 686200 753950 952119 282512 504067 630457 149384 292533 706971 1046834 1002861 292484 69466 347461 417007 56045 446987 550975 832851 814317 459757 650388 1036166 461036 403639 507172 999999999 797685 348072 204668 965255 787020 307125 563387 787764 243378 384376 923524 166469 424810 161839 694504 881829 806060 657452 265988 529668 1004689 510991 241709 317806 783763 847454 855621 580477 765274 644822 660798 1193426 490253 414995 711241 588024 406382 828720 495917 949716 1165722 671158 686672 828007 793761 345093 901142 496748 873393 595778 848387 598986 890455 949618 953213 456338 525694 371069
309577 106257 452080 804198 875268 245412 638331 665648 257289 525324 533407 688499 474848 497273 355941 300165 625636 408565 618310 351450 382432 853489 698412 756459 585813 638990 539521 738126 770779 743212 742253 836216 246783 812227 1005671 388855 479678 553612 380345 855157 291312 797685 999999999 482926 709510 604457 497774 510243 458628 261645 698451 480771 747842 634200 916048 716979 488427 318403 829037 158169 661506 326906 395724 311158 889721 716631 169167 284001 288608 221013 34324 562527 900673 675246 576131 382855 210902 730665 396882 37541 302883 608419 643244 703174 521650 133587 232718 481845 433334 582528 184901 202254 863497 672299 606394 474709 412472 416615 365833 493726
362095 523401 767821 768472 593048 326547 211607 184688 554520 97129 135997 526670 117982 820049 263747 480966 694316 743977 327164 306871 470236 373422 410357 727488 882199 874786 234654 280031 501009 526392 293269 604392 247988 838924 920817 111893 540671 861594 114279 590121 221811 348072 482926 999999999 361564 834177 658096 44280 452812 557674 376873 281598 869151 217808 638990 341466 581217 656472 829466 329084 357874 182719 776188 273108 522682 442106 519813 616271 507567 263272 454371 580841 772617 1015818 466769 137235 464968 633154 178560 518095 191703 825103 984593 675258 591895 547621 446251 7427 716514 476338 530455 294899 873662 607747 782717 768758 746312 111089 178618 279836
433924 696746 790057 528623 235120 469917 168068 302287 640009 264587 228278 266051 477406 835389 355785 534131 553688 787380 101107 371726 463578 350967 88392 502548 863719 810803 171458 213016 159411 217851 188763 266867 475880 628360 625218 455485 464574 856429 451390 238125 426737 204668 709510 361564 999999999 774588 600492 318482 384317 640806 38710 237103 720688 154828 280406 43697 507413 727662 602281 594762 67710 513200 847492 399658 180907 116429 656422 697796 834999 513728 675307 448110 470400 1011764 292890 354956 578532 384054 319778 734640 431657 757812 985648 466557 495096 709011 764752 355311 728703 298358 823381 512619 644985 394562 695988 774251 787908 468193 527928 222934
475291 499183 181259 427618 771929 533379 837810 951197 351213 798319 772676 550330 906462 171086 570457 367880 248597 227110 683516 527372 364407 1091894 700664 400502 118780 40633 688920 941803 705716 631229 927812 687943 640812 353402 604330 811651 315744 137505 799561 739243 635618 965255 604457 834177 774588 999999999 180926 827985 405923 346711 739414 597086 205176 823583 788292 811154 271330 293641 394342 676588 707153 792963 292684 565740 894207 690952 436870 321970 892863 661100 591908 329889 590949 255033 482808 698671 427792 480708 656780 586103 674748 21758 237670 385069 279548 475012 832504 828149 173440 478433 785094 613377 402015 427804 89168 146136 223206 848163 840962 607744
305682 401572 218923 354284 624540 373077 657152 770496 245096 618444 592098 396603 736425 251487 394784 215530 149337 239889 506614 351679 188448 911637 531064 312903 263785 220601 508173 761727 547135 477770 748285 546864 481132 327435 555937 643827 136699 259962 631802 593101 469063 787020 497774 658096 600492 180926 999999999 649750 225371 241221 566676 416173 251811 643042 647355 635402 93096 243988 354042 536108 532790 632532 317005 394949 731406 524889 331512 249237 777474 506839 477273 171667 497925 412112 313218 524356 294574 354010 479785 489066 508388 168695 387302 275564 110883 384902 710562 651836 162419 310336 682644 460503 380732 292306 126989 191114 238124 680025 679689 426904
361869 543489 771061 740696 551008 335958 167418 155973 562714 55642 96212 493665 159193 823004 259575 482820 676744 749636 288985 301967 463649 343247 370170 700945 881543 868468 200181 240078 460551 489102 251767 564969 268744 815033 887639 153182 527550 862398 153944 548956 235961 307125 510243 44280 318482 827985 649750 999999999 437754 565610 335050 257704 852691 173533 596878 297483 569372 664558 803616 359869 317689 222550 785832 276040 478422 402263 534501 625092 549340 289256 480368 562119 737983 1018027 440492 143300 474986 602938 172216 544429 211209 817876 987212 649847 577554 566393 486657 39365 717809 449964 567861 315987 847974 580850 772659 769887 751768 155190 221915 254027
160048 397503 406001 363665 458715 241421 431887 548318 286194 400713 371192 241922 545808 451085 203092 182706 242769 405855 286354 165600 92558 686274 325495 316273 483489 445027 283044 536429 364153 311784 523354 399270 332713 405043 556173 461830 91715 473777 450484 431760 302291 563387 458628 452812 384317 405923 225371 437754 999999999 285431 353654 192064 416399 417698 491956 415955 135714 356768 406901 426737 317186 469483 470667 223234 533136 327227 335641 334100 693945 369370 427729 134131 442419 630474 129369 328773 260701 272364 276559 467459 338450 392336 603333 260268 139833 396962 620333 445965 344520 132885 627816 332795 448323 216306 339762 390032 406057 495854 512206 202117
216606 161029 219468 575080 743838 231147 634205 712664 4503 554016 542310 525721 602830 271177 318262 107427 380524 188307 539785 284153 192875 883911 598188 529140 348455 383310 496209 743702 647248 597213 738344 683916 325381 565456 779564 505432 262365 320914 493709 717170 337375 787764 261645 557674 640806 346711 241221 565610 285431 999999999 616808 408393 487760 624069 777382 663534 254553 98959 587840 335139 578248 471253 221029 290973 805949 605361 92527 60291 548130 334835 246040 344029 696218 465979 414632 422833 95008 532007 400211 249157 372550 348846 433879 480975 290028 143755 486114 553261 182688 417553 445827 287758 618212 468597 344815 231294 191070 541283 519218 422530
414290 680228 759640 490284 216204 455944 195444 333333 616226 279898 241284 227392 494173 804183 342759 509613 516228 758485 80610 354611 435732 389466 50243 463903 830273 775247 168033 249962 129560 181528 226293 237246 470530 589692 590572 465020 431411 823802 460004 214468 421198 243378 698451 376873 38710 739414 566676 335050 353654 616808 999999999 219936 682465 180863 262178 82095 473719 701495 563800 590289 38712 519284 820196 387365 193005 80192 636981 672840 836797 509541 664142 411816 435796 978482 256893 356017 558436 345557 315994 722112 429612 722349 952764 427871 460179 691128 765427 370260 698116 261963 819452 504849 606596 355937 659941 742835 758877 480411 537294 206202
197173 460472 577236 487755 400336 236583 242225 356539 407201 213890 180968 260768 389471 626062 125366 303854 422072 567773 139345 134895 246973 497880 217883 446092 668494 636528 93574 349518 295410 286026 339243 377146 266624 557762 649393 323220 283720 655436 314021 384323 218899 384376 480771 281598 237103 597086 416173 257704 192064 408393 219936 999999999 598710 228935 443588 255773 327772 499575 547879 385567 181949 355756 621760 170256 412885 238157 419377 466973 646079 307648 446458 306693 507799 813193 185639 187253 341759 356427 131963 503130 238825 584037 784613 393660 329491 472063 572259 274257 517754 195242 613130 293940 592064 326666 531710 567074 568846 351207 388033 14266
541105 648731 377690 261265 658436 615647 821471 950903 491929 812342 779373 463124 960432 375419 614982 465687 176692 419607 645624 573762 420537 1063419 636275 251939 317872 205704 680138 914664 615435 536325 895985 569401 722021 162808 409783 872889 331439 341469 861159 625402 703268 923524 747842 869151 720688 205176 251811 852691 416399 487760 682465 598710 999999999 805744 664406 762173 296056 465457 207620 785895 657541 870517 491530 625253 804319 617918 579823 483089 1029199 751155 728447 292182 425709 429317 437241 743648 546384 362051 692685 736916 741965 186296 421147 263634 278679 629517 962354 862267 350828 429632 932689 706222 204391 329755 149380 340994 416111 908040 916274 605566
407464 643758 804647 647139 389753 416218 16254 156628 622224 126136 102789 384168 328917 854074 308428 524542 630680 792854 168027 339917 475403 269041 225765 614216 897390 862504 135463 121039 310390 356452 114421 418109 388252 737047 766253 322299 508188 884306 320695 392690 342948 166469 634200 217808 154828 823583 643042 173533 417698 624069 180863 228935 805744 999999999 434770 126328 552622 719413 717190 498988 177570 387392 842598 344575 304920 258318 617506 684066 715239 420049 601329 516670 612133 1042081 369210 253394 545598 502372 240298 664369 334914 809647 1013391 570118 549971 661546 649028 212536 745788 377354 720802 431953 761268 497187 754414 795555 794169 328372 393391 217006
610131 876991 864141 412710 46012 671217 447214 574252 778144 541940 503459 255336 756069 898827 567210 673537 539934 876720 323968 564957 584514 568185 235075 412636 898430 815893 422032 464948 148464 180174 438100 100794 709735 524629 417575 725630 534849 902147 720030 61175 661298 424810 916048 638990 280406 788292 647355 596878 491956 777382 262178 443588 664406 434770 999999999 311159 565678 843582 484735 829085 285425 776801 948892 611417 196257 207918 821668 824549 1086339 750491 882144 475869 279588 1042818 362840 609262 743401 308979 562862 933917 676519 767676 1022884 408106 538207 881361 1013320 632410 804224 360422 1056600 737186 517664 360965 699662 838324 875928 742212 797576 432838
452593 710545 820304 572286 267066 481908 137187 264840 662484 246028 213432 309446 454690 866588 367821 557852 593850 815721 129600 388124 491514 307373 132058 545961 897833 847888 178094 169972 199899 261159 145333 306346 478082 671716 667391 441048 498934 889457 438025 273659 429584 161839 716979 341466 43697 811154 635402 297483 415955 663534 82095 255773 762173 126328 311159 999999999 542340 752765 645880 595219 105320 502232 873759 410370 184265 159894 673751 721510 827522 514338 683020 486628 512630 1045548 331409 351210 596915 427641 322052 743712 430515 794802 1018913 509393 531649 724357 758730 335699 759256 337372 822382 517288 688632 437154 733868 805795 816418 450636 513184 241524
