NAME : synthetic_000134
TYPE : CTSP-D
DIMENSION : 100
GROUPS : 8
RELAXATION_LEVEL : 1
EDGE_WEIGHT_TYPE : EXPLICIT
EDGE_WEIGHT_FORMAT : FULL_MATRIX
EDGE_WEIGHT_SECTION
999999999 723079 775692 953605 684267 933142 581750 77754 482352 967244 723282 501101 485145 608502 631967 501080 282924 831825 407703 1002510 447247 701410 599490 242790 684185 589209 788654 701996 730518 665805 369144 182312 371053 347848 385465 411735 375068 548296 395806 380763 427931 529616 520726 296437 205259 925120 257557 449466 275157 652343 510413 703727 244533 598159 71118 447922 374045 689997 216516 121636 258952 791909 522371 324407 863902 266260 948850 278229 270775 477704 904998 817084 597688 587428 742747 98607 920108 292988 733825 68073 586376 329077 529962 553475 1069274 579618 874539 72383 962962 293629 188972 883290 498565 210180 414821 393650 631981 399057 939345 904776
723079 999999999 366750 586443 198164 592095 328966 645655 563186 545735 45771 538670 927606 815984 486698 485434 483921 164514 597574 563887 633875 554161 825310 630447 217796 794721 124663 273548 326344 83530 355410 549893 373761 638994 757585 318753 555924 185477 781371 775575 889283 307074 764809 540901 604449 525136 497238 321359 487699 241586 746710 48441 775641 600642 769549 420330 585957 340532 571028 708272 588046 505851 286290 822543 532633 507467 604522 696295 459479 859442 637957 181438 352011 893590 223212 707707 287740 466944 319821 759748 137109 724353 483888 186616 599156 245081 318389 709749 355462 786244 736771 312513 873742 783310 350219 641930 91153 356445 506089 528532
775692 366750 999999999 952854 179458 957519 645252 704807 832509 912301 321138 350169 1133128 1088849 810662 766718 649710 269913 836299 929578 463175 888901 1093648 798038 571651 1065718 271893 106548 684852 423553 465485 598784 425585 850830 617361 499436 446858 441170 989790 638885 1083684 597467 1019719 730272 586534 891791 519422 557741 501146 585111 1001460 408900 926057 903346 841502 678092 467971 85771 719093 703967 762164 862152 272003 994094 895734 509510 970320 612700 588576 1080075 998793 231645 673952 1143730 143994 807168 633438 632807 679225 781392 368576 918244 775877 326141 961293 556474 149011 729755 702660 954300 871861 165564 1098345 917311 375750 871216 371450 561396 872696 894525
953605 586443 952854 999999999 778671 31948 400284 898192 496284 67783 632203 1045949 830002 595375 325163 455264 679710 720972 579136 90470 1109068 276004 613490 731034 392659 588010 696731 855563 282795 534919 719852 858309 780779 652064 1183663 635432 1006820 570555 730738 1195038 827197 466193 613947 658319 960052 62880 859924 557238 863585 394036 604694 544232 838377 407523 957250 509518 1034635 918153 737133 1013002 701664 162130 799901 828913 89705 884519 28268 1085755 724026 751771 116288 751353 374779 704542 809638 879466 376956 675082 285868 1017142 617982 728803 426693 684553 152067 456193 891463 985768 329762 813136 841257 881781 752085 871027 794753 616410 595066 602445 94550 60084
684267 198164 179458 778671 999999999 781868 467264 608091 665146 741341 155143 373200 988117 922898 632725 595796 508517 172233 677087 760793 480233 710051 928940 660887 393288 900103 144763 76910 506795 245568 332992 501955 313684 699953 621252 345392 424206 266168 842165 641333 941972 422287 858141 583883 521320 718509 430212 392013 414859 405765 839758 235207 797952 729280 743366 510957 452068 142370 586729 636927 621795 683262 165391 859318 718607 429525 795072 583751 457743 929506 820649 144140 495583 984552 61661 696473 481187 490893 501413 704367 191703 774420 602869 161470 797265 378138 199344 651880 550033 820161 748509 204449 946678 795328 269845 715312 191998 403968 701630 719691
933142 592095 957519 31948 781868 999999999 388466 879248 471031 96590 637846 1039766 799835 564085 302407 433213 661659 730956 553946 122051 1100130 248571 582251 707914 392156 556993 705071 858766 280014 536944 709182 842439 771166 626776 1171120 624566 997022 566034 702378 1182036 797845 454823 583936 637189 945344 80007 846741 545102 851041 390414 574989 548628 812605 379294 935001 491532 1024474 920179 716636 995312 679545 141633 796442 801415 72908 871768 16009 1071755 708269 721793 85402 760350 361783 673272 814930 857320 395209 657715 283931 997280 616539 702180 404456 682101 183867 449261 900738 966997 351600 786407 816931 891542 721803 845820 787013 590261 595838 589037 116938 65037
581750 328966 645252 400284 467264 388466 999999999 517026 246548 397639 365437 659298 631230 489979 165470 166877 298877 493451 301331 430838 713190 245116 500502 396790 142097 469527 452160 539002 148893 246467 320917 463368 383884 361069 783379 236265 609185 206889 491532 794823 602311 66484 446681 306798 561796 358285 459894 156954 463307 104055 429267 281899 534070 271731 600840 143914 636329 587687 373233 623758 357530 254888 431339 557866 315613 484278 404314 686281 329990 556719 394536 507524 30241 574293 517409 524828 369803 289986 152619 639813 276751 451315 158655 328594 494041 89344 637346 602216 396632 528142 514738 634215 568012 555331 403663 348475 279487 203163 365217 343589
77754 645655 704807 898192 608091 879248 517026 999999999 443654 908066 645553 447523 508779 599937 581090 451666 219666 754295 375849 942832 407957 654984 593110 219185 613081 579071 711023 628087 665024 589390 291419 106934 294491 325532 372896 336128 323898 472097 400793 372572 451658 461836 511441 250055 157284 866502 185393 378491 203827 582391 498952 626946 266793 560907 136904 389041 328110 619036 169303 123997 222730 737619 447372 347628 808694 197909 895116 259782 196937 489264 856438 739899 534967 592959 667036 116926 847341 227100 667874 123343 508847 327525 480301 475780 1008507 508740 799802 87895 891950 311788 206456 808188 510393 240870 339316 370471 554600 327586 878690 847369
482352 563186 832509 496284 665146 471031 246548 443654 999999999 525882 593771 748973 388195 257889 176107 79734 257125 725109 82915 562161 767769 225597 264836 243453 388155 235322 681294 727348 358166 479748 403647 443617 468027 155790 790693 340494 661669 402515 256021 795936 365033 256231 201902 195118 552382 482931 481988 274770 494339 350462 184008 518907 342300 117301 472254 154507 682076 761471 274509 567207 223660 337092 578582 340709 409158 509922 485787 679494 328013 311815 429554 733647 235894 330569 722471 396163 603227 263837 365219 549756 477721 235871 93055 506991 631974 319189 853077 529652 617016 319999 346704 852640 322112 374813 508183 122385 496718 277916 507322 457735
967244 545735 912301 67783 741341 96590 397639 908066 525882 999999999 591208 1025965 875281 647135 350474 476413 688437 672167 607864 36295 1094754 315374 664876 752854 366086 638174 650733 817923 264120 501366 710943 860704 769177 680623 1177187 627571 994680 549661 769016 1189589 868983 461363 659152 675116 959266 43063 855967 552971 858140 373818 648645 506142 867609 447338 975733 519612 1023204 882460 751780 1019305 720859 189709 775262 863824 121412 879458 96048 1082903 726848 796388 181892 704047 375361 755901 768428 897926 317535 682142 265304 1028997 590438 761159 448734 658540 106109 441805 843290 994891 266087 845517 866083 832851 798077 898401 779023 647817 563379 600647 39712 69051
723282 45771 321138 632203 155143 637846 365437 645553 593771 591208 999999999 507101 951047 848710 525935 517267 496318 131631 623532 609007 605901 595473 857403 645744 261164 827073 87593 229361 371044 119403 354138 546418 364302 661165 734621 328061 532895 202473 804306 753217 910912 337839 794584 558210 593376 570858 488654 341560 477633 282812 776355 91635 790079 636953 772960 447089 562642 297263 582436 700792 603724 550458 260437 840426 578170 496508 650289 678918 465391 884682 683264 142087 389876 923305 177482 714140 326758 478943 364664 756340 140300 744658 517564 173974 643276 278965 275618 705435 395328 803319 748610 270706 899640 795484 335478 666845 102223 371892 551585 574302
501101 538670 350169 1045949 373200 1039766 659298 447523 748973 1025965 507101 999999999 944409 977172 803350 709556 502080 543199 717742 1052860 113525 889150 976002 615600 660625 953966 517888 334408 764003 542348 351624 360474 284929 701772 267192 430944 126295 476399 817953 288720 888696 594132 893764 583137 295850 993689 288163 513432 270627 652896 877363 555957 708436 851540 572124 614780 134128 280836 535474 400508 593094 913149 257065 787112 968363 263834 1055040 276100 427859 911020 1053656 510619 688871 1000459 403120 563815 823095 490788 761786 484680 442249 741266 730112 373109 1102681 590512 490781 438808 888272 748724 648315 505466 931648 686875 256060 736813 479477 484883 987773 986217
485145 927606 1133128 830002 988117 799835 631230 508779 388195 875281 951047 944409 999999999 252119 548117 465888 483456 1081723 332580 910213 916233 560535 233756 337598 773282 250677 1036236 1036024 745083 846459 667759 583989 713935 290419 870516 642851 826573 749215 146944 865838 57351 626855 216221 404496 665465 834501 658159 609921 676668 735067 226908 887625 242713 430186 425273 508861 834437 1051821 418958 606607 371184 689104 861557 161628 753871 680968 811700 761524 546825 79312 733373 1083384 623376 158804 1049307 394848 991253 500492 752373 539932 819283 214890 481157 827421 978877 693302 1186258 557282 1002558 197214 302512 1189145 78452 274975 763450 286573 849275 586494 865535 806597
608502 815984 1088849 595375 922898 564085 489979 599937 257889 647135 848710 977172 252119 999999999 359375 331577 475374 979400 261150 680391 978256 343011 18716 382368 625367 23482 936297 984219 567207 732502 646447 637739 706933 280547 971534 592361 876176 660243 223571 972241 271060 511077 88500 394202 740018 608885 694525 531666 710063 589986 101913 770226 383551 230173 569258 411964 892007 1016037 452005 719188 391648 470358 830170 326635 527347 721581 574468 857884 549501 185012 491397 989575 471951 109197 980357 509976 813268 487660 575285 674379 735518 279881 332290 764117 746932 570906 1110719 673048 811389 336648 425158 1110045 175996 424705 751183 241191 753341 529520 643300 580326
631967 486698 810662 325163 632725 302407 165470 581090 176107 350474 525935 803350 548117 359375 999999999 131024 367723 650569 257478 386769 844757 85801 373328 405875 277198 342476 611209 704352 207832 406569 453616 554831 519988 330163 895216 372408 738323 371090 426964 903862 532620 218431 339442 335568 661597 307437 571848 290025 579516 246481 324948 438502 517150 129210 632595 202086 763129 752009 415767 700104 377158 163488 589518 516337 236263 598698 317864 789941 423236 469129 275877 667514 137554 457625 682430 554917 454479 366500 215917 696948 442103 411970 102173 491869 456457 254653 800128 668981 457260 496097 516758 796256 475249 548088 548131 298474 444177 321673 331218 282928
501080 485434 766718 455264 595796 433213 166877 451666 79734 476413 517267 709556 465888 331577 131024 999999999 242984 648213 142667 512558 739138 204009 340153 276587 308673 309814 604860 660722 285144 401909 358588 432457 424951 211226 777249 286318 632272 330615 329571 784563 439868 179509 281030 204643 540726 433424 458177 212020 468052 270863 263317 440542 396002 143187 501998 95503 655066 698785 285128 572044 246425 293154 520908 405948 365863 485780 448744 669256 305166 390436 404890 657999 157511 409406 651711 424236 527230 244356 291742 566333 406000 298969 28883 440596 581621 240690 780166 539468 544395 380830 390026 779071 401314 424109 460513 188889 421931 226479 453649 410408
282924 483921 649710 679710 508517 661659 298877 219666 257125 688437 496318 502080 483456 475374 367723 242984 999999999 620940 215790 723170 511958 446344 474854 152680 406122 452091 575266 553004 447598 413332 184705 189742 236624 206402 536050 169248 406664 298673 340601 542556 434872 247804 393414 83697 298425 646958 225540 175084 238902 372449 376502 454302 294344 370489 306860 170209 425889 568897 87502 333703 113406 520119 378445 351050 590458 253430 677598 426776 74222 432104 643486 616262 315645 506982 570131 234530 644538 17736 450908 341509 356721 268568 270362 350666 788895 302070 707776 306549 683551 312202 252855 711999 451120 299482 284372 236462 395552 129534 659052 628128
831825 164514 269913 720972 172233 730956 493451 754295 725109 672167 131631 543199 1081723 979400 650569 648213 620940 999999999 755008 684492 651762 716030 988354 772053 377834 957918 45785 215668 480538 247346 465773 651089 463113 791548 793475 451707 595867 332522 934870 813525 1040832 468983 926109 686223 683547 658242 585606 471836 572083 404551 907896 212223 915283 765149 885822 578699 623994 283345 705669 796506 730460 658917 330064 968209 677575 588803 741915 753580 583888 1015935 785038 38313 516457 1054850 144719 831269 372900 603339 473334 858811 264994 874062 647677 279432 708037 408748 171200 806812 441090 930590 871542 160834 1031032 918593 425639 798103 232496 499605 633560 666079
407703 597574 836299 579136 677087 553946 301331 375849 82915 607864 623532 717742 332580 261150 257478 142667 215790 755008 999999999 644158 725226 308081 262309 165529 442679 237704 710014 733543 427712 515497 385890 390331 445805 72951 734579 336930 621029 424225 190287 738154 301060 294390 184108 138576 497347 564853 439122 286955 453562 404314 166118 556315 259800 191846 392800 177302 638871 760652 210022 499825 153128 419550 572545 263473 491797 466730 568697 621771 289979 261962 511528 759581 297129 307779 736674 317949 668035 227133 434220 475639 497279 156785 165236 515932 713897 360751 871056 459537 686879 239814 264212 872219 276231 291913 490391 47153 522945 274986 588366 539975
1002510 563887 929578 90470 760793 122051 430838 942832 562161 36295 609007 1052860 910213 680391 386769 512558 723170 684492 644158 999999999 1123586 350810 698256 788941 392256 671893 665128 837040 294075 523588 741854 894171 799218 716918 1208329 658914 1024296 577090 804886 1221001 904475 493867 694021 710850 991974 79344 888004 585371 889797 402310 683732 525973 903904 482892 1011521 554714 1053015 902515 787254 1053426 756778 225822 800674 899963 156649 911194 117439 1115041 760518 831417 206708 717372 409274 789329 785585 933730 322150 716616 294642 1064004 615081 797398 484931 683637 69882 471823 855672 1029501 265338 881762 902296 844695 832848 934680 807737 684071 586241 633520 66351 104954
447247 633875 463175 1109068 480233 1100130 713190 407957 767769 1094754 605901 113525 916233 978256 844757 739138 511958 651762 725226 1123586 999999999 929984 974926 602360 733763 955631 624097 446256 830743 627757 393405 341817 329306 698125 154853 477620 106876 547993 800388 176468 859279 646775 891875 586944 250814 1060110 286482 559681 273436 721279 876676 646055 674730 877175 517620 647491 86382 394255 526967 333651 587047 967931 347675 755455 1027663 258677 1115771 187180 439769 891796 1106249 620316 741557 989141 513923 524085 913084 504008 829456 417519 525500 724356 762473 457902 1177094 653638 604302 378328 976215 719026 614335 618959 912829 647904 315852 737376 566675 523177 1057643 1050161
701410 554161 888901 276004 710051 248571 245116 654984 225597 315374 595473 889150 560535 343011 85801 204009 446344 716030 308081 350810 929984 999999999 359495 467445 338335 330608 678713 783004 248036 477002 539314 635120 605733 380370 977742 458209 823437 452002 455077 985871 553665 302212 344823 406023 742748 274093 655382 375799 663571 312724 333663 505721 565003 132170 696260 284953 847985 832748 487123 775929 443251 129085 673598 552966 194166 682455 262626 871275 505137 481447 204444 735597 215557 449119 757612 619371 481683 446549 256254 767665 521067 453759 176044 573591 420192 332684 870971 742624 472119 537913 572235 866125 483876 599109 633878 342393 519451 407117 305200 246426
599490 825310 1093648 613490 928940 582251 500502 593110 264836 664876 857403 976002 233756 18716 373328 340153 474854 988354 262309 698256 974926 359495 999999999 376676 637005 31170 944993 989383 581075 741787 648178 633807 707864 276801 965326 596061 873499 667315 211022 965641 253887 519580 83067 392876 735057 626434 692156 537208 707985 601275 98681 779883 371553 244180 558642 418078 888788 1020065 448116 711424 387902 487251 833404 312461 544887 719020 592725 851737 548794 167802 509878 997908 483242 91087 986804 500889 827623 487629 589111 664906 742462 270440 342259 769575 764952 580269 1117885 664870 826708 324014 414784 1117475 158079 412651 752696 239219 761287 533328 660649 597896
242790 630447 798038 731034 660887 707914 396790 219185 243453 752854 645744 615600 337598 382368 405875 276587 152680 772053 165529 788941 602360 467445 376676 999999999 524972 360973 726299 703502 541362 555949 332932 260716 376472 106764 589234 321045 504451 445166 202642 590303 286082 362891 294112 92874 358715 709905 327442 311579 345103 488081 280772 597526 145508 357095 228913 252875 517025 715704 81697 341476 42589 569160 526043 198446 641955 352440 723188 475570 209817 295915 671883 768348 404013 387065 722530 152799 762754 170405 546399 310849 507200 126167 304720 503343 857785 425975 860207 298314 793311 159523 117966 864580 316338 159655 426122 152277 544072 274207 729179 686993
684185 217796 571651 392659 393288 392156 142097 613081 388155 366086 261164 660625 773282 625367 277198 308673 406122 377834 442679 392256 733763 338335 637005 524972 999999999 605859 341546 469784 113636 148126 364907 541187 415513 499946 827711 288769 637124 185795 632966 842027 743734 162239 586942 432500 626677 336206 517689 234774 515978 38383 569802 169741 666648 399800 712965 276440 666486 529086 488991 706746 483734 290865 409231 695812 326276 537694 406195 742424 416771 698798 427361 398634 154140 713665 432418 640002 238985 393348 108674 736090 225437 590083 298242 292770 443409 104577 536159 693106 278890 664527 641794 530249 709969 684625 418461 489754 204069 285515 327455 332657
589209 794721 1065718 588010 900103 556993 469527 579071 235322 638174 827073 953966 250677 23482 342476 309814 452091 957918 237704 671893 955631 330608 31170 360973 605859 999999999 914666 961173 550157 711209 622964 615385 683472 258314 950207 569010 853349 637810 208743 951140 264718 489309 68494 371097 718090 599262 671627 508694 687084 570166 80202 749174 367476 213411 551447 389147 869352 992752 429696 698897 369313 458868 806771 313711 517733 698735 567851 836542 526240 179387 486315 967749 452128 118537 957702 490810 796867 464302 558181 655441 713039 261383 311406 741140 739064 549651 1088347 653071 796496 321473 407252 1087787 172914 408629 727702 218356 731307 506180 633019 570787
788654 124663 271893 696731 144763 705071 452160 711023 681294 650733 87593 517888 1036236 936297 611209 604860 575266 45785 710014 665128 624097 678713 944993 726299 341546 914666 999999999 201214 447531 205696 421610 608501 421268 746000 762520 406052 563147 287023 889358 782208 995178 425424 881964 640443 644186 634356 544503 426318 531490 366232 863717 173076 869603 723849 841867 533993 591828 271126 660129 756045 684689 626789 293664 922424 649117 548734 716627 718230 538852 970717 755841 57120 475980 1010652 133561 786565 361792 557678 440626 816915 219212 828350 605050 235459 692681 366307 196720 765101 430932 884811 826065 189360 985925 873104 385421 752906 187190 453826 611618 640547
701996 273548 106548 855563 76910 858766 539002 628087 727348 817923 229361 334408 1036024 984219 704352 660722 553004 215668 733543 837040 446256 783004 989383 703502 469784 961173 201214 999999999 583362 322299 370838 521158 338784 751021 594527 397434 405950 334624 891453 615405 987867 490922 916380 631863 524591 795342 444543 452656 427421 481328 898067 311882 835752 796911 764847 572849 431382 70161 626262 642189 666206 759318 182308 901047 795363 439015 871980 570751 495676 980714 897109 179970 567838 1041280 71041 724362 552756 535745 578059 714980 262256 821290 669545 220425 872567 450404 174261 662574 621914 861441 783509 185166 998584 829715 290440 769628 267386 458612 778215 796599
730518 326344 684852 282795 506795 280014 148893 665024 358166 264120 371044 764003 745083 567207 207832 285144 447598 480538 427712 294075 830743 248036 581075 541362 113636 550157 447531 583362 999999999 261355 447937 606735 505225 494199 914460 365495 730581 287952 613624 927354 723154 204927 543274 453332 701094 229845 595502 294902 596600 111296 527699 279498 674264 337038 749441 289898 759161 642648 521791 769320 503424 179517 517157 690453 212854 618103 294474 822529 475043 667325 313946 504532 137359 664439 544760 673143 247815 438273 8273 788052 336557 583307 265396 402214 352614 177793 643826 749520 259289 663727 659170 636892 675529 698126 515141 474025 317569 344685 227760 222769
665805 83530 423553 534919 245568 536944 246467 589390 479748 501366 119403 542348 846459 732502 406569 401909 413332 247346 515497 523588 627757 477002 741787 555949 148126 711209 205696 322299 261355 999999999 305856 499613 337132 558949 739391 254834 540306 117696 700639 755991 809222 223764 681444 464962 565720 475853 455958 244616 449104 165069 663372 41716 701453 518176 707720 338201 570456 383334 500833 662541 513377 438894 285345 745253 473064 470027 550411 667760 397099 777458 575295 261315 270517 810215 284658 642433 286988 396973 255872 707392 102550 645413 400485 170093 566580 161600 394115 659104 348555 709687 665276 389791 791468 711310 323984 560295 63540 284063 461792 475481
369144 355410 465485 719852 332992 709182 320917 291419 403647 710943 354138 351624 667759 646447 453616 358588 184705 465773 385890 741854 393405 539314 648178 332932 364907 622964 421610 370838 447937 305856 999999999 194805 66727 389179 466523 84652 288480 193252 525303 479583 618232 254449 569220 266875 263956 674054 153831 166277 151083 343986 551540 340576 465849 501267 420301 263425 315417 384218 255511 356686 296686 575067 193817 530210 636405 172798 724974 377562 125215 616615 712892 454446 348709 687765 394402 366431 581495 168254 447912 404389 218303 452924 378566 186349 799977 270882 531644 354758 634732 490605 415551 537403 635451 462341 104957 414629 264841 133276 675503 661916
182312 549893 598784 858309 501955 842439 463368 106934 443617 860704 546418 360474 583989 637739 554831 432457 189742 651089 390331 894171 341817 635120 633807 260716 541187 615385 608501 521158 606735 499613 194805 999999999 188931 357209 347134 254053 244417 384428 460613 353012 528223 401974 550744 252281 108915 820652 80497 312241 99530 514121 535918 535151 349103 558886 243732 353616 256311 513043 185744 165787 246092 701823 340530 426927 770178 98395 858446 237050 134285 553021 829640 635404 485539 647745 560536 211677 768739 188582 608470 210022 412825 384104 459466 374306 957147 439155 692933 159955 817945 388333 289581 701415 573886 330638 232646 397843 459565 262051 828580 804124
371053 373761 425585 780779 313684 771166 383884 294491 468027 769177 364302 284929 713935 706933 519988 424951 236624 463113 445805 799218 329306 605733 707864 376472 415513 683472 421268 338784 505225 337132 66727 188931 999999999 443026 412208 148846 226045 234392 574611 426753 662409 317478 627745 320294 230767 733299 124364 231472 113938 398205 610364 367191 500546 567399 429745 329948 254129 341439 295798 336576 343853 638655 156488 569833 698585 133919 786862 331650 167410 667097 777301 446597 412319 743476 373093 385719 620758 221852 504596 395722 239824 500245 445200 190339 855558 327432 507432 343836 677523 529978 446385 515070 686527 492081 49996 471671 287069 200001 732949 722271
347848 638994 850830 652064 699953 626776 361069 325532 155790 680623 661165 701772 290419 280547 330163 211226 206402 791548 72951 716918 698125 380370 276801 106764 499946 258314 746000 751021 494199 558949 389179 357209 443026 999999999 693490 354722 596955 459034 143477 695275 250317 344501 193757 122775 459952 637595 416054 319721 432309 461655 178709 600443 186987 260393 326221 225492 611995 771877 171466 448196 111144 492470 581630 196993 564744 442659 641479 579878 278014 229769 583197 792964 360454 300887 760787 253928 730471 221598 500357 415870 528867 90254 235759 538706 786620 411074 897215 405009 752564 169732 192855 899679 247593 219044 490591 45806 559210 296729 660728 612829
385465 757585 617361 1183663 621252 1171120 783379 372896 790693 1177187 734621 267192 870516 971534 895216 777249 536050 793475 734579 1208329 154853 977742 965326 589234 827711 950207 762520 594527 914460 739391 466523 347134 412208 693490 999999999 549629 201794 645464 772699 21617 813248 717622 883157 598008 238311 1139769 324835 626426 320113 809522 870006 763122 628883 905981 449183 693197 171980 546255 525329 263910 584759 1033429 474372 709412 1098221 299366 1187058 113668 472671 859168 1166696 764011 809375 965183 660040 477830 1026299 533033 914402 336548 637307 700291 803437 573811 1266348 737232 756752 313236 1085993 677110 570990 771036 880237 595612 415749 736898 681936 582268 1141978 1126618
411735 318753 499436 635432 345392 624566 236265 336128 340494 627571 328061 430944 642851 592361 372408 286318 169248 451707 336930 658914 477620 458209 596061 321045 288769 569010 406052 397434 365495 254834 84652 254053 148846 354722 549629 999999999 373045 137148 496776 562093 597465 169799 520656 239196 338406 590236 230642 82757 231115 264558 502468 293957 463588 429436 452990 191121 400068 424098 254477 419813 280115 490511 238265 518608 551774 252649 640368 457338 142272 584434 628652 447304 264123 644304 406471 389148 514863 151633 365880 456406 187953 429732 303507 184619 718035 190107 543459 410196 564070 480294 420639 546655 601891 467576 176369 372198 228666 62883 592578 577680
375068 555924 446858 1006820 424206 997022 609185 323898 661669 994680 532895 126295 826573 876176 738323 632272 406664 595867 621029 1024296 106876 823437 873499 504451 637124 853349 563147 405950 730581 540306 288480 244417 226045 596955 201794 373045 999999999 452193 705025 220360 770226 542703 790573 483242 169955 959153 181973 454544 167763 622358 774969 562547 587836 770520 446146 540657 30182 367378 426823 275080 486302 863541 272843 667506 924362 154629 1012748 166203 333857 797413 1001199 568091 637165 891426 467470 440720 827238 398141 729693 358910 437840 628489 655602 373018 1079462 552896 575518 312560 888244 629816 527425 588456 818292 564415 219332 635002 481623 416927 958122 948306
548296 185477 441170 570555 266168 566034 206889 472097 402515 549661 202473 476399 749215 660243 371090 330615 298673 332522 424225 577090 547993 452002 667315 445166 185795 637810 287023 334624 287952 117696 193252 384428 234392 459034 645464 137148 452193 999999999 602350 660596 708532 156395 600008 356344 456655 517375 346367 139315 341613 176676 581638 157063 590239 463157 590100 250442 481778 380969 385964 548746 402844 446822 231044 638454 495973 363085 580977 565436 279420 684032 588060 335402 236646 728085 321129 525394 388588 281850 285495 590880 75394 542185 336773 122021 629199 121994 450570 543235 443535 601690 551457 450358 699530 597921 233051 466349 100284 171018 511671 510613
395806 781371 989790 730738 842165 702378 491532 400793 256021 769016 804306 817953 146944 223571 426964 329571 340601 934870 190287 804886 800388 455077 211022 202642 632966 208743 889358 891453 613624 700639 525303 460613 574611 143477 772699 496776 705025 602350 999999999 770917 110782 482718 144589 259643 552278 726820 529817 463041 547624 594600 142874 741953 160693 323215 349778 364027 716054 909451 283909 512494 230858 579590 718976 107390 648620 554412 715685 660240 407251 93298 645229 936441 486305 192541 903213 297902 856770 357183 620506 459066 672343 76696 348266 681197 874591 549356 1039950 464348 872766 113084 207555 1042647 113718 201714 623532 143243 702457 439797 754671 699989
380763 775575 638885 1195038 641333 1182036 794823 372572 795936 1189589 753217 288720 865838 972241 903862 784563 542556 813525 738154 1221001 176468 985871 965641 590303 842027 951140 782208 615405 927354 755991 479583 353012 426753 695275 21617 562093 220360 660596 770917 999999999 808666 729321 883779 602403 244147 1151849 335299 637919 331636 823167 870949 780326 624962 911722 442804 701776 190852 567546 528410 259776 587382 1043800 493189 705144 1109165 310550 1197996 116518 480777 856431 1176230 784304 820456 963458 680654 474732 1042755 540207 927452 329178 654119 699283 811053 591231 1279558 750460 778060 308959 1101971 673576 567730 792297 877454 590869 432078 739104 699056 593002 1154662 1138297
427931 889283 1083684 827197 941972 797845 602311 451658 365033 868983 910912 888696 57351 271060 532620 439868 434872 1040832 301060 904475 859279 553665 253887 286082 743734 264718 995178 987867 723154 809222 618232 528223 662409 250317 813248 597465 770226 708532 110782 808666 999999999 592771 217117 358288 608478 827369 603152 569357 621780 705365 223591 850682 185392 421656 368660 473856 777739 1001677 366723 549345 321719 680631 811776 104296 747829 625565 810445 704178 495886 86086 735581 1041069 596872 193612 1003387 337519 967087 452195 730144 483244 777059 167746 457790 782018 973800 659440 1140719 500022 982038 140457 245296 1144112 98455 217805 712139 253987 808804 542920 856734 799974
529616 307074 597467 466193 422287 454823 66484 461836 256231 461363 337839 594132 626855 511077 218431 179509 247804 468983 294390 493867 646775 302212 519580 362891 162239 489309 425424 490922 204927 223764 254449 401974 317478 344501 717622 169799 542703 156395 482718 729321 592771 999999999 457736 270306 498115 422795 394819 91627 397695 126173 439637 263549 505330 307080 554006 119067 569854 535357 328169 564423 321524 321190 371389 537939 382002 418802 470647 621604 270163 555861 460370 478500 95033 586520 475997 479797 400880 236660 207028 585135 230690 433754 182007 274653 555596 66673 601967 545368 436393 505287 479562 600388 569183 522539 338202 340346 242889 140063 427831 409008
520726 764809 1019719 613947 858141 583936 446681 511441 201902 659152 794584 893764 216221 88500 339442 281030 393414 926109 184108 694021 891875 344823 83067 294112 586942 68494 881964 916380 543274 681444 569220 550744 627745 193757 883157 520656 790573 600008 144589 883779 217117 457736 999999999 310854 652205 618532 609353 466270 625300 549879 18397 720764 300734 216055 483259 349566 805752 944611 365049 630777 304841 473707 756653 251510 537754 636145 596009 769520 467095 137860 519233 933572 433038 128787 916959 422317 791079 406668 550987 586949 674521 193033 288704 697631 762655 521088 1049825 584777 796667 255901 339068 1050175 139056 341808 673296 157088 696313 458357 650012 590545
296437 540901 730272 658319 583883 637189 306798 250055 195118 675116 558210 583137 404496 394202 335568 204643 83697 686223 138576 710850 586944 406023 392876 92874 432500 371097 640443 631863 453332 464962 266875 252281 320294 122775 598008 239196 483242 356344 259643 602403 358288 270306 310854 999999999 360060 632517 301271 220349 316253 395844 294269 506633 237513 312281 300734 163457 500567 650425 81147 372873 51252 496311 459987 282216 568653 328713 652828 485886 156399 350002 608924 684502 316215 423290 645217 223037 670670 98886 457979 361920 421336 190590 233526 423730 778795 333111 782465 337172 702580 245379 209361 785827 368651 252346 367826 153774 456106 186619 649267 611041
205259 604449 586534 960052 521320 945344 561796 157284 552382 959266 593376 295850 665465 740018 661597 540726 298425 683547 497347 991974 250814 742748 735057 358715 626677 718090 644186 524591 701094 565720 263956 108915 230767 459952 238311 338406 169955 456655 552278 244147 608478 498115 652205 360060 999999999 920074 110288 406723 116980 602906 638120 597303 423958 667791 276275 459727 171316 502014 289513 117819 349652 805564 356037 504644 872738 97015 961349 128555 238588 642715 935478 662512 585650 742856 574910 273879 845217 296434 702142 195989 470347 477026 567458 419731 1053325 528230 698840 146065 898641 468277 363540 709512 663811 397870 259144 502135 517659 358649 925943 904735
925120 525136 891791 62880 718509 80007 358285 866502 482931 43063 570858 993689 834501 608885 307437 433424 646958 658242 564853 79344 1060110 274093 626434 709905 336206 599262 634356 795342 229845 475853 674054 820652 733299 637595 1139769 590236 959153 517375 726820 1151849 827369 422795 618532 632517 920074 999999999 817614 514406 820240 340793 607698 483627 824582 405741 933060 477755 987429 858627 709450 978456 678068 147253 745050 821164 81549 841454 86658 1044342 686607 755483 159801 688801 335112 717329 748340 855240 315742 640965 231903 987151 561554 718304 405705 628923 149052 406497 828830 953490 271680 802646 823040 819065 757551 855339 744757 604928 536814 561447 39129 28617
257557 497238 519422 859924 430212 846741 459894 185393 481988 855967 488654 288163 658159 694525 571848 458177 225540 585606 439122 888004 286482 655382 692156 327442 517689 671627 544503 444543 595502 455958 153831 80497 124364 416054 324835 230642 181973 346367 529817 335299 603152 394819 609353 301271 110288 817614 999999999 303222 19135 495006 593537 488237 426867 593120 322115 370435 200351 433650 247631 212233 306080 708646 266201 503331 773874 27935 862702 227069 154326 622930 842036 567385 485229 712950 487282 292104 734932 218204 596154 274291 361911 453138 483102 314700 948110 420737 617508 221894 788559 464218 368023 626633 643524 410073 160828 453337 409259 257704 821765 803481
449466 321359 557741 557238 392013 545102 156954 378491 274770 552971 341560 513432 609921 531666 290025 212020 175084 471836 286955 585371 559681 375799 537208 311579 234774 508694 426318 452656 294902 244616 166277 312241 231472 319721 626426 82757 454544 139315 463041 637919 569357 91627 466270 220349 406723 514406 303222 999999999 306361 204100 447877 286285 457073 353727 480326 120396 481052 487572 261382 476149 268990 409382 309175 501272 472202 327369 560993 529977 183035 545256 546669 474025 183462 593247 450698 409414 471308 160702 296388 501659 210582 403398 226069 232451 646667 130282 584259 459670 513647 465291 422842 585276 561071 468269 258133 327894 239507 51069 519271 500389
275157 487699 501146 863585 414859 851041 463307 203827 494339 858140 477633 270627 676668 710063 579516 468052 238902 572083 453562 889797 273436 663571 707985 345103 515978 687084 531490 427421 596600 449104 151083 99530 113938 432309 320113 231115 167763 341613 547624 331636 621780 397695 625300 316253 116980 820240 19135 306361 999999999 494481 609321 480363 445867 604383 340366 378860 187868 415380 264853 224555 322801 713737 250230 522170 778137 21716 866972 226649 166333 640800 848191 553090 489275 729993 471341 311183 730069 230579 596987 289573 353367 470976 492454 303713 949149 420714 600726 237058 784757 483004 387091 610071 661342 429199 146525 468944 400682 262482 823488 806691
652343 241586 585111 394036 405765 390414 104055 582391 350462 373818 282812 652896 735067 589986 246481 270863 372449 404551 404314 402310 721279 312724 601275 488081 38383 570166 366232 481328 111296 165069 343986 514121 398205 461655 809522 264558 622358 176676 594600 823167 705365 126173 549879 395844 602906 340793 495006 204100 494481 999999999 532625 193157 629188 366140 679215 238537 651292 537715 454120 679131 447096 278598 406120 657641 321563 516158 405128 721119 387071 660749 418206 423000 118045 676972 448791 605552 274866 360302 108894 705644 227658 551815 261234 291862 457373 74997 558401 663723 311120 626534 605204 553410 672065 647695 405435 451382 213946 255162 336391 334039
510413 746710 1001460 604694 839758 574989 429267 498952 184008 648645 776355 877363 226908 101913 324948 263317 376502 907896 166118 683732 876676 333663 98681 280772 569802 80202 863717 898067 527699 663372 551540 535918 610364 178709 870006 502468 774969 581638 142874 870949 223591 439637 18397 294269 638120 607698 593537 447877 609321 532625 999999999 702764 295123 203504 474890 331196 790477 926465 350174 619082 289844 462200 738633 250263 527241 620448 587348 756342 450329 147787 512000 915268 416031 146956 898565 412263 775442 389543 535356 577052 656135 184672 271580 679269 752630 503147 1031432 573520 781940 251788 330877 1031790 151132 335986 655729 140554 678003 440123 638627 579868
703727 48441 408900 544232 235207 548628 281899 626946 518907 506142 91635 555957 887625 770226 438502 440542 454302 212223 556315 525973 646055 505721 779883 597526 169741 749174 173076 311882 279498 41716 340576 535151 367191 600443 763122 293957 562547 157063 741953 780326 850682 263549 720764 506633 597303 483627 488237 286285 480363 193157 702764 999999999 743021 553339 746922 379079 592725 376557 541787 696776 554961 458857 299641 786969 487663 500910 561427 695605 436147 818264 592195 229879 304314 849475 266600 682443 267394 437815 273198 743859 127713 687050 437947 189540 564625 199852 366467 694979 332393 751397 706505 360818 832095 752622 349766 601321 81365 325226 466430 485681
244533 775641 926057 838377 797952 812605 534070 266793 342300 867609 790079 708436 242713 383551 517150 396002 294344 915283 259800 903904 674730 565003 371553 145508 666648 367476 869603 835752 674264 701453 465849 349103 500546 186987 628883 463588 587836 590239 160693 624962 185392 505330 300734 237513 423958 824582 426867 457073 445867 629188 295123 743021 999999999 439940 191263 391250 594077 841952 211388 365227 188092 679315 655123 81098 751457 447409 827112 519104 340636 234453 765825 910266 537917 346712 859561 152138 902876 311962 679910 303671 650893 115687 421682 643232 973607 569559 997100 316003 930119 49849 60485 1002323 255036 41163 550486 222632 688716 419221 847553 799774
598159 600642 903346 407523 729280 379294 271731 560907 117301 447338 636953 851540 430186 230173 129210 143187 370489 765149 191846 482892 877175 132170 244180 357095 399800 213411 723849 796911 337038 518176 501267 558886 567399 260393 905981 429436 770520 463157 323215 911722 421656 307080 216055 312281 667791 405741 593120 353727 604383 366140 203504 553339 439940 999999999 584595 238668 792184 837996 391806 684502 340179 259305 662898 422629 326279 620995 392799 795409 438816 350905 326277 779019 249500 329472 782954 509731 583460 375418 345112 665828 537762 326317 128167 578113 552340 358559 907050 646721 584050 409694 453098 904587 354549 475939 603621 218564 547706 369603 435701 378321
71118 769549 841502 957250 743366 935001 600840 136904 472254 975733 772960 572124 425273 569258 632595 501998 306860 885822 392800 1011521 517620 696260 558642 228913 712965 551447 841867 764847 749441 707720 420301 243732 429745 326221 449183 452990 446146 590100 349778 442804 368660 554006 483259 300734 276275 933060 322115 480326 340366 679215 474890 746922 191263 584595 999999999 461150 445106 755732 227649 187838 255588 795126 583794 267390 867779 333219 950431 345188 310779 425444 900703 872976 613718 537966 802789 77844 951178 319888 753432 114691 634105 290330 530640 606455 1079529 608784 936206 140030 990240 241098 144197 944372 445843 152691 475542 371099 678476 431631 949986 911227
447922 420330 678092 509518 510957 491532 143914 389041 154507 519612 447089 614780 508861 411964 202086 95503 170209 578699 177302 554714 647491 284953 418078 252875 276440 389147 533993 572849 289898 338201 263425 353616 329948 225492 693197 191121 540657 250442 364027 701776 473856 119067 349566 163457 459727 477755 370435 120396 378860 238537 331196 379079 391250 238668 461150 999999999 564369 607769 234075 503782 213839 350070 427155 419829 420249 397559 507485 587965 221219 439258 476037 584631 152965 477718 568741 384185 511627 166461 294522 509404 325067 314983 115541 352484 621354 185715 700533 476402 540485 388103 370825 700676 453412 411578 365018 222340 347417 130985 491427 458334
