NAME : synthetic_000012
TYPE : CTSP-D
DIMENSION : 100
GROUPS : 8
RELAXATION_LEVEL : 1
EDGE_WEIGHT_TYPE : EXPLICIT
EDGE_WEIGHT_FORMAT : FULL_MATRIX
EDGE_WEIGHT_SECTION
999999999 459154 370543 135528 354746 509303 317641 558544 526791 458441 369798 305866 470822 329456 772532 219796 240381 462600 501135 424063 225451 193261 45713 245298 350713 357152 155645 562338 485602 690127 122185 270957 355414 222374 484748 316020 406916 687748 556167 290720 250072 445437 418646 488167 439407 418516 631931 70096 714883 538748 404732 183715 210953 216063 394837 298421 223607 304203 705298 284461 263629 295694 207903 375061 467092 313232 366387 519531 377128 99308 603150 472300 273591 184292 161325 570890 414915 341581 587899 301517 245592 145797 84330 334617 464985 355416 182480 361401 239253 357518 329770 402216 236638 368600 241127 333265 387494 353047 417379 313441
459154 999999999 714792 480473 259263 220883 723328 137366 722867 753437 551416 556531 856171 140950 509139 646760 695809 796180 42440 680077 673390 471163 428451 582754 155011 232343 445109 252143 609513 238461 536998 408908 739041 544078 684279 703905 337701 370434 363179 654585 488728 64646 629458 127256 328457 266702 495693 395252 383594 525606 591285 436138 511524 337508 799750 617681 560124 566014 348680 558870 715293 414060 463295 781119 734056 477959 745303 741376 99209 558456 254388 733803 341403 291957 591326 142434 689266 503664 444092 636639 224983 598667 541462 124552 349356 201877 370632 700017 337680 669479 700837 356249 595244 655003 237545 748869 242393 377321 744012 589347
370543 714792 999999999 258533 487280 838541 546720 843566 862299 105804 228447 654063 150554 625961 791794 460558 279490 92286 755211 748740 411460 556013 359786 137611 563491 700310 279170 890990 301040 950870 249147 316707 600442 561629 823817 85146 769897 772747 911967 578268 611596 729731 762232 790695 799375 527102 597778 427292 803401 449496 219048 280825 562639 377356 136546 616610 554500 648744 1027481 628336 409985 321790 251710 582468 779034 266083 65171 845667 666996 333518 738034 147328 639624 439169 433369 852340 732046 257761 952483 79077 499267 279907 358229 607445 509401 530294 346821 15636 604187 59136 597170 445534 136221 688504 567035 540048 732980 389802 700275 650336
135528 480473 258533 999999999 302059 582484 421569 600457 661938 333901 236409 441345 383558 375139 696070 320442 247479 349856 522573 557561 302391 328067 108225 122243 341473 441885 44567 635323 353187 718890 74633 165650 466733 356395 620061 226859 513338 632568 653575 413106 384771 484978 554094 541030 541801 360161 534658 175375 661860 423595 269866 72085 346393 158763 320503 429312 355974 439472 774022 419598 328680 188248 81313 474491 598736 187871 272561 653713 419077 166043 565980 341747 385648 190531 268862 610669 547063 212974 695957 181889 256131 161350 174882 363314 384159 324841 118174 246591 349939 233260 447305 315779 123742 500809 309327 430045 474502 258665 541765 447951
354746 259263 487280 302059 999999999 451667 670164 396616 796707 508329 297572 587161 636086 248168 420454 574251 548356 559361 292427 719570 577135 471895 310077 369724 112431 377616 257909 494750 350402 477823 374646 170666 703269 534267 753796 496630 489185 334901 575455 629225 514699 300266 688809 371474 498824 63996 310152 321527 363132 284722 335633 235606 508394 145980 593679 616984 543886 591886 606226 577060 611699 167279 250544 728396 770878 229371 529669 802981 262428 439931 264325 482670 416293 182597 515421 401065 719306 250935 645678 414060 157206 456691 434729 205202 131872 58441 186645 471758 390741 435077 672755 104221 389081 675938 274116 687485 405498 118355 746474 610259
509303 220883 838541 582484 451667 999999999 689215 147325 582195 897770 717404 472435 964867 219073 724275 638022 745327 927499 218488 571765 681491 431432 496584 700963 339287 155286 559583 53213 794713 271473 617813 566980 688521 497845 550382 807216 186401 581619 145042 604698 422163 159808 509804 95052 157134 475281 715343 439342 590452 732773 759335 561822 465918 477938 896035 551553 516559 484555 196108 485406 725078 579299 594220 741061 622802 640236 854537 609152 190520 600735 466477 888521 275376 401303 593283 160552 588004 670033 228256 759837 349342 654403 576980 252017 560844 393985 498127 825392 295482 803491 647778 555235 706065 565341 274269 719195 130831 562428 660628 508566
317641 723328 546720 421569 670164 689215 999999999 787442 362407 652309 648024 240759 565618 582456 1089580 101171 270655 621460 761569 249662 135602 260275 363326 478414 649022 541540 457634 735580 764077 928182 358858 581062 54249 191371 335861 463346 520859 999398 668468 91554 269380 689432 296603 707767 558388 734154 947729 352094 1025368 844915 673743 487858 223542 533704 483399 156072 172697 228150 872857 217741 142650 605256 502879 58936 257732 609061 504661 333648 627045 255936 907464 687064 414788 491707 156804 801819 225159 632341 659308 512057 542530 282712 248083 605197 782603 664073 499281 546229 400941 566761 68483 719240 455829 197567 485844 31662 559585 668185 162963 209825
558544 137366 843566 600457 396616 147325 787442 999999999 721758 887088 687816 590116 981484 229918 596162 722745 798849 927205 108631 700631 757865 527475 534604 709080 291017 250180 568663 150467 746775 141116 650268 543425 794534 598793 687712 826701 321955 451059 286420 709322 530836 115583 642022 80523 298470 401024 614938 490099 456161 658392 727996 563006 565806 467001 920945 662791 616621 601340 214520 598708 801087 549816 592001 842732 753257 613604 870186 746445 183057 656542 339720 869180 377585 409944 671608 14898 714403 639965 369969 764788 345620 703038 636289 237394 481097 339202 496968 829134 386771 800571 754470 492606 719476 686872 319398 815602 241519 514682 780721 625503
526791 722867 862299 661938 796707 582195 362407 721758 999999999 963008 896228 221898 911331 601117 1197430 413352 610165 947497 747756 116166 472849 340730 562438 760040 725538 491104 680258 608853 1011167 853598 627625 782123 316253 306537 43282 786428 399826 1075611 488431 293942 288124 665995 110138 646393 425179 854660 1105997 509092 1094654 1044203 931522 706009 316093 701814 827346 246092 310088 222623 713118 242351 496510 806238 733294 370026 110694 835578 833750 39465 628127 530222 964469 986818 391722 623709 429531 736338 138101 865492 437103 808636 640163 582481 507515 642394 927621 764385 683589 857720 409819 866390 294584 880255 744347 175936 530850 387701 487037 846087 209944 214859
458441 753437 105804 333901 508329 897770 652309 887088 963008 999999999 216470 751454 190775 680418 759319 565041 385231 73132 791814 850409 516924 648770 440872 213709 598776 767818 343531 949081 246443 983902 340848 344669 705938 659808 923809 190619 846190 759740 982398 681861 705115 776425 861151 841390 873417 537194 560043 508667 790093 407639 188749 336686 658535 422679 218391 718081 653792 746824 1080969 726385 515778 342058 303755 688264 882146 278991 159692 947591 717742 432848 740885 54061 719539 496797 535545 894469 834442 259242 1028557 157257 550417 382054 456323 656086 502773 558289 399645 106582 683825 101121 701954 446429 222638 790354 632758 645844 800782 397803 804936 749728
369798 551416 228447 236409 297572 717404 648024 687816 896228 216470 999999999 674662 375718 498585 563468 548295 422779 277403 587512 793539 519252 558217 334414 180624 396803 604519 216508 766192 117086 775389 289435 150669 696312 592016 853908 277413 698419 548290 819182 647951 614062 582145 787421 650604 719940 321508 371172 393850 578871 227559 42186 193193 580135 243406 360702 665719 592189 673620 890401 654062 535873 138970 163384 696974 835134 77342 288097 889300 529691 393969 524552 185471 585283 330401 501111 693791 783405 47936 875905 182334 369532 368255 407732 467141 287713 351169 236346 213688 550667 169322 680081 229960 207112 737130 471782 652103 636987 182883 776733 683237
305866 556531 654063 441345 587161 472435 240759 590116 221898 751454 674662 999999999 720024 421161 998527 239117 424637 742424 588686 132511 300069 119693 340604 543834 528325 340467 458489 513790 789351 730365 411947 560984 224231 92963 179290 583190 291969 885559 432194 149205 72902 509062 112811 509791 328256 647689 893470 287895 907306 824732 710395 484115 94976 482965 636398 85689 103629 12881 644747 27749 335499 585250 511564 281901 184872 613690 632442 219471 457462 320835 779662 771777 216344 408822 232804 604984 135263 643598 418715 595128 433762 377825 295841 456522 716018 560947 462858 648018 220014 652773 184224 664935 530022 98507 336185 272407 349904 627775 190640 36167
470822 856171 150554 383558 636086 964867 565618 981484 911331 190775 375718 720024 999999999 758453 936807 498030 301196 118494 897328 795255 439592 638029 471747 273452 707514 819978 412831 1017903 432430 1093753 351192 465445 619492 627580 876585 157717 877727 922513 1025838 617962 690050 866498 820381 924287 909885 677322 740185 535807 953159 589304 360477 420039 635916 519391 84068 667361 616617 712488 1157394 692734 423007 471692 394044 587911 816833 416636 111335 889093 801677 407173 888513 244760 744334 572492 487922 991022 775063 407711 1058507 222409 635865 346684 434329 744162 659513 677126 485636 166168 710070 207967 626137 596035 262053 735445 690723 550851 851886 540334 727687 709189
329456 140950 625961 375139 248168 219073 582456 229918 601117 680418 498585 421161 758453 999999999 601261 507250 569441 713166 179495 548215 536372 330864 304694 489116 142950 132289 347219 269133 579334 361094 421191 348034 598238 403690 560632 601991 246463 474782 329228 513936 351444 115984 501969 165892 252011 287127 543019 262092 493538 532788 540594 346269 371320 259103 694632 478570 419499 429938 401737 421477 578877 360950 377820 640187 602187 421339 647226 615998 47752 428111 363473 669803 210711 186842 452716 241801 555497 451379 397589 546901 130461 473320 408954 45769 372117 195486 281302 612237 201148 587888 560214 351873 496878 519184 96999 608185 157951 349966 606212 452762
772532 509139 791794 696070 420454 724275 1089580 596162 1197430 759319 563468 998527 936807 601261 999999999 992275 940271 829488 505787 1130749 990092 887389 727111 719172 472124 727204 652403 743838 515509 569666 770584 532579 1123627 952546 1155631 835578 839730 145545 869102 1049511 925629 573783 1093359 629419 835198 356673 200329 741957 147411 352527 576444 624015 925309 557298 923469 1035022 963013 1004528 789960 991188 1021462 512864 624014 1147446 1183382 543585 851176 1208392 584899 850992 257964 711778 806229 602505 933835 589226 1132861 540438 951498 740511 565557 857332 849305 557438 312039 437905 594468 777137 787984 732662 1093189 380353 744511 1090960 666946 1105780 744560 438563 1165172 1024356
219796 646760 460558 320442 574251 638022 101171 722745 413352 565041 548295 239117 498030 507250 992275 999999999 196836 540592 686580 297237 61586 209452 265167 381761 560510 484908 356539 687350 664734 861899 258864 480151 148105 158371 379408 379857 484357 905968 637580 120213 238826 618748 326528 644830 521929 638120 847441 261662 932584 743744 575083 386775 182826 435322 414099 171861 141176 228797 828525 211652 97309 504277 401745 156184 320884 508035 424740 391463 553580 155075 817467 596496 363743 398894 59024 736649 277235 531600 641020 419183 453634 186920 147069 525192 683830 571617 399913 458460 342901 475264 137222 619692 360324 237582 410362 113522 507199 567896 239924 219393
240381 695809 279490 247479 548356 745327 270655 798849 610165 385231 422779 424637 301196 569441 940271 196836 999999999 350907 738124 494069 139145 358244 267360 242177 573765 590909 292046 797906 531370 929389 173745 407714 324880 334163 575764 194717 622521 880041 776565 316815 404472 685347 520837 728385 658145 607452 769692 309660 909295 642795 438746 318252 347724 402999 217297 366933 321153 416073 941346 396965 130747 427701 316310 303171 516366 407256 234108 588035 617001 144616 811054 424091 489971 408574 192299 811101 473923 421627 795338 258356 474859 97224 168803 571843 629406 565848 362031 280926 459850 307638 327088 560365 215842 434320 481238 261367 619390 501720 429784 410714
462600 796180 92286 349856 559361 927499 621460 927205 947497 73132 277403 742424 118494 713166 829488 540592 350907 999999999 835794 832986 487920 646742 452004 227984 642959 791107 368016 979681 318677 1030168 340912 390989 675639 649656 909816 161206 861995 824957 1003428 659879 701969 814408 849290 876925 891269 593278 630871 519555 855460 478760 254921 366924 652047 460216 158716 701420 641690 736646 1114902 716303 481060 392090 336043 652587 861017 331411 116804 929395 753028 421606 800585 126690 731889 526852 517967 935434 815310 316081 1044608 168360 584986 365664 447043 692580 565102 606158 432376 103272 696436 126716 675638 505692 228378 772644 657277 611824 823866 453855 778812 737203
501135 42440 755211 522573 292427 218488 761569 108631 747756 791814 587512 588686 897328 179495 505787 686580 738124 835794 999999999 709901 714271 507376 470775 623876 193115 256917 486846 241518 641237 196642 579413 447147 775911 580303 710142 745550 355841 363443 363386 691143 522304 81780 657276 123759 342455 292930 509052 436755 373439 549804 626818 477313 547546 378219 841559 652377 596720 598573 323136 592319 756356 451196 503988 819063 763748 515091 786594 767827 134728 600442 248027 770905 372546 334335 631605 110239 720124 539969 446106 677290 267318 641002 583189 166550 372478 236500 412021 740347 371555 709160 737310 385607 636741 687177 276493 787548 262302 410777 777422 622172
424063 680077 748740 557561 719570 571765 249662 700631 116166 850409 793539 132511 795255 548215 1130749 297237 494069 832986 709901 999999999 356692 249613 462785 650434 659957 455595 579381 606889 909634 838451 518268 687391 207378 201710 86211 671804 385478 1016448 504086 177797 205330 628911 67237 621558 417662 780194 1025275 415471 1037691 953115 827347 606478 217950 612594 711294 132346 201783 127938 726770 144428 380909 711916 631931 264540 54016 736429 718695 97355 581789 418418 909311 875872 338894 540571 315394 715512 26221 765388 469952 697265 566241 468854 396870 585479 848108 693336 590397 744639 348011 754922 181227 796128 633619 60345 466695 276720 459321 757479 113310 112249
225451 673390 411460 302391 577135 681491 135602 757865 472849 516924 519252 300069 439592 536372 990092 61586 139145 487920 714271 356692 999999999 260080 267981 345610 575348 526842 342596 731976 634079 895251 233415 466979 189015 216460 439807 328625 535327 911565 689513 178912 295119 650358 387880 681599 572607 640269 836313 279783 939132 724432 542729 372594 238036 433751 355978 233212 200212 289986 874324 272479 43616 490234 382759 178328 377358 486415 371316 449598 583619 139270 828582 551474 410207 409636 88238 771374 335775 507383 696690 376945 469248 151061 142573 549814 678980 580720 395681 410726 386243 431291 188137 612653 322164 297578 440648 133643 551125 558072 291107 280959
193261 471163 556013 328067 471895 431432 260275 527475 340730 648770 558217 119693 638029 330864 887389 209452 358244 646742 507376 249613 260080 999999999 223866 437151 421629 281502 341709 479575 671926 668393 308103 441490 268888 72938 297729 491777 275448 779825 429447 183850 56814 432304 230766 447612 312878 533585 775925 168392 802993 705061 594963 366353 40512 363484 556399 150238 89659 121926 619794 105533 302464 465692 394837 315277 299552 495409 542171 339129 372796 230860 677885 664936 156057 291386 174378 541929 247605 525701 439203 491521 321950 291404 203751 360014 599200 449628 343212 548385 140740 548464 229950 546525 426131 204076 237564 289185 300898 508353 280550 138591
45713 428451 359786 108225 310077 496584 363326 534604 562438 440872 334414 340604 471747 304694 727111 265167 267360 452004 470775 462785 267981 223866 999999999 227505 311869 348551 117958 549797 448747 662763 121437 227440 401001 261425 519891 314461 410315 643835 554997 335184 279982 419970 453236 467495 440561 373688 586440 67886 671241 495294 371152 143829 246611 170386 399970 339783 264384 340097 691552 320908 304584 252199 171086 420657 507376 273753 363701 557144 351756 135000 561246 449960 280004 144678 206888 546335 454948 303189 592800 286228 209031 170231 125462 304604 419284 313136 136979 349158 244474 339848 374893 356558 223636 408732 223305 378680 380243 307818 461013 351155
245298 582754 137611 122243 369724 700963 478414 709080 760040 213709 180624 543834 273452 489116 719172 381761 242177 227984 623876 650434 345610 437151 227505 999999999 434483 563144 141926 753455 290745 820313 132415 202232 529170 453996 719534 126916 635483 679052 775579 490687 493812 594559 655246 654302 664044 417617 537602 295383 709445 403415 198373 146620 449626 246058 224000 518704 450023 540212 890338 519854 358283 214616 121440 523910 686630 175673 163023 747727 530870 233833 629975 228110 507036 302281 341611 718314 636765 183652 818122 59702 363754 195704 253675 472134 417055 406416 212397 124893 471379 112589 517653 348692 26706 591359 429542 479252 595889 289328 618163 545304
350713 155011 563491 341473 112431 339287 649022 291017 725538 598776 396803 528325 707514 142950 472124 560510 573765 642959 193115 659957 575348 421629 311869 434483 999999999 275166 302096 382434 460244 387484 405576 254119 674720 490611 683594 558493 389075 358229 465146 594694 455626 188972 621256 259820 394777 144235 400333 298850 381492 395027 437030 288900 461070 188649 655388 571554 503299 535035 496673 522904 614304 259082 313470 707956 713064 322969 597506 736287 150798 446821 258819 578797 335253 167193 501962 297124 663351 348964 537444 486199 106878 477291 434994 97570 229619 54923 225592 548467 315883 516419 640260 216040 449162 622835 194826 670479 300545 226690 702076 555815
357152 232343 700310 441885 377616 155286 541540 250180 491104 767818 604519 340467 819978 132289 727204 484908 590909 791107 256917 455595 526842 281502 348551 563144 275166 999999999 424703 207222 694978 391049 469887 455092 545676 351033 453237 662390 114404 595364 215515 460680 280820 175154 400947 169672 121381 419216 675306 287796 611452 660999 646657 431883 318304 361161 748339 412718 369297 351483 350684 348533 570453 471683 465381 595463 509094 527609 710942 510923 142617 446452 480857 764356 127890 275275 438723 264986 467546 559069 273396 622750 239680 501204 422295 177993 503831 326981 372688 688015 142144 670211 505350 480077 565364 437903 135195 570677 32977 472080 531094 375611
155645 445109 279170 44567 257909 559583 457634 568663 680258 343531 216508 458489 412831 347219 652403 356539 292046 368016 486846 579381 342596 341709 117958 141926 302096 424703 999999999 611914 330925 683473 118945 124447 500932 377686 637778 258844 503949 588001 638916 442923 397603 453688 571165 512551 530264 315645 493722 178775 617300 387900 253785 30254 364260 116164 354732 453979 379252 457783 748428 438434 370631 148073 53134 511883 622737 157664 301523 674365 389320 204305 522045 344398 380934 160414 302612 578292 570543 186017 685833 200295 223047 204983 209570 331332 340384 282550 76656 265837 345372 245537 479282 272344 150819 524231 289996 467809 457628 216039 570895 468234
562338 252143 890990 635323 494750 53213 735580 150467 608853 949081 766192 513790 1017903 269133 743838 687350 797906 979681 241518 606889 731976 479575 549797 753455 382434 207222 611914 999999999 840754 252483 671021 616114 732762 544405 579430 860275 222945 599408 139858 649698 467128 196504 543186 125808 189244 514143 747577 492415 605712 772914 807977 613587 512945 528228 949222 594761 563230 526174 143474 528327 775516 627657 645782 786365 656648 689214 907499 637883 237003 653353 486168 938929 323774 453101 643739 160588 624450 718623 222069 812206 399593 707315 629415 299358 598843 436546 549496 877751 345734 855355 691975 597415 758837 604375 327406 765903 180889 607686 699816 549949
485602 609513 301040 353187 350402 794713 764077 746775 1011167 246443 117086 789351 432430 579334 515509 664734 531370 318677 641237 909634 634079 671926 448747 290745 460244 694978 330925 840754 999999999 818096 405995 243856 812818 707973 968637 367875 795003 530646 906580 765036 727241 649212 901953 719886 813642 353695 315333 505661 560120 163007 92628 305581 695184 337885 437530 782382 708570 788707 956431 769331 648818 224368 277970 812191 951736 178039 365847 1005058 604313 510744 532227 196738 688637 427204 618087 750765 899889 146681 968277 278356 455586 483042 524791 542780 293480 408468 339752 289019 654927 245986 797025 257486 316278 853589 566429 767349 726592 233563 893818 798919
690127 238461 950870 718890 477823 271473 928182 141116 853598 983902 775389 730365 1093753 361094 569666 861899 929389 1030168 196642 838451 895251 668393 662763 820313 387484 391049 683473 252483 818096 999999999 774284 639901 935642 739849 821285 942192 455677 426949 390932 850423 671825 245434 778414 221551 428424 464401 634239 623184 422404 707225 813215 673815 706850 574434 1038167 803756 757632 741729 231122 739467 938214 641966 700096 983670 890552 705502 983121 880086 313344 789050 334827 960310 518627 529799 809785 126512 853032 728563 470372 873266 463088 832683 770044 358768 532794 425661 608629 935894 527743 903759 895586 560734 833366 826629 454882 956147 380793 594533 920847 765908
122185 536998 249147 74633 374646 617813 358858 650268 627625 340848 289435 411947 351192 421191 770584 258864 173745 340912 579413 518268 233415 308103 121437 132415 405576 469887 118945 671021 405995 774284 999999999 239248 406882 321663 587155 194794 527472 706565 674672 361625 364312 534867 523023 585844 559035 433788 607181 184655 735719 491170 317122 146580 318188 229568 278534 386811 317620 408061 812458 387675 256603 261106 150843 409156 555293 253017 244841 615511 467285 104999 637715 359888 394871 245198 213080 661391 505020 274317 709150 183734 312339 87355 122096 415770 458737 393809 188570 240718 360057 241115 391524 390246 118362 459419 344022 364345 501439 332774 490024 412901
270957 408908 316707 165650 170666 566980 581062 543425 782123 344669 150669 560984 465445 348034 532579 480151 407714 390989 447147 687391 466979 441490 227440 202232 254119 455092 124447 616114 243856 639901 239248 999999999 623130 487333 739020 328708 552035 479511 669167 561602 494581 434840 672036 502125 571958 215413 369353 273108 509640 267880 192790 94387 469581 94540 425115 566893 491354 562038 742231 543751 494279 24760 91761 635861 733491 73340 359636 779938 380150 328727 427829 326051 445069 183581 425159 550374 680938 104114 727467 243626 218881 326553 333085 317626 222130 215169 99088 301216 411694 265469 599781 152888 223859 634915 323909 591945 487345 94016 688239 575194
355414 739041 600442 466733 703269 688521 54249 794534 316253 705938 696312 224231 619492 598238 1123627 148105 324880 675639 775911 207378 189015 268888 401001 529170 674720 545676 500932 732762 812818 935642 406882 623130 999999999 196284 293073 517292 513612 1028780 656401 85268 266453 701189 260967 714228 550586 767196 987316 382301 1053997 888824 723166 531000 229310 570604 537452 139231 179280 211353 866904 205484 196691 647579 547839 59653 208702 654599 558846 285366 641210 302615 933532 740108 417811 522433 198329 809141 181727 678842 640679 564384 569264 333643 291969 624281 819384 693417 537893 599726 408407 619516 40788 757530 507133 161831 502896 72400 560927 708172 111059 189755
222374 544078 561629 356395 534267 497845 191371 598793 306537 659808 592016 92963 627580 403690 952546 158371 334163 649656 580303 201710 216460 72938 261425 453996 490611 351033 377686 544405 707973 739849 321663 487333 196284 999999999 265588 490255 332262 848326 483177 111086 81565 505001 201501 518653 369959 596989 833679 218430 872074 754259 626260 404927 33040 416652 544110 82735 18917 87121 682498 66708 255517 511985 430223 244429 246174 534853 539479 297343 445733 228179 748070 681440 223709 351931 141869 613338 193651 563700 483078 504009 388588 284866 203607 432143 658804 515819 391653 555848 212245 561744 157070 602966 439179 147582 309825 221500 368315 560934 212650 91759
484748 684279 823817 620061 753796 550382 335861 687712 43282 923809 853908 179290 876585 560632 1155631 379408 575764 909816 710142 86211 439807 297729 519891 719534 683594 453237 637778 579430 968637 821285 587155 739020 293073 265588 999999999 748969 366012 1034729 463762 261583 244878 628367 66985 611295 393287 811962 1062952 466041 1054101 1000938 889449 663343 273854 658542 792525 209441 270125 180591 688719 200567 465706 763107 690849 349412 100615 792813 796773 58804 588733 490981 924101 946733 350607 580473 392127 702396 111371 822823 418075 768854 597384 544324 467753 601415 884608 721925 640434 818892 367735 826618 267409 837037 704313 142424 488808 362869 450724 802805 192997 174328
316020 703905 85146 226859 496630 807216 463346 826701 786428 190619 277413 583190 157717 601991 835578 379857 194717 161206 745550 671804 328625 491777 314461 126916 558493 662390 258844 860275 367875 942192 194794 328708 517292 490255 748969 999999999 722246 802817 869164 498837 545906 711375 688945 767882 753795 544100 647514 379319 833336 504742 279006 269603 494312 369891 97304 540337 481632 576999 1000026 556738 325398 339790 247434 497870 699962 294462 50613 768190 645834 263109 756534 231785 589441 416895 356939 836629 654110 295145 903773 95473 481400 205477 289334 589331 539578 532501 333774 88724 554762 124203 515583 472186 109352 611461 533034 455767 694377 413435 618792 576837
406916 337701 769897 513338 489185 186401 520859 321955 399826 846190 698419 291969 877727 246463 839730 484357 622521 861995 355841 385478 535327 275448 410315 635483 389075 114404 503949 222945 795003 455677 527472 552035 513612 332262 366012 722246 999999999 705781 154657 432338 251744 275653 323459 247186 37706 532836 789383 343486 720571 770751 740160 516038 303052 457517 801209 374649 351144 304540 353297 308190 577888 570640 549702 568924 436401 622798 772285 424799 254970 482519 590414 848141 133988 368630 448568 336568 402166 654760 182650 694971 344252 541694 456031 292223 616939 440142 462565 758893 167663 746242 472912 590361 633676 381436 228637 551919 95618 578291 476877 328034
687748 370434 772747 632568 334901 581619 999398 451059 1075611 759740 548290 885559 922513 474782 145545 905968 880041 824957 363443 1016448 911565 779825 643835 679052 358229 595364 588001 599408 530646 426949 706565 479511 1028780 848326 1034729 802817 705781 999999999 726648 950658 813122 434842 974563 487184 698642 273158 247023 647434 30654 375655 571071 562530 819142 480404 896377 929622 860508 892646 644807 880919 946548 464617 570056 1058126 1069904 509460 826442 1089255 452859 774797 116097 718182 684128 507719 846950 443882 1020778 514987 809533 710981 460406 790397 769018 433318 263801 335472 520560 757335 669413 714571 995707 330649 702254 980800 549755 1018478 610179 389746 1060182 913735
556167 363179 911967 653575 575455 145042 668468 286420 488431 982398 819182 432194 1025838 329228 869102 637580 776565 1003428 363386 504086 689513 429447 554997 775579 465146 215515 638916 139858 906580 390932 674672 669167 656401 483177 463762 869164 154657 726648 999999999 578207 401760 299841 437563 239684 118420 606652 853510 490032 735423 859887 861358 647081 455280 575800 950989 517386 501899 445065 224972 451954 731863 684802 680648 713564 549839 742059 918656 520720 314735 635570 611413 979768 286757 490712 603046 297956 524714 773275 83701 835280 451425 694123 609359 370350 692752 519894 588200 900166 318485 884077 616206 679651 776163 512464 350535 699902 182653 679062 606453 467209
290720 654585 578268 413106 629225 604698 91554 709322 293942 681861 647951 149205 617962 513936 1049511 120213 316815 659879 691143 177797 178912 183850 335184 490687 594694 460680 442923 649698 765036 850423 361625 561602 85268 111086 261583 498837 432338 950658 578207 999999999 182620 616079 213708 629046 469656 692857 920202 307831 975278 829228 678038 472317 144088 501686 534111 64998 94462 136604 785264 126563 204415 586317 492651 136748 201138 599668 544424 271272 556494 257182 853241 711032 332873 447032 149080 723918 157109 625954 567805 532587 490313 300383 240468 541001 749030 615982 471608 575386 323141 589568 46296 689372 471223 119160 419143 123203 476458 642696 128782 118816
250072 488728 611596 384771 514699 422163 269380 530836 288124 705115 614062 72902 690050 351444 925629 238826 404472 701969 522304 205330 295119 56814 279982 493812 455626 280820 397603 467128 727241 671825 364312 494581 266453 81565 244878 545906 251744 813122 401760 182620 999999999 443973 178030 450319 289375 574983 821713 222195 835098 756103 651130 421707 57464 413760 607716 131969 100172 79550 603516 70148 335434 518538 450692 319238 257757 550235 596120 289636 389520 283562 707860 721670 153315 337397 214693 545590 207730 580801 402199 547897 360912 343533 256809 385414 643980 488051 395792 604231 151048 604952 225771 593896 482493 168388 264269 300283 294640 558219 255288 101497
445437 64646 729731 484978 300266 159808 689432 115583 665995 776425 582145 509062 866498 115984 573783 618748 685347 814408 81780 628911 650358 432304 419970 594559 188972 175154 453688 196504 649212 245434 534867 434840 701189 505001 628367 711375 275653 434842 299841 616079 443973 999999999 575722 71368 264671 317653 555598 377943 447476 576433 623157 448930 472044 354490 805439 574931 521946 519230 308475 513725 693168 443267 478580 746203 682683 506493 755171 686076 68347 544073 318755 760820 292717 294513 565544 126548 639590 534217 380079 650800 230812 589086 524728 122426 402543 241830 382912 715463 294109 687985 662029 401814 604447 607451 209720 716340 181222 415652 698555 543002
418646 629458 762232 554094 688809 509804 296603 642022 110138 861151 787421 112811 820381 501969 1093359 326528 520837 849290 657276 67237 387880 230766 453236 655246 621256 400947 571165 543186 901953 778414 523023 672036 260967 201501 66985 688945 323459 974563 437563 213708 178030 575722 999999999 563877 354283 747579 997479 399059 994632 934133 823205 596567 207702 591777 736353 154675 207738 115107 660846 135406 417280 696129 624263 320046 113490 725958 737390 115032 532446 428791 865130 882877 291259 514303 333263 656851 90679 756036 402733 705505 532879 483651 404831 541510 819266 658236 573464 756827 305634 763243 229053 770923 640673 99505 426490 325988 401829 736152 177921 112109
488167 127256 790695 541030 371474 95052 707767 80523 646393 841390 650604 509791 924287 165892 629419 644830 728385 876925 123759 621558 681599 447612 467495 654302 259820 169672 512551 125808 719886 221551 585844 502125 714228 518653 611295 767882 247186 487184 239684 629046 450319 71368 563877 999999999 227591 388567 622906 418746 496745 647533 691902 510200 485697 418717 860380 582271 536572 520955 240129 518205 725000 511635 540930 762772 674452 574416 813032 669881 123911 584877 371767 827566 297084 352168 594715 95315 634863 602732 322351 711621 291953 633646 563590 185342 473085 313056 444552 776756 306872 750997 674108 473180 662583 606754 247154 736158 162262 486341 700421 545109
439407 328457 799375 541801 498824 157134 558388 298470 425179 873417 719940 328256 909885 252011 835198 521929 658145 891269 342455 417662 572607 312878 440561 664044 394777 121381 530264 189244 813642 428424 559035 571958 550586 369959 393287 753795 37706 698642 118420 469656 289375 264671 354283 227591 999999999 539012 793881 374510 712016 782378 761902 540867 340746 477495 834161 411497 388839 340911 316532 345106 615255 589610 574570 606160 467665 643646 803607 452043 253414 517321 582718 873677 168424 389539 485659 312752 435263 675425 156231 723675 359608 576082 491036 297213 624128 447440 485218 788038 200725 774011 509928 601445 663225 416208 248212 589486 94302 592901 511585 364217
418516 266702 527102 360161 63996 475281 734154 401024 854660 537194 321508 647689 677322 287127 356673 638120 607452 593278 292930 780194 640269 533585 373688 417617 144235 419216 315645 514143 353695 464401 433788 215413 767196 596989 811962 544100 532836 273158 606652 692857 574983 317653 747579 388567 539012 999999999 257482 385298 302019 259166 355594 291262 570608 207465 640325 679650 606943 652801 614766 638416 674324 205885 302171 792370 831918 262326 573829 862143 292110 502572 212450 506248 469942 245924 579322 403155 780610 278116 680589 457364 214704 517255 498018 241802 86102 93372 247429 511469 446397 472237 736525 96492 438761 737650 327208 751398 444775 139567 809412 671636
631931 495693 597778 534658 310152 715343 947729 614938 1105997 560043 371172 893470 740185 543019 200329 847441 769692 630871 509052 1025275 836313 775925 586440 537602 400333 675306 493722 747577 315333 634239 607181 369353 987316 833679 1062952 647514 789383 247023 853510 920202 821713 555598 997479 622906 793881 257482 999999999 615700 271733 152520 379951 463736 810358 418636 731705 916047 841173 897338 826768 881454 863284 346413 456538 1003572 1075422 363475 658986 1111046 542720 697804 301231 511840 725952 484710 791020 612675 1023271 354525 930642 552044 467356 694458 700778 497328 178485 350854 449468 583568 700879 538873 961066 231024 563845 978781 583356 960078 699606 279556 1043026 914438
70096 395252 427292 175375 321527 439342 352094 490099 509092 508667 393850 287895 535807 262092 741957 261662 309660 519555 436755 415471 279783 168392 67886 295383 298850 287796 178775 492415 505661 623184 184655 273108 382301 218430 466041 379319 343486 647434 490032 307831 222195 377943 399059 418746 374510 385298 615700 999999999 673283 537656 432165 200711 197595 198233 461753 300455 225475 289190 635286 271270 320793 297355 231180 410924 463107 328228 429099 507035 309843 166449 556166 516943 212334 140151 203165 502686 410558 359040 525727 354097 191975 215825 146904 270969 442116 312015 175101 416848 176917 407679 351233 384787 291262 365101 171592 372253 318560 342717 427640 303251
714883 383594 803401 661860 363132 590452 1025368 456161 1094654 790093 578871 907306 953159 493538 147411 932584 909295 855460 373439 1037691 939132 802993 671241 709445 381492 611452 617300 605712 560120 422404 735719 509640 1053997 872074 1054101 833336 720571 30654 735423 975278 835098 447476 994632 496745 712016 302019 271733 673283 999999999 404074 601462 592071 842539 508908 926971 953016 884573 914649 644396 903319 974472 494952 600012 1084166 1091297 540069 857071 1109098 469397 802779 130658 748308 703694 533926 873561 448120 1042569 545640 818691 741581 484997 819224 796560 453126 294431 361309 549232 787989 690083 745219 1020516 361153 732567 1003092 571169 1044840 624976 420174 1083510 936006
538748 525606 449496 423595 284722 732773 844915 658392 1044203 407639 227559 824732 589304 532788 352527 743744 642795 478760 549804 953115 724432 705061 495294 403415 395027 660999 387900 772914 163007 707225 491170 267880 888824 754259 1000938 504742 770751 375655 859887 829228 756103 576433 934133 647533 782378 259166 152520 537656 404074 999999999 230497 357893 735186 342427 584889 834424 758841 826619 872739 808908 746807 243121 342359 898076 1000185 238348 512120 1044190 545822 589636 395095 359337 684931 424442 690497 659540 947603 221171 930362 409868 428468 576624 597168 489868 177439 340138 362797 435790 655068 391152 866770 181017 430106 901767 547723 853583 689638 199330 956096 840878
404732 591285 219048 269866 335633 759335 673743 727996 931522 188749 42186 710395 360477 540594 576444 575083 438746 254921 626818 827347 542729 594963 371152 198373 437030 646657 253785 807977 92628 813215 317122 192790 723166 626260 889449 279006 740160 571071 861358 678038 651130 623157 823205 691902 761902 355594 379951 432165 601462 230497 999999999 232106 615601 285572 354848 698407 625651 708931 931537 689182 556625 180421 200999 720999 867846 119494 282190 923578 571340 422121 554189 151294 626125 372379 530066 733715 816446 89355 917911 187162 411669 391849 437583 508805 314791 390319 277802 205535 591352 161048 708646 261640 223733 770264 513785 676203 679142 218982 806700 717788
183715 436138 280825 72085 235606 561822 487858 563006 706009 336686 193193 484115 420039 346269 624015 386775 318252 366924 477313 606478 372594 366353 143829 146620 288900 431883 30254 613587 305581 673815 146580 94387 531000 404927 663343 269603 516038 562530 647081 472317 421707 448930 596567 510200 540867 291262 463736 200711 592071 357893 232106 999999999 390393 100293 366596 482099 407094 483839 747993 464717 400150 117856 33703 542137 650493 129954 309308 700973 386374 234487 499879 332963 396457 160520 332702 572032 598182 159484 696935 201871 218482 233433 239782 326621 312163 264755 66043 266671 361217 241796 509052 243701 160263 551900 296688 498058 464858 186694 600063 494963
210953 511524 562639 346393 508394 465918 223542 565806 316093 658535 580135 94976 635916 371320 925309 182826 347724 652047 547546 217950 238036 40512 246611 449626 461070 318304 364260 512945 695184 706850 318188 469581 229310 33040 273854 494312 303052 819142 455280 144088 57464 472044 207702 485697 340746 570608 810358 197595 842539 735186 615601 390393 999999999 395242 553110 110486 50994 93524 651741 74375 278813 494061 417250 277223 265764 520222 544184 310804 413042 231214 717824 677703 191250 326772 157295 580341 213307 549800 458764 501768 360325 290223 205131 400486 634449 487885 372447 556010 179212 559276 189987 580184 436490 168427 278050 253287 336061 540030 241040 105701
216063 337508 377356 158763 145980 477938 533704 467001 701814 422679 243406 482965 519391 259103 557298 435322 402999 460216 378219 612594 433751 363484 170386 246058 188649 361161 116164 528228 337885 574434 229568 94540 570604 416652 658542 369891 457517 480404 575800 501686 413760 354490 591777 418717 477495 207465 418636 198233 508908 342427 285572 100293 395242 999999999 466883 498494 423243 485349 658354 468167 467066 113838 125793 591012 660994 166458 409052 702401 295088 295416 408148 410701 352530 89345 377241 475375 608497 198036 633123 299134 128646 310733 292171 233450 248959 166388 40997 362670 319912 333632 543047 187694 260544 563214 229385 548837 393589 144893 624557 500601
394837 799750 136546 320503 593679 896035 483399 920945 827346 218391 360702 636398 84068 694632 923469 414099 217297 158716 841559 711294 355978 556399 399970 224000 655388 748339 354732 949222 437530 1038167 278534 425115 537452 544110 792525 97304 801209 896377 950989 534111 607716 805439 736353 860380 834161 640325 731705 461753 926971 584889 354848 366596 553110 466883 999999999 583293 532911 628739 1090139 609047 340767 435252 344737 507885 733324 386958 72789 805311 739242 325833 852767 270081 667386 511034 404074 931168 691220 384351 980922 185411 576337 265105 353089 683805 632667 629800 430284 149361 633671 193816 543021 566139 206485 651443 621903 469717 779745 507977 644948 625231
298421 617681 616610 429312 616984 551553 156072 662791 246092 718081 665719 85689 667361 478570 1035022 171861 366933 701420 652377 132346 233212 150238 339783 518704 571554 412718 453979 594761 782382 803756 386811 566893 139231 82735 209441 540337 374649 929622 517386 64998 131969 574931 154675 582271 411497 679650 916047 300455 953016 834424 698407 482099 110486 498494 583293 999999999 75593 72854 727932 66502 263546 591620 505775 196306 169455 611625 587733 229637 518646 286161 828119 743650 285281 434666 183474 677551 118291 639666 504196 564998 470532 336704 265029 509498 741445 597967 472404 612374 280942 622631 98830 685215 501515 72665 387061 187604 425668 642391 130575 53832
