NAME : synthetic_000011
TYPE : CTSP-D
DIMENSION : 100
GROUPS : 8
RELAXATION_LEVEL : 1
EDGE_WEIGHT_TYPE : EXPLICIT
EDGE_WEIGHT_FORMAT : FULL_MATRIX
EDGE_WEIGHT_SECTION
999999999 281443 238061 451558 554656 106871 365366 537875 299289 500262 463883 552904 283422 658719 309151 469224 501842 700520 413142 387017 678259 773386 126108 270369 107729 121313 152116 420211 464590 425971 356667 369634 697658 365062 152440 657833 183670 485120 447643 405291 508834 267382 412793 71347 278204 373272 528626 816542 438295 774869 638914 531128 322644 540077 480400 698373 247073 787211 407308 458249 409704 694786 364387 588785 70134 465989 500632 208507 391548 682541 713224 398959 385242 465227 475511 51617 354193 374332 513798 441022 509883 317261 405190 607908 596171 193518 403690 214904 500176 742257 167441 712414 857283 354742 739976 712769 599756 477645 359555 673882
281443 999999999 438243 731522 597178 296394 550012 298171 426898 659240 336712 354902 214859 757981 261823 394219 375900 607507 279150 494924 685221 932962 398449 417118 385090 401128 325759 261585 505447 691555 380574 449111 874481 202385 133037 532424 249729 659871 168067 140332 276253 525756 690097 329077 239800 455821 313749 726025 631851 672775 790625 472451 549685 773332 714456 697370 258973 937480 126082 738068 192984 535164 83046 731053 225620 709078 759430 72950 181878 576657 599665 659302 328011 740013 330679 244377 152106 349810 685265 169259 239538 185024 477074 404603 806388 384392 682468 67120 439832 760658 401229 656713 737466 120844 881954 830812 409373 684047 615927 503293
238061 438243 999999999 443454 369328 339453 127433 596628 111872 262767 437651 567125 301676 433587 289952 397301 463794 598376 410026 184260 503160 535450 272293 80037 250471 240539 379693 434531 296711 289160 242856 197242 461334 404794 315675 588779 197735 247217 599827 578231 705419 383584 431386 279266 275860 196678 734312 700444 203504 671995 401152 429079 114764 335641 277489 526795 229899 549186 547732 386124 474808 651129 510039 352669 238746 276318 339757 377197 456803 593395 626670 249944 330085 359161 460728 285707 556600 295842 275823 607043 676995 359989 227421 618011 371715 54086 414115 386069 407075 554524 353719 579196 761880 451620 502576 480010 598609 249553 456784 643108
451558 731522 443454 999999999 790317 455182 482917 980962 554234 584421 863942 978589 698604 785216 705183 836296 895181 1041685 825157 611328 923750 759242 334649 523461 346464 330601 450739 841849 732631 245530 684857 637511 667248 796041 603959 1030059 580474 546029 894661 845499 924666 241071 55451 405091 681395 635794 931195 1141604 486427 1115031 680130 872417 384266 420102 392120 948839 637258 788662 857598 121370 851792 1087643 814548 665837 515881 355653 300320 658740 833118 1036712 1069954 271309 762240 185532 883104 487732 775170 733068 566763 883151 949114 746881 663902 1032709 519671 462287 52189 664446 849624 961008 360931 1017856 1205145 803274 769611 793195 1018444 470860 196697 1075622
554656 597178 369328 790317 999999999 660609 308821 562003 265324 256051 345219 474680 382335 189810 335555 256917 335890 307374 372091 185239 134540 421076 630350 299013 606727 601033 706605 406551 94285 577088 219755 185487 409869 431523 537002 353872 393526 292861 703440 718482 862801 751958 788592 616835 358191 182573 905817 373935 332224 366358 300717 208037 406267 496357 469764 159054 350369 409185 648071 705362 497748 439774 629356 246609 514200 496768 582169 574486 488780 324301 353581 538816 280904 657479 372506 585620 748441 249660 292411 730142 787694 421626 150042 501502 447056 382434 769933 582457 219699 188382 705559 245875 454849 528614 350228 273397 470706 378729 825995 454350
106871 296394 339453 455182 660609 999999999 465479 582977 406115 602179 542963 614863 363776 764928 396750 559514 582502 792041 488332 493858 782697 872317 128534 376883 129256 149223 46686 489358 569758 484669 458293 475964 793792 429656 195613 742080 280125 584607 447960 393604 470825 231806 407858 68677 364788 479748 481201 909742 534593 865521 740322 625837 411946 619461 560866 802293 340645 887626 418560 489100 460318 771094 376300 691935 154415 541825 563845 229306 443631 771331 800852 464125 475635 509249 550675 81034 320022 469895 613435 431956 495817 385648 511497 669155 684223 298356 403654 232031 593912 847780 105029 810208 945115 395829 841948 817530 665250 569374 320255 746778
365366 550012 127433 482917 308821 465479 999999999 667621 138999 138112 481183 619996 383423 324874 358228 420336 498526 584659 467813 143166 441223 408040 387322 135577 367531 354654 504376 497675 264352 271938 269178 188972 334666 481497 434850 596204 300996 119787 705030 690235 822480 479955 485082 403231 354219 184045 853813 672509 81905 653952 275033 429194 99183 245858 196663 466454 312920 422232 650767 397007 555465 669551 615991 230038 363795 211251 292413 494250 538815 588277 621243 232362 372875 351848 507731 413122 676856 331841 148432 716380 785311 442715 202237 666018 257641 177179 465887 503259 415681 479012 470630 545409 744850 545177 376955 360954 642207 136978 540892 668981
537875 298171 596628 980962 562003 582977 667621 999999999 528735 730520 216959 106904 295415 750744 310428 305088 229934 420485 204279 554998 592607 970705 663767 538764 645388 657261 617897 171411 495822 883729 409603 498843 937371 192104 391309 324378 409493 747357 243006 301850 413835 802086 947254 600290 320817 505810 463940 523038 743362 464868 834863 365138 708886 913145 860741 593941 366747 964294 216750 961563 129179 286879 241160 773361 468999 867305 936024 355143 147844 381405 391170 845581 305784 947740 189503 516379 393431 348109 765324 283401 302864 239104 508783 130371 914806 552389 936280 353976 344760 667370 684794 501515 504180 187152 904999 833636 151303 801750 894246 248296
299289 426898 111872 554234 265324 406115 138999 528735 999999999 232374 347375 484034 246087 361472 219259 295394 368409 487537 330047 87758 397044 507659 365219 34014 341728 335716 450629 359212 186464 381790 139521 85828 447677 342725 325235 482547 178961 234728 574541 565570 702743 487958 543211 356041 216485 85995 737631 588619 217246 560800 365935 319893 194956 384441 333081 419890 177430 514555 519275 490553 416915 549105 486792 308373 273340 343008 418604 379114 400497 483980 517311 341242 238215 457176 372941 337706 563769 199103 259006 588980 656590 305021 117947 531688 392579 117137 525850 388098 299917 453216 441726 467429 650946 409858 461357 421703 509319 274753 565068 544292
500262 659240 262767 584421 256051 602179 138112 730520 232374 999999999 524665 665693 469834 201125 434807 448150 531946 561042 526241 176625 370940 277284 525124 246136 505556 492418 641837 559558 257120 348167 321322 232331 215900 557447 554614 595085 410947 40366 804154 797603 935113 612196 595682 540870 439872 225233 969719 629079 98075 622243 138772 432154 221466 240939 220788 396276 406040 287818 748345 482481 632105 676890 717474 92410 492007 252164 336224 610509 617450 573941 604902 315130 424879 426492 552989 546465 795058 382443 37826 820199 887062 526420 223001 704868 196457 308107 575942 619524 429049 389527 608539 501430 710899 635239 239815 224819 677340 127509 667078 684306
463883 336712 437651 863942 345219 542963 481183 216959 347375 524665 999999999 141185 180678 533784 160173 88444 40532 270805 58454 353741 386895 755307 584083 366233 561626 567664 586722 78636 280627 724994 212251 298477 725785 134332 354450 201817 289864 545713 386544 420046 559383 727067 839916 534741 187932 304903 607217 389574 550351 337380 621333 156586 540336 725559 677818 392147 228321 748023 336500 821874 172083 231076 332366 560314 396000 689934 765877 354046 170831 240874 265974 684909 109191 796765 28532 463535 480772 149342 560895 420396 466598 163277 301756 184835 715248 405175 825709 358304 131040 463388 629764 325564 407958 228314 688696 616705 162015 608811 817650 213064
552904 354902 567125 978589 474680 614863 619996 106904 484034 665693 141185 999999999 280006 664490 278278 221915 139103 313590 157154 494797 492698 891229 678155 500093 657509 666633 654382 136743 418534 856190 352174 439345 865051 187854 419256 217827 398126 686891 338440 390528 513057 820283 949963 620567 298298 445848 563071 417493 690681 359478 759544 270419 674109 865175 816321 492347 343874 882231 302452 946125 162169 188693 316778 699007 482783 827021 901041 397570 175476 274580 285238 816634 247219 925369 113211 540958 473564 288926 702018 377890 405286 235961 442875 55013 856396 529365 937189 398749 254982 566198 711304 395357 404001 234184 822944 748046 54781 749216 912405 152548
283422 214859 301676 698604 382335 363776 383423 295415 246087 469834 180678 280006 999999999 546920 47196 201457 219362 432322 130510 295978 473846 734987 405029 249435 383089 390389 408374 143303 291040 588327 167587 244479 685102 103315 182762 378305 118247 478224 336737 340400 483911 548103 670256 354126 29982 251572 525161 551453 463164 504409 593017 275198 414949 625641 570946 487619 72188 736161 280444 669571 173853 411382 253881 531823 215323 574947 641405 200712 156372 409067 437800 550182 122018 653117 192427 283646 366442 136096 500467 357106 420879 59438 268339 334316 638666 257040 657287 207527 241958 548297 449088 463369 581903 165405 678968 622379 321779 520190 639324 390851
658719 757981 433587 785216 189810 764928 324874 750744 361472 201125 533784 664490 546920 999999999 502531 445864 525657 468312 556715 275734 233598 237934 705468 388476 683984 673332 808104 591513 261602 546356 379395 311268 248706 610304 677503 531645 528329 239211 879001 887309 1030734 804780 796758 709958 519484 305098 1071138 502563 299172 512533 147907 396874 418284 413752 409957 254583 500367 221849 822878 681032 679872 618747 800051 125397 634427 444439 524659 724173 669350 493392 518529 514993 460436 622944 561421 698965 905552 424075 220169 902706 963638 593674 281131 690690 335029 467271 777030 732775 409508 218725 787298 385373 592392 703612 164217 83664 659664 319462 864457 637171
309151 261823 289952 705183 335555 396750 358228 310428 219259 434807 160173 278278 47196 502531 999999999 162956 195243 395470 121431 258916 426953 695505 426030 228377 403155 408387 442338 144596 244911 579048 123464 205244 648804 123988 224275 348702 130171 446034 377929 385189 529129 568650 680116 380490 32061 212432 571034 513739 435806 468776 554117 233186 399863 603158 550341 441029 68227 695460 321589 668118 198676 389965 297521 492555 244262 557107 627355 246840 183132 374789 404804 539889 79840 647249 177936 315810 413551 89014 466904 400272 462458 92998 226302 330587 609827 251101 666140 253894 200233 501229 476457 421022 549065 203707 637760 579074 313964 493735 658633 373235
469224 394219 397301 836296 256917 559514 420336 305088 295394 448150 88444 221915 201457 445864 162956 999999999 84160 232545 125548 284221 303626 669642 581246 320035 557691 560673 605227 157109 196808 677177 155979 231965 643560 198470 384214 194903 286196 472357 465729 493021 635218 722203 817438 540445 195013 237538 681796 350851 483397 306149 537684 78385 490232 660217 615990 311219 222281 661395 413248 783152 252156 254100 403560 477304 406318 631464 710841 397393 247230 213388 244552 636615 84091 752276 115607 478513 543952 103440 485208 497341 547736 209780 227981 257069 641998 374118 801870 403172 46861 380452 636609 264101 388228 298422 602063 528989 229190 541127 810145 249327
501842 375900 463794 895181 335890 582502 498526 229934 368409 531946 40532 139103 219362 525657 195243 84160 999999999 231895 98831 365735 364087 752246 620886 389790 598180 603623 626490 115351 280773 748908 229977 312005 727540 173760 394759 161321 325413 555467 417826 454604 592108 763690 872600 572898 224458 317979 640492 350124 564381 297352 621364 135224 562937 740763 694978 367153 262715 743127 369583 849439 204874 194783 368061 561185 434517 708882 786611 394495 205836 200949 225564 708564 133924 822126 49134 502794 518424 169488 568872 452942 496056 203809 310758 172989 725196 434336 858003 398689 116329 439749 668225 291373 367427 265148 683841 609152 145690 622467 853848 180489
700520 607507 598376 1041685 307374 792041 584659 420485 487537 561042 270805 313590 432322 468312 395470 232545 231895 999999999 328732 442044 241646 705690 809105 518340 785238 786682 837772 347156 320503 855757 361357 405984 710008 405135 614611 98252 516917 595730 640602 682833 816367 948084 1028746 771505 427515 408624 865636 119577 627059 74951 601565 172606 671850 798554 766124 228393 453520 686533 596056 974445 433091 172160 598150 551690 638634 789328 873751 621950 436175 40009 51330 815584 316436 934832 279064 711029 750058 327458 598174 677770 714002 430519 384128 305618 754213 586523 1011941 626824 201163 297094 867609 97001 163516 496543 631238 546665 275970 678660 1033910 204322
413142 279150 410026 825157 372091 488332 467813 204279 330047 526241 58454 157154 130510 556715 121431 125548 98831 328732 999999999 350860 429095 769978 535480 344190 513596 520824 531456 34859 296866 699141 205485 294695 733848 77072 297753 259745 245794 543405 340200 368597 510071 678542 798606 483369 143842 301628 557011 447746 541479 395805 632480 202127 517778 713653 663118 436705 188215 765253 287794 789549 127311 282943 279665 570767 344195 672329 745042 295668 121683 299283 324385 659670 101692 768231 62553 409727 424911 143861 561092 371914 422444 105440 304780 209158 711409 372471 785127 299870 172245 505928 577556 379716 466041 174613 706172 638254 193287 600031 769826 260742
387017 494924 184260 611328 185239 493858 143166 554998 87758 176625 353741 494797 295978 275734 258916 284221 365735 442044 350860 999999999 319466 439746 449864 118801 426728 419524 538381 383717 122888 413727 145396 56165 389896 380965 403909 453785 254861 192735 632290 630415 770946 567536 606368 443424 266232 49281 808304 533166 199230 512158 297455 286608 231464 376167 333869 343469 236680 442761 576120 534683 455561 528813 547345 236802 358898 352440 435014 453868 441070 445118 478103 373618 250216 492985 381592 424803 637637 207665 210452 650625 716025 351222 59276 537075 361735 202309 588069 462693 274815 370554 527822 407479 603087 460987 387036 340092 511215 256921 640773 530282
678259 685221 503160 923750 134540 782697 441223 592607 397044 370940 386895 492698 473846 233598 426953 303626 364087 241646 429095 319466 999999999 467619 760538 430996 736694 731952 829165 460527 214409 706092 327702 314004 481435 499691 643554 319072 507806 410375 769286 794310 937519 884829 922862 742963 454458 312164 983314 269822 456726 279478 376310 230410 539489 610708 590761 25547 456803 446660 716392 836242 555707 404851 704473 335462 632309 620175 705290 673384 550750 272094 292920 668692 357370 786374 409806 705329 837221 338002 404088 800363 851343 501697 279566 505600 548737 513629 904132 680650 257305 76834 833777 152685 358951 599898 392899 307632 473697 497878 959944 429717
773386 932962 535450 759242 421076 872317 408040 970705 507659 277284 755307 891229 734987 237934 695505 669642 752246 705690 769978 439746 467619 999999999 783493 523271 766332 750988 909586 804670 474933 516037 574269 490659 92036 813473 831617 769212 686614 288267 1071682 1069759 1209211 848645 786520 808268 705474 483522 1245050 732224 338774 746974 142413 628877 468145 339652 370949 486326 676106 35084 1015420 640468 886585 856237 987090 203165 768784 406368 461811 886730 873784 731296 756147 499410 669360 576039 783639 821029 1071384 629057 259628 1090368 1155615 788490 470297 921363 239725 583578 767093 895723 637773 436776 866815 620298 823382 899050 74724 160093 890962 315378 886711 873706
126108 398449 272293 334649 630350 128534 387322 663767 365219 525124 584083 678155 405029 705468 426030 581246 620886 809105 535480 449864 760538 783493 999999999 331931 24141 32736 143379 544424 546747 360444 453615 446536 699969 490444 275417 773467 296391 501257 560137 511145 597458 143079 291680 70466 396449 448543 609314 922361 445490 883977 659332 637250 315436 506368 449622 782525 360298 802270 524295 360822 535767 815103 481253 617315 195960 426865 440789 326187 517639 794135 825730 343285 498365 381122 597425 154076 444895 481766 529831 548634 615079 442236 481212 733168 579397 248133 284601 331355 607953 818423 83598 811932 968885 479756 761434 747990 724205 471510 234553 795793
270369 417118 80037 523461 299013 376883 135577 538764 34014 246136 366233 500093 249435 388476 228377 320035 389790 518340 344190 118801 430996 523271 331931 999999999 308565 302165 420785 371535 220371 359159 164451 119513 458905 349624 308491 509938 167389 243059 569850 556923 691577 453953 511125 324855 220834 119930 724827 620861 217049 591990 382827 349234 174233 376282 322302 453885 178080 532121 515374 463402 422700 574136 481064 327362 249583 328835 400966 365061 405598 513540 546833 318893 257317 432720 390740 310916 549346 220494 269158 582076 650634 308871 151959 549244 393093 83835 493983 374092 327780 486683 409155 500429 681845 409805 480527 445353 528143 272438 531154 567659
107729 385090 250471 346464 606727 129256 367531 645388 341728 505556 561626 657509 383089 683984 403155 557691 598180 785238 513596 426728 736694 766332 24141 308565 999999999 19974 151472 523230 522817 355524 429496 422708 683752 470010 259288 750191 273293 482654 548655 501644 592739 165510 305817 63744 373829 424779 606515 898355 427813 860124 640618 613308 298890 495496 437947 758620 337088 784476 511155 364916 516975 792562 468100 597559 176576 416640 435005 312379 498715 770465 802125 335940 474967 381207 575373 141475 439164 457961 511337 538689 605973 421550 457454 712509 565818 224733 297498 317996 584100 794874 103446 787802 945179 462455 742766 727715 703034 455846 256243 773646
121313 401128 240539 330601 601033 149223 354654 657261 335716 492418 567664 666633 390389 673332 408387 560673 603623 786682 520824 419524 731952 750988 32736 302165 19974 999999999 170522 531631 518657 335616 428968 418041 667719 479590 273702 754010 278224 468530 565576 519480 612012 161587 291540 83423 379732 419792 626142 898846 412861 861621 626603 614384 283030 476798 419521 754213 341521 769641 527203 345862 528508 798277 484174 584626 188342 397716 415186 328259 510121 772862 804775 316315 478584 361407 582230 158647 458247 459945 497112 556323 623919 430839 452417 721584 548241 218602 282402 334134 585722 788848 116323 786782 947364 475516 728708 715387 711343 439421 250291 780200
152116 325759 379693 450739 706605 46686 504376 617897 450629 641837 586722 654382 408374 808104 442338 605227 626490 837772 531456 538381 829165 909586 143379 420785 151472 170522 999999999 531159 616040 503790 504969 521718 829462 470739 235890 786549 326748 622750 468971 410817 474935 216702 400568 101333 410322 525385 480470 955682 571055 911077 779405 672084 445604 646925 589198 848842 387015 925852 444064 495992 497656 813808 402774 732328 200900 568110 584167 262766 481501 816623 845915 486346 521462 521620 593592 127204 329236 516314 651599 449526 510368 427866 557270 708296 715728 340908 398616 264310 640061 893972 89933 856718 990129 431179 881306 859130 705525 603246 299652 788720
420211 261585 434531 841849 406551 489358 497675 171411 359212 559558 78636 136743 143303 591513 144596 157109 115351 347156 34859 383717 460527 804670 544424 371535 523230 531631 531159 999999999 331722 723579 238361 327588 767957 62174 295546 271212 261383 575966 309595 341480 481359 687142 813471 489277 162086 334587 528948 464939 572475 411243 666952 231748 544134 743493 692123 467266 208071 800062 258524 810431 95239 283741 253741 605206 350389 700289 771622 286109 92370 315292 338106 684474 135832 791218 69111 412517 403078 177602 594123 342579 390895 103945 338721 191032 743437 394548 800574 289374 203226 537314 582006 404199 477019 149973 740993 673098 179805 630949 778965 257562
464590 505447 296711 732631 94285 569758 264352 495822 186464 257120 280627 418534 291040 261602 244911 196808 280773 320503 296866 122888 214409 474933 546747 220371 522817 518657 616040 331722 999999999 535992 125987 101121 446772 348727 442718 340643 299690 286087 618348 629751 773871 673625 725629 528659 265778 100471 815943 410368 309332 389669 341052 175423 354333 484355 447835 235842 256201 468808 562425 657565 418488 420558 541353 280505 421513 469597 553612 480718 407765 326151 358679 496058 198952 615519 309061 493605 656101 162785 294864 643259 702931 333858 69379 453110 453403 301194 707686 488770 172492 278160 619396 285270 480590 442930 409605 341899 424261 363625 751522 427190
425971 691555 289160 245530 577088 484669 271938 883729 381790 348167 724994 856190 588327 546356 579048 677177 748908 855757 699141 413727 706092 516037 360444 359159 355524 335616 503790 723579 535992 999999999 521293 453330 424038 691626 559064 861815 476785 308347 859259 825393 934775 364545 270539 417216 563799 449612 953972 944332 252423 925660 435111 696145 187083 180781 146673 731607 517517 544531 811784 134680 759375 930672 770865 424152 467383 110316 81257 621730 740976 857745 890915 40618 616350 80391 748869 475917 780159 579492 326255 858916 929008 645295 471849 906732 277865 331373 251205 629625 679381 734556 430017 816996 1016582 728500 524130 549057 886624 227907 380788 926001
356667 380574 242856 684857 219755 458293 269178 409603 139521 321322 212251 352174 167587 379395 123464 155979 229977 361357 205485 145396 327702 574269 453615 164451 429496 428968 504969 238361 125987 521293 999999999 89241 531703 239390 318288 345928 180347 337938 501262 507926 651496 589395 669002 424823 140838 96226 692509 470496 338518 436077 433812 189194 334466 513321 465837 345717 131010 573114 444945 627851 313168 409958 420793 372000 305773 478984 556741 354780 299751 352722 385787 480756 105489 596306 239255 379389 530599 63263 355763 523682 585833 215830 103977 397026 506276 225454 652682 362804 164794 397512 519165 358399 524309 326550 515082 455610 373032 397069 673599 404777
369634 449111 197242 637511 185487 475964 188972 498843 85828 232331 298477 439345 244479 311268 205244 231965 312005 405984 294695 56165 314004 490659 446536 119513 422708 418041 521718 327588 101121 453330 89241 999999999 444212 326054 367027 408863 218408 248837 581209 582277 724134 572512 628051 431348 215193 7201 762855 504219 252453 478315 348973 242815 267192 428774 384041 336177 190227 491747 524901 568704 400460 480733 497627 287543 332634 400208 480925 412924 386306 405163 438448 412789 194134 531138 326143 402426 594899 151596 266540 600984 665342 298082 35560 482400 417584 200157 610467 421546 227183 373763 520499 382018 568894 408463 434813 381801 457073 310703 650593 480087
697658 874481 461334 667248 409869 793792 334666 937371 447677 215900 725785 865051 685102 248706 648804 643560 727540 710008 733848 389896 481435 92036 699969 458905 683752 667719 829462 767957 446772 424038 531703 444212 999999999 770253 766550 763686 625432 216645 1019992 1013220 1149981 759856 694546 728400 655185 437017 1183724 750995 259485 758806 109172 612567 384864 247916 279256 503059 621924 122351 964131 548652 844561 849624 933372 166580 698394 314492 370329 823951 830518 731481 758884 407923 632187 484290 754317 746576 1008066 590426 189766 1036068 1102958 741046 429303 899605 147937 511836 675139 832982 616751 464747 782859 631749 840364 850439 122121 191204 870324 228866 795901 863250
365062 202385 404794 796041 431523 429656 481497 192104 342725 557447 134332 187854 103315 610304 123988 198470 173760 405135 77072 380965 499691 813473 490444 349624 470010 479590 470739 62174 348727 691626 239390 326054 770253 999999999 234859 332406 218708 569717 272364 294851 437831 632444 765289 432830 129453 333246 483806 523794 559629 471037 673202 276479 517633 725646 671891 508803 174928 811519 217786 771270 74791 345577 205196 611388 294936 677003 744425 223951 60363 374698 398606 653496 150732 756024 130292 354084 347958 186496 590153 301248 356317 49183 343255 242850 733813 360301 753174 227296 245261 576392 524212 456541 538527 100240 753075 689811 236053 617426 724589 318485
152440 133037 315675 603959 537002 195613 434850 391309 325235 554614 354450 419256 182762 677503 224275 384214 394759 614611 297753 403909 643554 831617 275417 308491 259288 273702 235890 295546 442718 559064 318288 367027 766550 234859 999999999 555928 149236 549992 301101 267480 389791 411095 564995 209505 193240 372859 419176 733927 515650 686041 690605 457147 423409 647544 588111 659718 187367 839577 257086 605772 265961 578826 214650 633594 92605 580607 628040 63121 248805 590146 617903 527423 303530 606981 359247 125075 242008 309245 576881 299996 370224 192937 399606 473550 687183 261678 556104 71538 424024 715165 294254 645189 761377 205207 786587 743984 469858 564803 503114 553051
657833 532424 588779 1030059 353872 742080 596204 324378 482547 595085 201817 217827 378305 531645 348702 194903 161321 98252 259745 453785 319072 769212 773467 509938 750191 754010 786549 271212 340643 861815 345928 408863 763686 332406 555928 999999999 477160 626133 550660 596542 726439 915289 1012084 729160 379728 413023 776107 201105 649095 144002 654515 167196 675018 824866 786635 310675 413178 753121 508792 972990 349239 87149 514647 600015 592055 806213 888580 555143 354802 58260 69002 821217 275431 938834 202214 661840 669352 298221 632884 588809 621501 365036 394520 207375 791334 568352 996364 559060 182693 383037 825048 190130 206342 416577 695860 613274 177922 704137 1003970 111209
183670 249729 197735 580474 393526 280125 300996 409493 178961 410947 289864 398126 118247 528329 130171 286196 325413 516917 245794 254861 507806 686614 296391 167389 273293 278224 326748 261383 299690 476785 180347 218408 625432 218708 149236 477160 999999999 410252 404915 389612 524563 438708 552881 254589 102373 224050 558782 632898 382901 591356 544792 347593 312436 531927 474572 526057 64061 693127 351576 552570 283077 520120 315474 486660 126136 474015 534671 200296 264537 499577 530638 439882 202566 538544 305798 200061 384905 190859 435912 415387 484433 170481 251736 452256 558260 147291 539593 209254 316514 576399 350712 530322 674424 254194 639222 594945 438729 436355 528490 502806
485120 659871 247217 546029 292861 584607 119787 747357 234728 40366 545713 686891 478224 239211 446034 472357 555467 595730 543405 192735 410375 288267 501257 243059 482654 468530 622750 575966 286087 308347 337938 248837 216645 569717 549992 626133 410252 999999999 809260 799322 934634 582075 558643 521446 448279 242012 967673 666601 61517 658281 158088 461493 191064 203544 180711 435775 411642 303119 753928 442818 644508 706643 721466 123257 482346 211818 296008 607783 629166 607209 638608 275941 442949 386385 573764 532883 791659 400400 28850 823454 891269 536061 244740 727893 169744 296156 538858 616816 456250 429876 584853 538682 747430 643232 260178 255858 701149 87544 633934 712492
447643 168067 599827 894661 703440 447960 705030 243006 574541 804154 386544 338440 336737 879001 377929 465729 417826 640602 340200 632290 769286 1071682 560137 569850 548655 565576 468971 309595 618348 859259 501262 581209 1019992 272364 301101 550660 404915 809260 999999999 68107 175847 679764 851238 489831 366211 588307 225448 751756 786797 694485 929616 541335 713024 935447 877217 776697 398171 1072802 56355 905396 214575 526307 89794 868519 393668 873592 926245 239951 218537 604021 619515 826561 422566 908061 368733 407179 169131 455620 833068 40483 84641 285563 604124 372617 962647 546674 844721 232986 512321 846120 552283 708945 742432 175432 1015411 956673 389966 841075 767228 488719
405291 140332 578231 845499 718482 393604 690235 301850 565570 797603 420046 390528 340400 887309 385189 493021 454604 682833 368597 630415 794310 1069759 511145 556923 501644 519480 410817 341480 629751 825393 507926 582277 1013220 294851 267480 596542 389612 799322 68107 999999999 144327 624630 800263 440705 368269 589186 189004 796907 772098 740484 927346 570561 688977 912897 853827 803654 393750 1073104 88224 863163 250053 579219 89873 867158 358076 847539 895367 204367 249232 647706 665534 794517 440108 869823 405710 361063 101048 468826 824394 38737 104618 296896 608153 429137 946719 524281 794797 196135 539874 870910 496510 745448 793309 194647 1016816 962485 443787 824379 710311 542660
508834 276253 705419 924666 862801 470825 822480 413835 702743 935113 559383 513057 483911 1030734 529129 635218 592108 816367 510071 770946 937519 1209211 597458 691577 592739 612012 474935 481359 773871 934775 651496 724134 1149981 437831 389791 726439 524563 934634 175847 144327 999999999 691009 875348 529184 511300 730954 50114 927543 903930 870199 1066877 712179 812466 1036395 976747 946315 534519 1213629 222885 957577 387523 699837 233872 1007260 473873 967397 1008544 328543 389099 779863 795254 906895 584271 971620 542976 459545 154686 613142 960466 139166 115395 441223 750877 544205 1076665 651379 872728 319589 682064 1014221 564787 883475 916655 337661 1157898 1105201 563463 954211 768807 661711
267382 525756 383584 241071 751958 231806 479955 802086 487958 612196 727067 820283 548103 804780 568650 722203 763690 948084 678542 567536 884829 848645 143079 453953 165510 161587 216702 687142 673625 364545 589395 572512 759856 632444 411095 915289 438708 582075 679764 624630 691009 999999999 187787 201799 539322 573564 694301 1059724 521796 1023032 737565 775681 391172 537080 487862 907832 502383 871721 649538 311507 675163 958043 606965 703971 337512 457542 444031 455800 657318 934448 966357 363126 639914 353873 740504 286217 545835 621515 609149 663148 725752 584554 605846 875289 624583 372552 189353 459724 747212 938040 128223 946300 1108930 616289 837812 836864 866857 533725 92317 938870
412793 690097 431386 55451 788592 407858 485082 947254 543211 595682 839916 949963 670256 796758 680116 817438 872600 1028746 798606 606368 922862 786520 291680 511125 305817 291540 400568 813471 725629 270539 669002 628051 694546 765289 564995 1012084 552881 558643 851238 800263 875348 187787 999999999 361584 654840 626945 880555 1131826 497784 1102777 699444 857834 385929 450043 416147 947621 611901 814703 815975 161845 818165 1066364 772931 680536 479320 380279 334395 617697 799611 1021717 1054788 289932 740930 222407 857827 445725 727217 713998 581197 838236 903285 716129 656366 1004495 548253 444021 19832 622988 833572 964005 310639 1009948 1192222 766882 792151 810317 991604 488523 141869 1052580
71347 329077 279266 405091 616835 68677 403231 600290 356041 540870 534741 620567 354126 709958 380490 540445 572898 771505 483369 443424 742963 808268 70466 324855 63744 83423 101333 489277 528659 417216 424823 431348 728400 432830 209505 729160 254589 521446 489831 440705 529184 201799 361584 999999999 349493 434410 542773 887209 469794 845934 678231 601669 345125 550862 492358 763703 318215 824536 454663 428394 473474 765486 411661 631647 139194 473151 495936 257299 455711 753793 784530 395861 456502 444822 545840 85371 375863 444893 550294 478169 544699 385761 466815 675495 616546 243010 354902 262107 570943 805067 96165 781867 928561 414696 780186 759186 668374 502753 294015 744064
278204 239800 275860 681395 358191 364788 354219 320817 216485 439872 187932 298298 29982 519484 32061 195013 224458 427515 143842 266232 454458 705474 396449 220834 373829 379732 410322 162086 265778 563799 140838 215193 655185 129453 193240 379728 102373 448279 366211 368269 511300 539322 654840 349493 999999999 222249 551825 545799 433670 500765 563421 264883 388249 597113 542836 469279 46345 706940 309970 648366 201873 418738 282575 502312 212635 547572 615227 219009 184804 406631 436489 525247 111800 629983 203427 283883 390370 116994 470487 385905 450205 88558 239912 351780 609029 233240 641296 226435 232026 527980 445323 452507 580770 195374 649911 594217 337089 490856 629747 400633
373272 455821 196678 635794 182573 479748 184045 505810 85995 225233 304903 445848 251572 305098 212432 237538 317979 408624 301628 49281 312164 483522 448543 119930 424779 419792 525385 334587 100471 449612 96226 7201 437017 333246 372859 413023 224050 242012 588307 589186 730954 573564 626945 434410 222249 999999999 769570 505813 246403 480646 341808 246635 263845 422901 378610 334606 196887 484699 532004 565856 407644 485511 504638 280396 337271 395193 476244 419183 393501 408448 441701 409110 200937 527671 332638 406679 601366 158387 259536 607997 672421 305260 32677 488655 410897 201543 609257 427828 231733 370948 523049 383003 571322 415623 427823 375193 463178 304562 651062 485287
528626 313749 734312 931195 905817 481201 853813 463940 737631 969719 607217 563071 525161 1071138 571034 681796 640492 865636 557011 808304 983314 1245050 609314 724827 606515 626142 480470 528948 815943 953972 692509 762855 1183724 483806 419176 776107 558782 967673 225448 189004 50114 694301 880555 542773 551825 769570 999999999 977200 934795 919928 1102925 759116 838961 1062209 1002408 992600 572715 1250443 270924 970136 435690 749940 278852 1043880 499212 991507 1029256 359907 436587 829307 844962 927584 628663 987284 591382 478116 177838 656282 993985 187923 164360 484817 790543 594311 1106024 680496 879054 350875 728656 1059908 570275 931846 966731 383573 1195304 1144511 613561 983757 768506 711823
816542 726025 700444 1141604 373935 909742 672509 523038 588619 629079 389574 417493 551453 502563 513739 350851 350124 119577 447746 533166 269822 732224 922361 620861 898355 898846 955682 464939 410368 944332 470496 504219 750995 523794 733927 201105 632898 666601 751756 796907 927543 1059724 1131826 887209 545799 505813 977200 999999999 705228 58233 646116 285611 764619 869904 843431 247983 570063 708484 709404 1067783 548272 246505 713760 603714 755889 869601 954896 741484 552482 149879 132445 904870 434264 1024352 396255 828709 867046 442322 664564 789822 822258 550021 478135 399476 814875 693399 1114448 746315 316403 297766 983136 128209 91743 613513 657777 572507 373032 752663 1144014 285019
438295 631851 203504 486427 332224 534593 81905 743362 217246 98075 550351 690681 463164 299172 435806 483397 564381 627059 541479 199230 456726 338774 445490 217049 427813 412861 571055 572475 309332 252423 338518 252453 259485 559629 515650 649095 382901 61517 786797 772098 903930 521796 497784 469794 433670 246403 934795 705228 999999999 692744 216173 482311 131791 176989 139075 482269 393412 356781 732416 386000 634005 726467 697827 184760 442107 164545 249945 575533 617701 635144 667388 217979 443793 331826 577665 487532 757572 401779 87410 798283 867192 522225 257007 734695 176093 255787 478025 584527 473005 482261 529011 577026 782932 625956 317493 317214 709526 58588 572558 729121
774869 672775 671995 1115031 366358 865521 653952 464868 560800 622243 337380 359478 504409 512533 468776 306149 297352 74951 395805 512158 279478 746974 883977 591990 860124 861621 911077 411243 389669 925660 436077 478315 758806 471037 686041 144002 591356 658281 694485 740484 870199 1023032 1102777 845934 500765 480646 919928 58233 692744 999999999 651782 247527 742945 861748 831721 260997 527804 725292 652780 1045968 492587 189357 658098 605389 712466 856127 940988 690865 497425 96547 75012 885691 390215 1005116 342240 784558 812140 402264 658762 732752 764441 499408 455053 341319 812615 661064 1085853 695390 276025 320578 942068 127180 90931 558826 672251 586904 314799 742747 1108840 227496
638914 790625 401152 680130 300717 740322 275033 834863 365935 138772 621333 759544 593017 147907 554117 537684 621364 601565 632480 297455 376310 142413 659332 382827 640618 626603 779405 666952 341052 435111 433812 348973 109172 673202 690605 654515 544792 158088 929616 927346 1066877 737565 699444 678231 563421 341808 1102925 646116 216173 651782 999999999 504197 347889 280672 290114 398844 533705 149387 873390 567899 746799 740486 844782 61857 630307 326491 399233 745035 733562 622537 650172 409928 531199 506083 649831 685237 929681 490179 129669 948038 1013449 647031 330048 792774 192338 446873 679635 754011 509349 366632 742926 524998 734613 757428 102154 116280 763172 211095 785149 754353
531128 472451 429079 872417 208037 625837 429194 365138 319893 432154 156586 270419 275198 396874 233186 78385 135224 172606 202127 286608 230410 628877 637250 349234 613308 614384 672084 231748 175423 696145 189194 242815 612567 276479 457147 167196 347593 461493 541335 570561 712179 775681 857834 601669 264883 246635 759116 285611 482311 247527 504197 999999999 509841 658496 619546 235733 285317 617190 489715 809990 326919 245160 481313 446413 471558 639022 721501 473692 323348 164316 197599 655603 153617 773830 179546 544895 622333 156798 469958 573847 622411 287757 227337 293824 628582 414633 841320 479742 33278 306816 697550 188172 335154 376139 558264 480521 262813 537832 861313 252681
322644 549685 114764 384266 406267 411946 99183 708886 194956 221466 540336 674109 414949 418284 399863 490232 562937 671850 517778 231464 539489 468145 315436 174233 298890 283030 445604 544134 354333 187083 334466 267192 384864 517633 423409 675018 312436 191064 713024 688977 812466 391172 385929 345125 388249 263845 838961 764619 131791 742945 347889 509841 999999999 224140 164854 564599 342835 487637 661526 303241 588565 743602 623247 312863 339795 161580 227498 486002 570714 672284 705544 146474 431279 263990 564969 373736 661207 393453 218578 718882 789055 473714 287903 723469 273611 166504 366712 494699 492467 578194 398678 638620 833829 566385 449281 445798 702301 157652 446327 739243
540077 773332 335641 420102 496357 619461 245858 913145 384441 240939 725559 865175 625641 413752 603158 660217 740763 798554 713653 376167 610708 339652 506368 376282 495496 476798 646925 743493 484355 180781 513321 428774 247916 725646 647544 824866 531927 203544 935447 912897 1036395 537080 450043 550862 597113 422901 1062209 869904 176989 861748 280672 658496 224140 999999999 59846 635846 553938 370053 883097 300825 798967 903066 845665 288683 563071 80377 122711 710134 781876 808775 840571 174015 617958 236392 752516 591681 884622 576425 206624 942390 1012450 685076 433963 910247 99979 389105 431006 718837 649866 622715 584311 742101 950971 783622 357211 396873 885581 120733 560602 906081
480400 714456 277489 392120 469764 560866 196663 860741 333081 220788 677818 816321 570946 409957 550341 615990 694978 766124 663118 333869 590761 370949 449622 322302 437947 419521 589198 692123 447835 146673 465837 384041 279256 671891 588111 786635 474572 180711 877217 853827 976747 487862 416147 492358 542836 378610 1002408 843431 139075 831721 290114 619546 164854 59846 999999999 616211 498952 398598 825219 277871 744650 862666 787422 285208 503306 36538 115681 650790 727316 773893 806237 128871 569359 216082 704273 531993 824849 528478 191911 883609 953739 630313 392776 862650 137043 330581 396594 659466 608684 609884 528710 715231 921816 727224 377491 405284 838859 93289 517789 863760
698373 697370 526795 948839 159054 802293 466454 593941 419890 396276 392147 492347 487619 254583 441029 311219 367153 228393 436705 343469 25547 486326 782525 453885 758620 754213 848842 467266 235842 731607 345717 336177 503059 508803 659718 310675 526057 435775 776697 803654 946315 907832 947621 763703 469279 334606 992600 247983 482269 260997 398844 235733 564599 635846 616211 999999999 473623 464299 724465 861673 562496 395223 713941 359352 651120 645687 730787 687826 558340 261047 279688 694171 369389 811895 413948 724410 849136 352395 429247 808560 858090 513080 302123 502497 573055 536150 928935 694924 264459 74021 855078 135675 338027 609028 411637 326239 470657 523291 983544 421817
