NAME : synthetic_000835
TYPE : CTSP-D
DIMENSION : 100
GROUPS : 8
RELAXATION_LEVEL : 1
EDGE_WEIGHT_TYPE : EXPLICIT
EDGE_WEIGHT_FORMAT : FULL_MATRIX
EDGE_WEIGHT_SECTION
999999999 464708 652316 931760 614431 582380 603330 936590 815486 154823 972160 612027 836513 590344 718136 731784 919769 8679 580702 965996 417654 753884 678813 785268 643987 917433 732999 828987 924733 409663 263781 668631 499754 559439 593205 16615 523250 515192 644759 905816 515585 537709 486042 953802 638987 992532 428127 688585 1038387 725906 497269 702400 1006948 614673 977308 854180 770240 940356 756115 807283 521793 773760 830644 819856 337853 985917 693023 490699 639458 661522 109677 105836 104406 320952 523758 127938 172817 768588 723370 161070 592577 826214 793009 558590 120368 956983 952390 239922 355002 648553 594500 751483 817696 845636 666182 934421 467024 791319 550923 359386
464708 999999999 729888 931216 202512 437313 660008 988492 585513 411198 972740 551234 669260 125811 445550 363859 679520 456820 121082 733594 711869 508294 431354 669110 620001 772114 921706 610289 634934 67698 408217 212826 533931 768099 140897 467743 533520 319656 187075 720191 226082 301351 312214 999131 228455 886100 307672 486292 855484 643283 630804 390518 814673 678840 916478 1030336 434332 631332 889282 978619 687357 675012 724577 660607 168413 703808 474135 791072 207927 700205 505265 567131 557534 460633 306380 581761 548765 942697 656028 305023 311246 742111 967196 819254 451639 745157 915684 586186 609588 649038 741837 434593 600773 831769 256164 800272 251774 758233 743507 157889
652316 729888 999999999 285166 929277 345995 70137 286600 466928 508614 323362 222373 387236 791397 502510 645144 528937 647405 822777 544379 343295 471297 463813 298220 157802 401090 236020 455864 604645 671144 411198 789582 197131 201981 745497 668929 196826 437851 783792 446045 541070 473650 431479 302826 685234 410923 422543 402543 528276 237218 156591 555067 517573 51090 359525 315902 608060 643069 166053 266918 156395 270818 303781 369496 764026 628264 425469 352034 720600 58823 555696 650167 624858 342062 458125 628119 510956 238622 215313 660227 512179 274207 259072 290627 532200 510768 321607 456511 324347 120198 107580 573614 449126 215714 692169 398543 488286 195446 178398 778109
931760 931216 285166 999999999 1117466 496720 328474 111707 476307 783224 42303 380878 357132 963116 580218 738894 480684 926328 1002435 466259 618257 523123 559180 296307 316668 293705 380430 452343 581304 882512 679598 934517 443352 457738 909482 948314 427794 612841 936141 374199 714000 637665 619081 105036 824323 214647 633604 488007 376134 294210 441056 648334 388914 317392 123118 362782 676006 623281 278194 345296 437796 277487 251698 349646 999736 572504 509611 609666 864713 270514 838625 934734 909359 613915 628444 913097 795700 350232 277707 922034 653102 217280 350408 532435 811407 423897 72686 741659 609274 296286 374355 644686 452365 99450 821742 269339 679475 173448 443435 1010530
614431 202512 929277 1117466 999999999 620758 859196 1181102 729923 593966 1158243 741502 828681 163041 587907 464131 812093 607721 117674 865653 908152 654261 585991 842234 812272 932127 1124139 756831 747838 267964 605620 239010 734464 970251 220766 613166 732480 505716 220455 870553 403467 479883 503630 1190731 327801 1051760 506851 650003 999462 824999 833285 522197 957383 878187 1091839 1232221 544439 733949 1090158 1180539 889852 851776 897202 822947 276805 815069 633764 988081 288689 897019 676279 720237 715629 661179 489222 739993 727062 1144818 839986 455795 472378 918856 1169238 1019666 628123 884624 1095959 771747 807098 843282 944123 556214 748763 1018418 345923 962088 443929 944033 945869 255514
582380 437313 345995 496720 620758 999999999 280802 564095 235872 432725 537615 128071 262053 467985 182138 302979 338725 574420 506115 383707 517753 186784 136499 237131 200716 356148 576088 247107 360235 394524 331154 450445 199330 473828 416122 596427 176236 117719 447961 327969 217294 141216 130553 572395 342833 458220 168219 110922 464718 205985 327000 217375 429819 299176 480192 661733 280197 385809 511425 612901 385301 239354 291928 247846 528912 413601 122796 573934 380391 298793 532061 636068 612975 306270 131883 628636 525113 583620 219519 504403 167733 305922 604808 555747 480119 375367 478385 509307 430428 236724 405231 247327 235846 397675 347478 380036 188285 323278 443530 535578
603330 660008 70137 328474 859196 280802 999999999 346576 423794 455159 369158 162499 358279 721413 444744 582457 495702 597863 752653 517321 335783 419242 404081 272162 109734 389799 295617 416103 563360 601663 353373 720806 128643 222694 675817 619873 126718 368637 714588 422684 471481 404978 361625 361359 617271 420876 352538 346685 519940 205125 124341 493711 503861 19219 383872 383573 549694 600032 234854 333645 151397 246970 290250 339616 697393 593231 368943 360420 652103 58436 511816 610293 584814 286182 389095 590386 472430 303140 186733 600091 445293 267455 324876 312800 482997 487287 352722 423594 296096 79687 135262 515372 408223 244812 624998 392843 418206 203147 194045 710996
936590 988492 286600 111707 1181102 564095 346576 999999999 575821 794958 107495 439766 459225 1031712 669058 826910 588242 932006 1068537 576292 585835 616029 643443 389638 368929 403384 305352 553336 687419 935160 697551 1011373 472946 418547 980216 953197 463800 675819 1010784 482323 779499 704766 677799 19891 901790 325396 683538 572483 487556 373219 439356 735033 500596 330937 232166 263181 768710 729451 214649 255412 420781 367155 351490 449723 1041107 681787 595111 563329 941160 294876 836899 926893 901993 628626 693308 902745 787867 269322 353076 945965 727524 314550 263449 480546 816984 534101 183190 728540 595649 339703 349999 736231 552256 180619 901832 380139 737971 250875 411186 1053744
815486 585513 466928 476307 729923 235872 423794 575821 999999999 667795 507881 274392 120606 566884 142322 284828 104733 807353 613049 154871 725834 77248 156143 189286 314297 213769 699215 27878 139867 563845 567026 508556 401160 644973 509156 829033 371979 310922 518335 141697 366871 304241 337100 576127 404289 338301 390392 126908 270900 232667 515299 208553 229504 436601 402939 754125 209932 176437 610146 713055 564524 215404 224940 126675 714577 180848 124745 770083 445246 408307 767930 871854 848830 539256 310316 864487 759923 693561 255988 724637 275609 261287 709210 734041 715692 159906 426367 740501 649520 348765 558860 184430 24090 396148 391417 245491 377083 333972 615367 716103
154823 411198 508614 783224 593966 432725 455159 794958 667795 999999999 824211 457223 683313 529600 579483 613400 771349 147895 532276 816169 331816 609748 537842 630605 490001 762914 617638 679831 782754 345886 108971 591657 346417 444091 518082 170534 369118 377373 570715 753023 397779 405085 347723 811422 540549 837912 288192 541112 884610 571086 357566 572001 853789 467831 824323 738154 641845 801276 626426 688792 391269 618943 675821 666400 337391 841680 547405 411887 549588 512745 109539 206720 185885 169395 389028 205404 138499 649895 568685 173496 463512 671581 674974 463431 50960 805493 800800 177887 244048 495992 462750 619730 668571 694788 565497 779671 340280 638454 429862 358055
972160 972740 323362 42303 1158243 537615 369158 107495 507881 824211 999999999 422788 387732 1003295 616212 774823 505590 966817 1042948 487387 651861 557766 596646 332054 358933 316696 399832 483110 607440 924393 721022 973211 485262 489086 949360 988731 469960 654061 975289 398964 754819 678366 660691 94034 862998 224076 675728 525627 387158 334028 479776 684865 404039 357510 129761 369550 710311 649239 300697 357764 473924 314736 284820 381616 1042012 594629 546869 639743 903563 311491 878151 973494 948166 654998 669436 951454 834311 366978 318261 963974 692625 252245 364376 560657 851793 444862 86164 779351 646619 338521 408608 679528 483823 141226 859817 289994 721050 214582 476387 1052770
612027 551234 222373 380878 741502 128071 162499 439766 274392 457223 422788 999999999 239679 592481 282249 422833 360201 604964 628799 392241 452767 259230 242007 174272 72743 307155 456735 272365 413677 501634 348357 578370 132930 375100 542046 627593 103144 236055 575404 310301 339907 266032 239139 449232 470902 383412 253863 184679 432869 114556 240923 332737 406277 179276 384414 536492 387294 447634 385999 488587 291570 161777 218790 221052 622357 452162 206634 495725 508377 171870 541310 646037 621242 299792 253771 632750 519264 460995 116377 565483 295730 218129 481219 462594 497850 370535 373234 487720 382694 108828 295295 352940 262884 281563 475188 322585 299579 209664 344956 632017
836513 669260 387236 357132 828681 262053 358279 459225 120606 683313 387732 239679 999999999 666370 246368 399728 143046 828901 711029 159051 683953 181161 242702 89208 251802 103537 609656 95382 231962 638340 576452 616667 372318 580042 609087 851290 342655 366187 623995 70830 443869 371879 386816 458425 509052 224832 430135 183051 203068 153177 467397 316330 170478 367080 283073 652576 328294 273596 514302 614824 507988 117064 108137 19014 782346 242977 195960 717386 550476 329051 774700 879744 855424 535393 372168 868304 756796 599186 172932 766347 359652 146074 612501 670370 727529 131730 305782 727248 620798 278719 488453 300324 96526 281708 499502 133521 437798 226599 552035 786711
590344 125811 791397 963116 163041 467985 721413 1031712 566884 529600 1003295 592481 666370 999999999 424877 305139 649851 582408 47542 703577 815354 491257 423831 682837 664547 769716 998634 593794 588625 184674 513433 99066 601611 854823 57730 593525 595545 357142 73514 707543 252776 326971 360094 1040319 166059 889989 375208 489058 836547 669296 710953 359296 794506 740613 932407 1101301 384372 577173 955470 1050047 770036 693645 737441 661064 284199 656551 472114 892873 128973 754438 627412 692304 682139 558030 338742 706269 667998 1015862 685457 430834 312624 760433 1039592 913457 572390 721881 938431 701218 711947 697534 817826 394359 585749 864697 186556 799859 303535 790082 828338 269224
718136 445550 502510 580218 587907 182138 444744 669058 142322 579483 616212 282249 246368 424877 999999999 158677 234303 709666 470863 288242 699662 66554 46020 284170 345370 348083 738168 168950 208574 428387 489090 370425 380366 651163 367173 730279 355511 203061 378496 282697 233613 183289 232465 672739 263761 471113 291524 101031 413062 298136 506964 70145 371436 461405 525109 811432 105626 222288 661824 765554 563836 303227 333476 244480 581553 273875 77634 755915 305051 448006 685681 786203 764930 477466 195044 783088 688254 740239 320248 610461 140864 364010 759266 735245 629673 300351 540646 680454 610578 383573 576407 71184 160907 489407 253181 379106 257475 418361 620779 581451
731784 363859 645144 738894 464131 302979 582457 826910 284828 613400 774823 422833 399728 305139 158677 999999999 352489 723104 352672 404892 797019 219306 185394 442813 491411 498150 878073 312701 283793 370694 543004 230106 497295 774114 249843 741199 477242 258346 244493 425383 216831 220360 284439 830960 140837 622521 339488 255066 544272 454617 625132 92372 501936 600364 681470 958778 80935 272508 808371 911319 684900 461802 491521 400027 523307 351458 232061 861615 176252 593743 722935 815040 796932 551203 239572 817930 739145 883740 476080 598696 160237 522588 904050 852851 664214 428135 698657 745318 699776 529472 708167 100414 307216 647693 118633 529757 273920 576046 744038 517476
919769 679520 528937 480684 812093 338725 495702 588242 104733 771349 505590 360201 143046 649851 234303 352489 999999999 911669 696923 54148 812522 176006 256876 231964 386813 189328 752702 92203 103189 662153 669449 582310 491553 718358 592421 933416 461827 415193 595217 106653 466048 406781 441661 584992 484292 304407 495123 231307 193273 292464 598036 292044 151284 505952 385820 793680 271871 144246 656994 756947 642806 259941 245400 159829 814454 99930 229306 851295 523870 470397 870368 974631 951364 638782 413820 966552 860348 741969 313707 829115 373604 283494 754933 808501 818837 78049 419888 838215 741631 416997 628203 256026 103282 416543 467507 218258 480295 367574 689697 815044
8679 456820 647405 926328 607721 574420 597863 932006 807353 147895 966817 604964 828901 582408 709666 723104 911669 999999999 573073 957994 416686 745584 670414 778064 637488 910149 730608 820947 916335 401480 256860 660391 493407 556861 584963 22639 516692 506746 636565 898133 506909 529153 477618 949140 630413 985779 419775 680458 1030874 718936 492651 693787 999317 609379 971102 851822 761601 931873 752601 804708 518005 766720 823637 812291 331303 977596 684798 490369 630990 655995 108672 112568 109675 314829 515242 133542 172384 765972 716571 153657 583962 819451 790460 557384 115212 949134 946470 239152 352230 642405 590690 742881 809656 839835 657590 927277 458409 785125 547913 352881
580702 121082 822777 1002435 117674 506115 752653 1068537 613049 532276 1042948 628799 711029 47542 470863 352672 696923 573073 999999999 750709 829253 537097 468332 725085 700306 814487 1025126 639813 636164 187410 525794 140548 630470 877165 104502 582584 626180 392764 116743 753371 289178 364917 393124 1077646 213486 934096 402650 532424 883067 709246 735701 405943 841086 771790 974721 1130072 431897 624641 985667 1078598 793915 735064 779953 705274 260565 704091 516097 907826 176475 787871 625695 684473 675938 574757 375342 700270 669813 1043756 724754 419804 354989 802056 1067790 932443 572524 768623 979541 707002 726366 732377 844385 441629 631612 903643 234075 844422 334696 829118 851442 243353
965996 733594 544379 466259 865653 383707 517321 576292 154871 816169 487387 392241 159051 703577 288242 404892 54148 957994 750709 999999999 841494 228804 309506 246593 410571 172939 761162 137392 140061 715726 712719 634942 524966 738890 646209 979917 495133 465652 648282 100440 519353 458809 491489 571278 537871 275230 543679 279265 145743 312202 625391 346122 105523 525934 362636 794101 324046 176594 662498 760000 666939 273626 247933 177805 867690 107782 279378 876285 577247 486733 913354 1017998 994398 678861 465172 1008928 900881 747638 331538 879035 427085 284521 759013 829225 862923 42525 401227 876031 774934 437734 646902 309448 148667 411711 520672 197463 531897 370989 711005 868517
417654 711869 343295 618257 908152 517753 335783 585835 725834 331816 651861 452767 683953 815354 699662 797019 812522 416686 829253 841494 999999999 698232 653756 602580 433330 725044 327906 725088 863595 644181 303673 854286 325504 168020 788680 432529 354133 539756 838628 751847 613302 579239 516148 605249 774673 752078 469315 619460 855400 533903 216838 725007 837868 334219 702556 446565 793049 894961 377836 404000 188037 579313 625528 664943 666638 904825 636728 80600 797049 384458 308059 369755 347903 259616 559746 340915 245165 366932 518546 504076 637522 603172 389527 141453 320712 815391 662924 177798 103567 412731 243993 761961 715477 558642 793032 728625 546601 533968 175717 686612
753884 508294 471297 523123 654261 186784 419242 616029 77248 609748 557766 259230 181161 491257 66554 219306 176006 745584 537097 228804 698232 999999999 80879 227185 313735 281994 707090 102961 174271 487437 513151 436495 373439 634168 433574 766846 346008 242100 444932 216292 290715 231061 269834 618508 330267 405475 326013 78782 347981 251475 495630 135596 306708 434412 462165 772913 152976 199133 625000 728862 549412 248888 273293 180735 638935 232136 64106 748969 371523 414430 712990 815637 793361 492711 238977 810213 709889 705883 274605 655768 198868 305894 723570 720994 658856 236942 480061 695958 614972 351102 553752 121788 94515 435496 319181 313182 304947 366957 603949 639997
678813 431354 463813 559180 585991 136499 404081 643443 156143 537842 596646 242007 242702 423831 46020 185394 256876 670414 468332 309506 653756 80879 999999999 266073 307947 346192 698732 179510 245921 407770 445457 379238 335296 607454 366717 691339 310949 164180 384258 289020 210750 150395 192894 648264 269699 466232 250901 71236 424266 270333 462336 93103 383765 421206 512918 775300 146155 263579 625165 728582 519703 281919 318506 237300 558528 308364 50017 710428 311025 410657 643169 744448 722829 432135 159197 740589 644244 702210 291303 576360 120222 345893 721823 690865 587713 315843 524376 635311 564562 346173 534345 112262 169665 465518 263833 376101 224529 392734 577077 559960
785268 669110 298220 296307 842234 237131 272162 389638 189286 630605 332054 174272 89208 682837 284170 442813 231964 778064 725085 246593 602580 227185 266073 999999999 169365 132894 521024 170313 316259 630260 521967 644891 301760 492623 627051 800665 273086 352663 648775 150523 443858 367803 367668 391536 534942 221268 401121 195954 260151 68760 385778 352898 236991 279815 249637 567524 380161 357067 426882 528338 423037 28027 55467 72233 765963 331832 216062 632415 576031 240252 715549 820219 795373 473924 363416 806586 692329 511495 85458 729877 370257 80013 525494 582941 671932 215161 258311 657843 545223 192510 400333 348491 166893 209046 529903 149543 424469 144689 465059 772704
643987 620001 157802 316668 812272 200716 109734 368929 314297 490001 358933 72743 251802 664547 345370 491411 386813 637488 700306 410571 433330 313735 307947 169365 999999999 296073 393818 306372 453724 568275 381714 651096 144909 332147 614499 660067 120916 307630 648131 318658 411814 338500 308870 379159 543492 350289 317714 244985 426235 100618 216493 400209 405756 122406 335755 467483 450994 490658 317236 420648 256501 147264 198392 232888 683085 483822 268049 465734 581083 102744 564161 667259 641972 324108 325822 651043 534487 394870 87303 613049 368233 185299 414040 422026 526146 382564 317578 494861 377599 38245 244571 416546 298500 218699 547402 304696 369074 151971 303130 693887
917433 772114 401090 293705 932127 356148 389799 403384 213769 762914 316696 307155 103537 769716 348083 498150 189328 910149 814487 172939 725044 281994 346192 132894 296073 999999999 601884 186069 292009 739810 654447 718453 433658 602237 712365 932723 405354 465371 726420 83330 546387 473437 484315 398641 611537 124535 523908 285852 130484 198167 509537 417590 116685 393831 197149 625688 423616 333473 500158 594155 540789 149524 99556 111690 881893 278803 299425 748284 652918 347583 848443 953106 928248 606807 472682 939363 824825 584801 208788 857277 463051 127129 594262 691584 804643 130938 230762 789133 673668 312408 507965 397899 190952 241556 601154 31761 537412 211790 576706 886951
732999 921706 236020 380430 1124139 576088 295617 305352 699215 617638 399832 456735 609656 998634 738168 878073 752702 730608 1025126 761162 327906 707090 698732 521024 393818 601884 999999999 686065 834747 857912 546431 1008075 398899 174248 957465 748850 410202 656284 999662 660816 755671 694487 644850 324935 907795 573938 623441 638474 718469 466829 291025 789097 716872 277825 495508 121241 843610 874248 104745 76109 237073 492997 513463 593248 924359 852633 661326 281021 940789 292790 624400 696201 673479 478730 677364 668015 565120 40877 443767 788164 738618 478012 61649 195349 622854 723915 446027 498678 378925 356077 180823 809184 680171 369726 917307 591052 696696 391302 188482 941488
828987 610289 455864 452343 756831 247107 416103 553336 27878 679831 483110 272365 95382 593794 168950 312701 92203 820947 639813 137392 725088 102961 179510 170313 306372 186069 686065 999999999 148865 587083 577443 536240 402046 638329 536078 842810 372494 329527 545837 114135 390029 325300 354765 553076 431646 310602 406359 141980 245308 219411 512407 235969 204397 427988 376352 737410 237550 188263 595009 697344 559733 197378 201874 103649 736889 179816 143672 766797 472674 397058 778334 882686 859347 546649 330263 874432 768158 678994 242318 742140 299609 238967 693962 727925 727066 136946 400881 746440 651676 339383 550559 212299 11293 374457 419054 217811 397221 314564 609047 738903
924733 634934 604645 581304 747838 360235 563360 687419 139867 782754 607440 413677 231962 588625 208574 283793 103189 916335 636164 140061 863595 174271 245921 316259 453724 292009 834747 148865 999999999 627304 687282 511840 538224 784801 532604 937246 509463 409870 527782 208828 437958 391862 438776 685006 423091 407378 496740 249860 285537 368255 654562 246246 245571 575839 488843 883570 204414 42032 742779 844571 704307 343969 339315 245482 781980 68881 238205 909364 459940 545855 886799 989033 966987 666494 403247 984102 884154 827072 391092 818987 346436 377525 841570 873906 832213 176715 522049 869495 784511 487576 698267 200355 155616 512618 402354 321326 466019 458273 755221 779916
409663 67698 671144 882512 267964 394524 601663 935160 563845 345886 924393 501634 638340 184674 428387 370694 662153 401480 187410 715726 644181 487437 407770 630260 568275 739810 857912 587083 627304 999999999 340540 259158 474298 702370 183800 414191 475890 277620 235099 693495 197056 266475 265310 946522 247373 849886 251673 455855 830643 599165 566888 381083 790818 620262 874608 967901 433436 628198 828498 916148 622654 633848 685534 628164 154833 695722 446430 723423 237424 644154 442739 509706 498596 393612 267667 522588 484012 879827 610274 253653 288663 700427 904485 752248 387856 723613 870862 519704 541955 595497 678671 428328 576973 783170 275935 766756 206241 710561 678205 153116
263781 408217 411198 679598 605620 331154 353373 697551 567026 108971 721022 348357 576452 513433 489090 543004 669449 256860 525794 712719 303673 513151 445457 521967 381714 654447 546431 577443 687282 340540 999999999 559416 239140 378197 490451 279499 260803 292369 541737 646545 335485 325444 263282 713269 491156 729018 204756 441311 776968 462127 267867 490409 746830 367420 716717 664285 561130 708538 541583 613436 311280 510033 566881 559259 379230 743733 449685 382931 507667 409873 200936 305299 281915 70217 307456 297552 199553 574994 459764 249851 385942 562687 600252 416296 151082 700343 694418 203366 201576 389161 378999 535974 566256 589226 513152 670886 271184 531098 358650 397279
668631 212826 789582 934517 239010 450445 720806 1011373 508556 591657 973211 578370 616667 99066 370425 230106 582310 660391 140548 634942 854286 436495 379238 644891 651096 718453 1008075 536240 511840 259158 559416 999999999 609352 875385 75428 673341 598578 352497 26221 650242 252894 315932 363417 1018251 110213 841483 393116 448958 773241 641007 727394 300935 730910 739944 892074 1104233 311035 496007 955499 1053857 787847 659148 697734 613873 378559 578176 429181 929059 70233 747062 694795 767533 755291 594670 331789 778973 729650 1021603 659443 512447 284026 724373 1044395 941044 637687 657279 903106 756080 750912 686545 828582 327327 529423 838159 117322 749527 315554 763871 847377 365002
499754 533931 197131 443352 734464 199330 128643 472946 401160 346417 485262 132930 372318 601611 380366 497295 491553 493407 630470 524966 325504 373439 335296 301760 144909 433658 398899 402046 538224 474298 239140 609352 999999999 276893 558957 515934 29833 258678 600764 442742 356782 297810 245988 486854 510680 495120 228005 294818 561906 235668 128091 415476 537237 146641 477906 499780 479500 569479 355716 448453 187612 284518 339299 353574 569063 581153 313112 376267 542552 178330 419407 522837 497623 179299 279951 507311 391611 414376 228465 478715 346655 329606 437996 356719 381421 503416 455365 356236 250176 150062 219320 446641 392037 350808 521951 445569 298468 292080 246934 582472
559439 768099 201981 457738 970251 473828 222694 418547 644973 444091 489086 375100 580042 854823 651163 774114 718358 556861 877165 738890 168020 634168 607454 492623 332147 602237 174248 638329 784801 702370 378197 875385 276893 999999999 818460 575408 297635 531458 864080 642686 623275 571387 514720 438091 781958 610317 482918 558147 730088 426969 149974 691109 718394 212965 551115 295421 753205 820632 209990 247851 89387 466340 503975 561555 757421 815899 578950 153199 811182 254979 451364 527357 503884 313186 552768 500218 393376 209157 407378 615573 622734 475742 233600 90335 448611 707501 508093 327955 204812 301571 94436 719659 630198 408469 795249 600455 559885 397186 30384 775327
593205 140897 745497 909482 220766 416122 675817 980216 509156 518082 949360 542046 609087 57730 367173 249843 592421 584963 104502 646209 788680 433574 366717 627051 614499 712365 957465 536078 532604 183800 490451 75428 558957 818460 999999999 597951 550988 308508 52656 649852 204491 276016 314374 988365 109515 832946 335873 432614 778845 615360 672385 301612 736816 695035 876466 1057602 328198 522322 910501 1006640 732226 638480 681436 604012 308865 600788 415276 864721 75502 706522 620316 692194 680102 529473 289173 703834 656350 973187 632071 437259 257288 705067 996567 880676 563519 664241 883368 684612 685121 648323 776955 337199 528057 811445 131984 742600 260791 736814 791209 296915
16615 467743 668929 948314 613166 596427 619873 953197 829033 170534 988731 627593 851290 593525 730279 741199 933416 22639 582584 979917 432529 766846 691339 800665 660067 932723 748850 842810 937246 414191 279499 673341 515934 575408 597951 999999999 539285 527496 649213 920461 525414 549285 498472 970414 646210 1008410 440907 702159 1053331 741573 513880 713409 1021688 631250 993575 870004 780897 952402 772494 823235 538265 789352 846272 834716 336363 998778 706272 504973 645702 678052 124926 109011 111327 337252 535636 133820 187434 784565 739206 162912 603585 842083 808947 573628 136945 971280 968794 254732 371099 664848 610976 762615 831518 862085 673597 949891 478063 807591 567108 357734
523250 533520 196826 427794 732480 176236 126718 463800 371979 369118 469960 103144 342655 595545 355511 477242 461827 516692 626180 495133 354133 346008 310949 273086 120916 405354 410202 372494 509463 475890 260803 598578 29833 297635 550988 539285 999999999 246254 591157 413144 347255 284285 236657 476838 497595 469861 225915 267635 533146 207745 151453 393475 508028 145749 456231 506651 456096 541166 359926 455823 209087 256598 311954 323943 577402 551747 286564 403006 530805 169415 445559 549475 524365 204279 267247 534599 419500 423061 201776 495225 330014 303825 446033 379926 405881 473667 435869 385390 279979 131783 233231 422845 362543 333105 507488 417982 292062 271166 267368 589946
515192 319656 437851 612841 505716 117719 368637 675819 310922 377373 654061 236055 366187 357142 203061 258346 415193 506746 392764 465652 539756 242100 164180 352663 307630 465371 656284 329527 409870 277620 292369 352497 258678 531458 308508 527496 246254 999999999 345965 426564 104406 40195 29656 685137 252003 572711 89291 188953 564801 323637 381612 198077 527088 387819 597698 751830 268824 425349 603479 701377 442413 356517 407916 354375 416533 472470 186275 606543 284554 398018 484713 583998 563173 293483 21335 581942 491715 669152 336564 414028 98133 423340 691900 604447 427896 465392 596032 491152 441586 340399 477807 243868 318519 513515 263880 491204 72168 439489 502310 421759
644759 187075 783792 936141 220455 447961 714588 1010784 518335 570715 975289 575404 623995 73514 378496 244493 595217 636565 116743 648282 838628 444932 384258 648775 648131 726420 999662 545837 527782 235099 541737 26221 600764 864080 52656 649213 591157 345965 999999999 659970 244061 310799 354904 1018142 114948 848767 381193 452932 785011 642113 716888 309894 742729 733776 897002 1097556 325240 513495 949438 1046914 777100 662061 702227 620435 352412 594762 433927 914104 73519 742661 672937 744260 732391 579134 325701 756171 708958 1014139 659948 487908 283524 727851 1037190 928118 616172 669333 906601 736817 735123 682993 819640 339378 538618 839098 127772 757253 304478 764615 836411 338791
905816 720191 446045 374199 870553 327969 422684 482323 141697 753023 398964 310301 70830 707543 282697 425383 106653 898133 753371 100440 751847 216292 289020 150523 318658 83330 660816 114135 208828 693495 646545 650242 442742 642686 649852 920461 413144 426564 659970 999999999 497078 428222 448977 478685 545765 203702 495095 238708 138237 218423 535039 350104 101852 430116 280465 694356 348297 250435 562064 659767 573497 176346 147495 89253 840546 200309 247100 782906 586808 389015 845179 950219 925957 606143 430533 938968 827607 647205 235964 832096 408950 184190 658669 732952 797623 64832 313344 797968 690631 343031 549869 325060 121795 313313 533113 113568 497109 270567 615359 843828
515585 226082 541070 714000 403467 217294 471481 779499 366871 397779 754819 339907 443869 252776 233613 216831 466048 506909 289178 519353 613302 290715 210750 443858 411814 546387 755671 390029 437958 197056 335485 252894 356782 623275 204491 525414 347255 104406 244061 497078 999999999 76730 110845 788488 161593 660046 144378 260825 633852 422021 474751 195413 593862 490696 692296 853849 258230 443797 706264 803077 535324 451000 499297 434776 348411 505320 250023 684923 187970 502253 507258 598272 580374 356174 86193 601600 526783 770125 436589 388666 92766 518219 793247 691281 448384 526579 693824 538800 511390 444796 575851 244934 379939 614965 180060 574318 66731 540566 594985 349295
537709 301351 473650 637665 479883 141216 404978 704766 304241 405085 678366 266032 371879 326971 183289 220360 406781 529153 364917 458809 579239 231061 150395 367803 338500 473437 694487 325300 391862 266475 325444 315932 297810 571387 276016 549285 284285 40195 310799 428222 76730 999999999 64083 713361 213313 585182 120692 189761 566025 345332 421485 166931 526998 424090 615819 788515 237062 403929 639585 738323 482271 374437 423268 361761 412451 456664 182166 646483 247146 431867 513611 610941 590881 330846 19493 610393 523902 706579 360106 427277 60701 441647 729086 644630 455949 462210 617094 526244 480514 372627 516620 214844 314690 538760 224226 500685 74402 464276 542162 415637
486042 312214 431479 619081 503630 130553 361625 677799 337100 347723 660691 239139 386816 360094 232465 284439 441661 477618 393124 491489 516148 269834 192894 367668 308870 484315 644850 354765 438776 265310 263282 363417 245988 514720 314374 498472 236657 29656 354904 448977 110845 64083 999999999 687869 267251 588662 59648 213224 587096 333876 365452 227160 550068 380841 609607 743308 297858 454734 596171 692440 426198 369506 422474 374152 398585 500890 212369 584415 297215 394794 455072 554359 533518 266765 44963 552292 462473 659341 345110 387564 124515 435679 682525 585389 398240 489834 605612 462899 416852 339697 465166 273323 343652 519631 281485 509239 60453 446315 486021 405038
953802 999131 302826 105036 1190731 572395 361359 19891 576127 811422 94034 449232 458425 1040319 672739 830960 584992 949140 1077646 571278 605249 618508 648264 391536 379159 398641 324935 553076 685006 946522 713269 1018251 486854 438091 988365 970414 476838 685137 1018142 478685 788488 713361 687869 999999999 908459 315745 695052 577141 478515 378545 456536 739349 493032 346152 221794 279979 771398 727024 234535 273932 439135 369955 351284 449654 1054236 677407 599555 583145 948083 308548 854604 945113 920167 644596 702307 921128 806008 288642 359060 961248 734684 315004 282273 500417 834050 528928 174175 747009 614035 351110 368673 739230 552400 183344 907907 374357 748164 255598 430427 1066620
638987 228455 685234 824323 327801 342833 617271 901790 404289 540549 862998 470902 509052 166059 263761 140837 484292 630413 213486 537871 774673 330267 269699 534942 543492 611537 907795 431646 423091 247373 491156 110213 510680 781958 109515 646210 497595 252003 114948 545765 161593 213313 267251 908459 999999999 733819 305971 338989 672365 530921 632542 195743 630179 636282 782608 1000784 218683 413287 851286 950891 693326 548980 588029 505520 393569 491309 319522 846516 41440 640904 648258 731126 715894 516745 230750 738532 675103 919559 549520 492894 175346 614319 941875 851891 589578 557144 793074 693212 672465 579498 729771 228469 424210 728076 28565 642334 228144 653848 753183 385371
992532 886100 410923 214647 1051760 458220 420876 325396 338301 837912 224076 383412 224832 889989 471113 622521 304407 985779 934096 275230 752078 405475 466232 221268 350289 124535 573938 310602 407378 849886 729018 841483 495120 610317 832946 1008410 469861 572711 848767 203702 660046 585182 588662 315745 733819 999999999 622080 402254 163082 268977 545207 540951 182316 419171 94317 573774 548145 447566 469203 550877 564050 224015 167716 228935 987130 382721 418000 762355 775251 368055 914450 1017417 992092 674023 582320 1000714 883623 549520 269284 947617 580380 166332 553931 695476 875730 233612 142249 840611 716374 353651 517154 522340 315404 206414 724287 92816 644770 218404 588765 993651
428127 307672 422543 633604 506851 168219 352538 683538 390392 288192 675728 253863 430135 375208 291524 339488 495123 419775 402650 543679 469315 326013 250901 401121 317714 523908 623441 406359 496740 251673 204756 393116 228005 482918 335873 440907 225915 89291 381193 495095 144378 120692 59648 695052 305971 622080 999999999 264414 632454 359175 336558 286292 596818 371459 635196 727424 356881 513652 583634 675950 396357 399268 454487 416065 369029 557872 266327 540549 331053 392887 395424 494877 473934 214196 102825 492651 403462 641222 367064 337148 181254 463433 665182 548151 338646 539472 626729 405954 367963 343951 442625 332837 395120 534671 323727 547003 78181 463494 455424 378230
688585 486292 402543 488007 650003 110922 346685 572483 126908 541112 525627 184679 183051 489058 101031 255066 231307 680458 532424 279265 619460 78782 71236 195954 244985 285852 638474 141980 249860 455855 441311 448958 294818 558147 432614 702159 267635 188953 452932 238708 260825 189761 213224 577141 338989 402254 264414 999999999 376783 199626 417847 162803 338446 362766 444303 710441 206457 277179 560935 664711 472471 210900 249356 174545 601867 302748 23442 670639 380095 347427 642036 745643 722817 416988 191884 738862 636011 639748 221020 600282 178126 275455 658554 644186 589262 276645 454155 619739 536474 283101 479968 172084 130767 394311 334367 314384 258616 321681 527835 605369
1038387 855484 528276 376134 999462 464718 519940 487556 270900 884610 387158 432869 203068 836547 413062 544272 193273 1030874 883067 145743 855400 347981 424266 260151 426235 130484 718469 245308 285537 830643 776968 773241 561906 730088 778845 1053331 533146 564801 785011 138237 633852 566025 587096 478515 672365 163082 632454 376783 999999999 327376 640017 477267 42340 523464 257399 729884 464169 320431 614755 703213 670660 279191 229884 218836 978457 242939 384327 877471 712728 476290 973392 1078322 1053684 732411 568659 1065548 952008 697925 339034 969121 544488 254513 704893 818850 927843 116164 304492 917972 803797 442853 635664 445932 254711 349787 657290 129936 635296 334973 705193 981477
725906 643283 237218 294210 824999 205985 205125 373219 232667 571086 334028 114556 153177 669296 298136 454617 292464 718936 709246 312202 533903 251475 270333 68760 100618 198167 466829 219411 368255 599165 462127 641007 235668 426969 615360 741573 207745 323637 642113 218423 422021 345332 333876 378545 530921 268977 359175 199626 327376 999999999 317079 362419 305511 214055 276355 523447 400914 407454 377848 481137 355288 48863 104858 134597 727818 391348 222557 564739 571027 178440 652576 756847 731821 410821 337572 742313 627164 460951 23493 679048 358908 104846 476914 517282 610771 282677 272402 590976 476888 125543 335899 367356 213343 197156 529553 210317 393251 123086 398870 736127
497269 630804 156591 441056 833285 327000 124341 439356 515299 357566 479776 240923 467397 710953 506964 625132 598036 492651 735701 625391 216838 495630 462336 385778 216493 509537 291025 512407 654562 566888 267867 727394 128091 149974 672385 513880 151453 381612 716888 535039 474751 421485 365452 456536 632542 545207 336558 417847 640017 317079 999999999 543540 621467 128178 506299 403094 607171 688059 273924 351464 60809 362769 410248 448400 638647 692134 437415 254806 662412 179658 399250 493741 468398 197694 402934 472099 354645 314147 302045 517223 472836 389996 339139 228752 377647 598690 472625 301992 172261 197303 113375 574090 503246 364864 645466 514641 412411 327412 120705 654828
702400 390518 555067 648334 522197 217375 493711 735033 208553 572001 684865 332737 316330 359296 70145 92372 292044 693787 405943 346122 725007 135596 93103 352898 400209 417590 789097 235969 246246 381083 490409 300935 415476 691109 301612 713409 393475 198077 309894 350104 195413 166931 227160 739349 195743 540951 286292 162803 477267 362419 543540 999999999 435210 511279 595159 867692 70756 248838 717408 820624 602388 370908 403036 314624 535814 314795 139941 786062 236707 502778 680525 777680 757761 488823 183618 777323 689623 793665 383776 583030 109828 432882 813620 772183 622876 362689 610128 688679 631106 438372 621706 49688 228745 556206 183613 448757 235379 484161 660838 533678
1006948 814673 517573 388914 957383 429819 503861 500596 229504 853789 404039 406277 170478 794506 371436 501936 151284 999317 841086 105523 837868 306708 383765 236991 405756 116685 716872 204397 245571 790818 746830 730910 537237 718394 736816 1021688 508028 527088 742729 101852 593862 526998 550068 493032 630179 182316 596818 338446 42340 305511 621467 435210 999999999 508824 275111 735306 421861 281704 614303 706080 655203 258725 214544 187602 939415 207190 344949 863463 670495 463506 944636 1049667 1025234 704574 530234 1037738 925301 698478 319422 933876 503947 243806 706896 807922 897891 73860 319176 893414 782207 425373 624232 403609 214101 351845 614997 126484 597048 328096 692547 942076
614673 678840 51090 317392 878187 299176 19219 330937 436601 467831 357510 179276 367080 740613 461405 600364 505952 609379 771790 525934 334219 434412 421206 279815 122406 393831 277825 427988 575839 620262 367420 739944 146641 212965 695035 631250 145749 387819 733776 430116 490696 424090 380841 346152 636282 419171 371459 362766 523464 214055 128178 511279 508824 999999999 378122 364517 566559 613004 215662 314704 147367 253850 294495 348614 714774 604078 385223 354639 671200 51600 521463 618796 593346 299438 408256 598217 480358 284514 194466 615108 464089 269677 306064 303298 494306 494881 345027 429717 300404 88985 122594 532191 420403 237106 643867 395348 437379 200786 185252 728566
977308 916478 359525 123118 1091839 480192 383872 232166 402939 824323 129761 384414 283073 932407 525109 681470 385820 971102 974721 362636 702556 462165 512918 249637 335755 197149 495508 376352 488843 874608 716717 892074 477906 551115 876466 993575 456231 597698 897002 280465 692296 615819 609607 221794 782608 94317 635196 444303 257399 276355 506299 595159 275111 378122 999999999 485505 611332 530060 391256 466006 515856 241472 195039 281455 1004067 470391 463104 704307 823900 326740 892063 992568 967087 656368 610107 973568 855641 468056 268592 947639 619873 174392 470226 632225 858177 320258 50837 807403 678484 328815 461030 582862 379029 143916 775977 167568 668396 185993 532545 1012479
854180 1030336 315902 362782 1232221 661733 383573 263181 754125 738154 369550 536492 652576 1101301 811432 958778 793680 851822 1130072 794101 446565 772913 775300 567524 467483 625688 121241 737410 883570 967901 664285 1104233 499780 295421 1057602 870004 506651 751830 1097556 694356 853849 788515 743308 279979 1000784 573774 727424 710441 729884 523447 403094 867692 735306 364517 485505 999999999 916881 924563 150494 51757 353200 540099 548523 638174 1040613 892654 733803 393430 1035655 365037 745477 815898 793468 595688 772449 787374 685884 89344 499965 907970 828072 510742 64120 309475 744023 754139 434689 619225 500156 429342 289922 882524 733069 384242 1008040 609220 797888 426194 308367 1057255
