NAME : synthetic_000203
TYPE : CTSP-D
DIMENSION : 100
GROUPS : 8
RELAXATION_LEVEL : 1
EDGE_WEIGHT_TYPE : EXPLICIT
EDGE_WEIGHT_FORMAT : FULL_MATRIX
EDGE_WEIGHT_SECTION
999999999 586590 708953 586643 287088 301914 358640 572148 284618 732626 358991 100284 134465 606096 225141 735334 551406 238242 342248 345272 734331 832633 235300 386268 182210 200690 845667 775340 409668 188983 462841 496593 521084 579180 700406 636655 685589 786377 583681 366249 691898 567155 700118 400338 304418 253213 94197 399820 633940 481298 138961 497155 56486 890527 621448 359395 291672 576091 197920 479887 273561 575888 591776 610908 355021 105125 379325 385575 640594 489621 409188 757963 752893 331539 504433 564006 474179 290997 493833 246677 791442 521935 278979 358778 225528 748876 419002 96325 372347 504081 690641 422299 573615 473482 655136 356521 268986 396059 351540 676875
586590 999999999 163623 707867 320771 582958 228827 785484 476635 681856 231342 620710 539041 694880 775201 377979 321783 348477 369467 569837 366903 255724 363054 463130 426518 505815 298599 188823 210102 694560 263482 90833 825816 639883 785100 373605 339448 210218 12177 717394 129951 1056210 695229 876218 813434 804813 592022 498360 730177 398791 713846 693448 578106 769822 161753 316340 865057 1096628 645545 270672 557602 71492 93717 473677 375545 524026 486489 390538 667704 631710 555421 860879 288305 377323 211626 945604 286586 860412 889547 341109 404542 367472 307976 662689 800929 238267 948832 675508 643445 989031 878767 240808 976640 507986 487689 400685 495470 227101 855309 104431
708953 163623 999999999 699583 467332 641019 355933 793328 634327 625493 373431 725777 637862 678994 874894 264681 294924 474373 430064 730698 251692 134521 474743 626186 534267 655584 140625 136394 368102 787855 426947 240747 854355 624328 756583 306380 243288 94387 174379 770263 38354 1122840 651182 947539 898325 903583 728668 527418 711603 400605 843049 708578 690689 682663 107350 476404 971044 1173035 792637 433478 714197 227775 117344 427762 429845 660802 649299 430623 637387 641777 718604 830001 143750 440478 234411 985595 304696 964449 937390 463929 272933 353039 439565 711427 909797 80098 1033723 802498 804305 1057137 870253 304312 1020795 513526 426614 450316 563452 384753 936113 67238
586643 707867 699583 999999999 654515 284731 583773 113261 793821 209484 628905 503472 455497 36533 540372 509379 405064 563995 381681 889933 519253 824285 511540 872550 490639 734394 771577 831340 700689 467573 807971 667176 221047 78039 113840 410597 490901 792087 715510 275978 714483 562410 155467 449245 480632 551630 677259 236580 48148 309450 687519 100571 530342 361924 597381 748790 630301 641536 783298 827712 824904 756532 634139 287371 367419 650531 879289 336750 105358 100953 935422 178369 624002 381208 497101 359109 421289 615793 348166 552840 555741 348603 587110 244809 607972 673557 569099 652907 937699 515267 171723 479760 401134 201268 311566 342382 338718 701787 484221 723528
287088 320771 467332 654515 999999999 418303 125948 689136 184067 724987 94327 350010 293078 658490 502444 577880 421581 93535 280874 291266 572176 576044 145238 228168 188452 188424 607949 506753 123732 439368 186261 230937 683798 612725 760128 509381 527062 530115 315093 540147 441921 825903 712951 647531 564344 531982 274126 418853 693459 412064 400848 596119 297111 860435 403923 97358 578199 848176 325829 205566 255881 295944 353794 542587 297205 207195 241488 333954 663775 555911 308832 831656 549339 278140 323702 770494 338919 576660 703912 102505 625881 423959 69289 502219 512097 524877 692217 365766 360886 759389 803826 256423 791462 472464 578461 318489 332208 109263 610804 421208
301914 582958 641019 284731 418303 999999999 390394 281675 527282 444301 425108 222008 172141 305076 297619 557528 382946 325055 214960 616293 561572 775540 275519 615454 232957 459781 754153 750140 498834 208981 595588 513415 265804 283036 398496 445179 516698 733663 586334 134641 640430 481824 405672 308530 278379 318391 392996 143605 332114 275979 408049 197827 245619 605597 534799 515613 399137 534847 498854 615764 548468 608675 540223 371672 212205 370590 618261 211892 345071 188884 667878 457339 624935 206164 406662 366405 339203 387065 307096 318184 614743 330604 360072 85100 358587 648664 406570 371223 658862 416319 400598 345841 394890 209608 415717 190706 91258 494250 306941 637853
358640 228827 355933 583773 125948 390394 999999999 636297 309696 625514 48039 393284 314990 581721 548484 452124 301191 120515 202774 416333 446291 474985 136762 342133 200435 309289 495672 417129 116918 470927 224777 140771 651519 531483 681720 387241 401427 428652 226928 523064 335399 843787 620198 662882 592687 578235 372736 349110 617668 309163 489024 541380 349422 751862 282293 187283 636675 877997 440868 244267 381506 229845 239111 432286 216425 304912 358891 248033 576370 490912 428535 755968 426161 204900 198159 756238 221229 632356 694427 112352 499935 311227 83647 474975 572287 406537 726902 449471 486620 776367 744452 136656 782819 388628 464825 241896 299138 118952 636347 318836
572148 785484 793328 113261 689136 281675 636297 999999999 808793 316138 678218 479140 450683 148467 483567 617612 498887 595907 434965 897566 626933 921483 543900 895431 510644 741112 873825 921771 751964 424407 855922 735373 115478 187851 174697 514958 595880 887027 792031 219459 805081 456045 260366 361156 410035 489484 665911 290892 140002 394458 654523 94928 516093 458788 688478 785983 563676 537663 769772 876042 829124 828049 718647 394664 423283 650258 899110 399128 217085 153988 949535 201832 727466 431676 578842 247746 501928 548601 244775 586747 665693 440316 625372 213371 551682 773431 480250 624575 938053 413522 119219 548861 289844 281132 422075 396986 358202 750678 404588 811573
284618 476635 634327 793821 184067 527282 309696 808793 999999999 889989 272769 379943 365277 803584 505482 761814 604048 245322 443901 107799 755954 729914 292943 102081 303187 85028 773590 650637 266797 472268 249576 393597 780453 763177 904643 692445 711064 685550 468391 626842 604812 850669 872048 684830 588875 531675 214463 566625 836764 584568 337862 721274 325310 1032422 581894 161733 553252 854335 200032 258657 81722 433286 526321 718174 460616 179988 95377 498315 818777 692926 141623 972102 728127 438471 507718 841422 520642 556634 771596 259504 809280 602330 245021 603334 490210 698205 698279 318866 176934 788333 927365 439526 854274 629320 756106 477730 455911 249921 635877 580868
732626 681856 625493 209484 724987 444301 625514 316138 889989 999999999 673542 664534 598256 173240 729076 384660 360632 645665 446650 994091 397111 732299 597055 952849 597536 845561 662059 761880 736538 647806 844849 667723 429115 165766 171871 319622 386369 709352 691949 474287 650040 770961 55992 656640 679798 744009 815401 335025 176364 316355 850462 302025 678987 161700 539185 809239 824524 850809 920478 862929 936284 743463 593732 208285 429954 775378 964456 392391 107785 265214 1028072 227192 516316 451587 477890 563670 416060 810623 557265 632035 416234 323531 655866 431904 794746 578295 776117 811901 1051367 724718 316573 495844 605742 264210 199189 412290 464604 742402 688025 666650
358991 231342 373431 628905 94327 425108 48039 678218 272769 673542 999999999 405184 333279 627763 560657 491616 346804 125398 247256 377625 485087 484880 157617 297357 218602 282714 514050 419552 74167 487835 179085 140527 688770 578045 728114 431651 441489 438712 226971 555749 348905 867054 667959 686411 611515 590493 360751 393285 663626 357188 483006 583426 357331 799548 310405 140530 644431 897288 419235 198912 348129 217364 259477 479973 261589 292714 315138 294329 623675 534814 385411 802074 456267 248404 239458 789041 268107 641208 725697 122604 537473 358785 81770 510150 579056 430594 744049 445336 449241 799751 787878 183473 814108 435228 512024 286546 334187 72927 656350 329182
100284 620710 725777 503472 350010 222008 393284 479140 379943 664534 405184 999999999 90571 526065 155551 715383 530268 279800 320851 445299 716180 855143 257659 480387 194408 297779 857213 806968 466093 93417 534186 534043 422364 504909 616358 609820 667891 809546 619675 268260 713636 480144 627427 307085 216367 185383 193020 341515 551431 444677 186155 409626 55932 825064 630029 434120 245656 498268 292569 552563 373637 620940 610860 565501 329997 200378 475252 353516 566928 410458 508326 670031 750713 309359 505124 464219 461019 240051 394066 283524 772774 491817 323548 266700 184203 755944 342222 149542 472155 415037 596584 425404 474928 415104 610394 324105 215438 454676 263523 702229
134465 539041 637862 455497 293078 172141 314990 450683 365277 598256 333279 90571 999999999 473413 237685 625853 440626 210520 230626 447904 626397 768344 178304 459614 115038 292029 767998 723290 399723 155974 479269 454747 415191 445056 569324 521414 577998 723049 538847 261842 627031 535168 565727 355431 278369 266885 221954 266471 502253 358527 259507 369836 81496 756533 540732 385358 333406 564118 328128 498642 378694 544704 523931 483457 240280 199577 459170 265444 506325 357061 503233 629401 660206 219167 415066 483472 370514 326588 415089 210883 683118 403888 253685 240004 273820 666202 411962 218155 487534 468146 569900 335948 501393 340397 528154 235919 135894 390281 323079 616770
606096 694880 678994 36533 658490 305076 581721 148467 803584 173240 627763 526065 473413 999999999 570061 480590 385891 569528 381520 901629 490857 801617 517382 879479 500781 746967 746201 812077 698413 494830 806460 658394 257544 55271 101698 384946 464486 770658 702974 307742 695436 598943 119846 484409 513133 582324 695343 239777 36105 296278 711223 132306 550125 327330 578498 751379 661601 678001 801531 825988 837859 745984 618317 260359 366476 665613 887190 333696 68975 116475 944966 174317 598184 382150 483363 395226 408750 647240 384676 557779 525483 331196 590262 272748 637286 649742 604158 675598 951447 551652 191843 471865 437281 194069 281461 342413 351279 700394 518152 705696
225141 775201 874894 540372 502444 297619 548484 483567 505482 729076 560657 155551 237685 570061 999999999 841464 658874 435259 456546 550219 843787 1005883 412331 607559 348716 420474 1003274 960539 620587 92239 684151 689176 395638 563430 645428 731602 796605 960669 774460 266820 864645 346354 683958 196856 97049 29837 294635 439024 587655 561914 208628 439895 205445 890458 776179 582009 102680 350951 367374 701903 479990 776477 761496 668383 462672 329055 598313 479335 623773 463973 619126 685059 889728 445109 648807 388092 597301 92419 321687 439071 899174 613653 478966 298035 68195 900323 193884 200777 559838 286753 590131 571641 385857 507202 712745 451285 332584 608704 138456 854436
735334 377979 264681 509379 577880 557528 452124 617612 761814 384660 491616 715383 625853 480590 841464 999999999 185246 540092 395865 868312 13258 351940 514096 786027 554794 754068 277475 395863 524227 749233 615625 409718 703621 431489 537838 112855 51306 335158 390057 663544 297683 1016739 421381 858047 835725 866413 785870 416480 507302 281769 873951 550055 698756 420017 216424 626951 943910 1081393 873462 628387 832114 449231 285582 222966 385574 724350 805343 363187 424334 483088 876067 605441 134306 407171 254249 844132 261766 933799 810442 525891 57712 228191 523148 603985 892157 201292 963168 831142 938726 956382 669136 328645 883847 368404 199913 392133 509023 537279 863756 321632
551406 321783 294924 405064 421581 382946 301191 498887 604048 360632 346804 530268 440626 385891 658874 185246 999999999 368910 210708 711824 185964 422835 336628 643324 372329 585414 382121 426392 397101 566793 501265 310594 565484 330816 469022 89395 137985 388241 331619 499808 309624 856124 373837 689551 658761 684516 605821 249210 419497 112352 689679 416296 513746 462419 192615 487294 760983 915293 697336 517650 668387 382887 236656 152381 200350 546585 659844 179542 350047 348757 729045 544099 243941 221975 119928 700956 84051 751292 658483 354286 242514 59279 359448 439635 708013 278185 789315 646871 779217 793075 576248 165347 738190 221280 172570 207919 326413 406493 689680 320076
238242 348477 474373 563995 93535 325055 120515 595907 245322 645665 125398 279800 210520 569528 435259 540092 368910 999999999 199043 351607 536300 595313 52535 310560 98700 216542 613107 537151 189212 363469 273716 258882 590732 525473 671222 458301 488799 548994 345857 448636 455264 745659 629916 565655 487739 465096 256453 329834 604060 339545 369004 503192 232320 787102 393855 190865 519755 773364 334498 293657 301429 342005 357070 473781 215754 189933 319999 253403 578577 464613 382420 741771 533220 194293 290218 680191 284920 516227 614488 14699 592302 360265 43801 409258 454676 520437 619402 329113 414671 678580 711039 211539 702466 387606 512715 234204 238682 179960 533118 439249
342248 369467 430064 381681 280874 214960 202774 434965 443901 446650 247256 320851 230626 381520 456546 395865 210708 199043 999999999 549160 396034 564267 151704 507332 168454 405552 550624 535419 319555 365809 426340 305727 459798 333419 482541 294473 347526 521325 373533 348616 427021 694832 432277 517918 469815 483698 403431 146337 417177 146271 479780 340099 303085 589282 325879 370892 557189 743050 500951 446133 494696 400616 325818 281432 16718 349627 518154 54414 383025 288148 581425 555759 433191 11526 196625 576219 141006 548546 520356 185389 452896 180373 211655 293238 501362 446191 604606 437017 609428 628510 541770 130882 607224 191852 323199 39299 133390 320165 506416 423345
345272 569837 730698 889933 291266 616293 416333 897566 107799 994091 377625 445299 447904 901629 550219 868312 711824 351607 549160 999999999 862197 818880 397573 121166 401310 156514 868348 735593 363046 533192 322941 491103 860361 863203 1001983 800156 817727 775725 560688 705323 699427 895898 974398 739999 640790 573370 257840 667186 934014 691151 357825 812962 394592 1138311 684249 254333 580346 889631 195042 326596 71734 520044 626223 825175 565841 249769 96750 603518 920011 789019 71876 1067662 830505 543233 614491 909269 628440 586384 839096 365989 915028 709870 352801 687904 522345 797507 737203 351341 73625 836933 1016702 547195 918179 731967 863453 581952 551224 346744 686465 674210
734331 366903 251692 519253 572176 561572 446291 626933 755954 397111 485087 716180 626397 490857 843787 13258 185964 536300 396034 862197 999999999 338817 511429 778685 553320 749577 264949 382650 516226 751588 606547 400487 711776 441286 549329 118454 48742 321901 379009 669242 284914 1023077 433291 863293 839536 868982 783483 421268 517962 285603 873090 558257 698555 433265 205619 619617 946121 1087079 870124 619065 826878 438250 274899 232317 386195 721467 798221 364891 435302 491066 869005 617304 121164 407408 248923 852043 260253 936169 817546 522194 57112 231415 518404 609531 893784 188035 967623 830293 932888 962368 679884 324761 891582 374923 210800 393616 511217 529496 868128 309073
832633 255724 134521 824285 576044 775540 474985 921483 729914 732299 484880 855143 768344 801617 1005883 351940 422835 595313 564267 818880 338817 999999999 600889 706550 662023 761533 94344 93504 464791 919854 500408 345145 986208 747736 873819 419895 346291 46340 262611 904620 141537 1257361 763432 1081940 1031696 1034817 845152 660717 832969 531517 963977 838790 817815 768902 241348 568428 1100768 1307313 901224 502073 811356 298897 244416 544726 564284 777037 730857 565028 755559 771466 797154 945474 217657 574580 368920 1118665 438754 1094640 1071279 586063 339345 481857 557562 845666 1038637 154246 1167246 924415 892114 1191644 993446 437337 1154254 643554 536900 584837 697625 481822 1069933 156247
235300 363054 474743 511540 145238 275519 136762 543900 292943 597055 157617 257659 178304 517382 412331 514096 336628 52535 151704 397573 511429 600889 999999999 362252 63733 255024 610581 549607 228269 334191 320404 277040 541305 473849 619059 425629 463123 554887 362139 402021 459496 709804 579753 529041 456358 442015 272268 277830 551801 295845 372313 450940 217006 740985 386190 242215 502443 741926 360726 340539 343338 366400 357998 431003 168345 210403 370931 205986 527630 412088 431931 689394 519616 145681 271937 634683 253848 497491 570117 42998 568176 321512 84753 360263 438951 513623 590264 330545 457885 642452 658723 190083 658406 337106 471343 184789 187562 221499 500446 446393
386268 463130 626186 872550 228168 615454 342133 895431 102081 952849 297357 480387 459614 879479 607559 786027 643324 310560 507332 121166 778685 706550 362252 999999999 385081 187090 761120 620903 265015 573163 206633 391090 873551 836005 981112 728931 736715 664550 453146 721354 593038 952693 939532 786161 690657 633701 315787 640073 913679 640184 436193 805578 425233 1088355 590171 159078 653935 956214 287498 208012 152956 408146 527960 769935 523873 281315 24947 561050 888963 772285 92542 1050779 735254 503679 536352 939669 562670 657701 870101 323115 829019 650352 297038 694331 591443 696719 800279 419511 189905 890214 1013041 478462 953657 697789 804808 543923 538515 250350 737716 566631
182210 426518 534267 490639 188452 232957 200435 510644 303187 597536 218602 194408 115038 500781 348716 554794 372329 98700 168454 401310 553320 662023 63733 385081 999999999 248718 668383 612563 286602 270685 372043 340772 496949 461926 601614 459388 504615 616203 425753 351726 520497 648664 574568 468220 393387 378372 235159 266303 533696 313871 321106 420513 156494 747836 442338 284884 439691 679108 332925 391885 339811 429882 418248 448200 183386 182105 389924 218402 519195 389762 444783 668941 571139 159082 322693 582274 293094 434427 516150 96888 610410 348193 140374 315401 376758 569505 526889 278533 454662 581426 627986 240710 604008 333510 490799 191859 153570 278174 437885 508302
200690 505815 655584 734394 188424 459781 309289 741112 85028 845561 282714 297779 292029 746967 420474 754068 585414 216542 405552 156514 749577 761533 255024 187090 248718 999999999 796169 688179 298518 389223 308970 417500 705980 709947 846862 674793 702788 715970 499140 551316 629489 765829 823286 601007 504456 446651 130447 514931 778911 550760 257281 656510 244233 993597 590921 208551 469386 769377 140823 321599 91142 472414 542188 685988 421951 97529 178744 459195 767750 633575 212355 911825 735420 398395 501154 761147 501393 472395 691113 231202 804810 575528 231409 531967 405848 713036 613262 235408 205965 703730 860226 425827 772698 581910 726327 435500 395910 281690 551358 607946
845667 298599 140625 771577 607949 754153 495672 873825 773590 662059 514050 857213 767998 746201 1003274 277475 382121 613107 550624 868348 264949 94344 610581 761120 668383 796169 999999999 178837 506891 914396 558235 380442 946875 693875 811569 361266 282305 110806 308134 878217 168967 1233999 697313 1062644 1020315 1031410 868292 629187 775693 494223 980986 796021 824794 686438 227269 614467 1101293 1288942 933241 562667 853857 355313 256561 486096 547853 800565 784716 542338 695269 728065 853137 881002 148274 561646 354869 1083050 415237 1093986 1040055 602204 255636 441074 579310 818321 1041403 105517 1154674 940017 941969 1169606 937489 432062 1120292 602322 472165 565442 682913 523701 1055907 194516
775340 188823 136394 831340 506753 750140 417129 921771 650637 761880 419552 806968 723290 812077 960539 395863 426392 537151 535419 735593 382650 93504 549607 620903 612563 688179 178837 999999999 389668 877766 414271 279391 976804 757112 891678 442733 378608 70004 192581 882635 116892 1229772 787328 1051463 994111 989973 779675 647426 845246 527371 902447 834591 765766 815692 233981 488962 1052050 1274654 828806 414409 732351 217380 210162 563474 538142 711839 645486 545031 772377 768827 710422 965470 265866 544779 348633 1104312 424041 1046983 1052716 529481 395501 483023 496799 825280 988375 196491 1129875 864277 808337 1163122 1002637 404793 1137947 640761 563003 561064 666956 406537 1034537 112646
409668 210102 368102 700689 123732 498834 116918 751964 266797 736538 74167 466093 399723 698413 620587 524227 397101 189212 319555 363046 516226 464791 228269 265015 286602 298518 506891 389668 999999999 552093 108844 128068 762832 647825 798163 477273 476066 419834 202322 628795 338040 934813 733866 754650 676659 650332 396616 465865 734393 421111 524332 657117 415393 856585 325172 108906 699737 962082 439207 127856 347544 174586 264000 537971 333334 330391 286359 364733 691590 607609 357070 872596 470517 321315 281693 861966 323968 697609 798065 189736 565230 416706 146270 583915 633775 434631 807464 489495 436564 867689 860993 241112 886422 505012 567002 358738 408065 17031 722222 314145
188983 694560 787855 467573 439368 208981 470927 424407 472268 647806 487835 93417 155974 494830 92239 749233 566793 363469 365809 533192 751588 919854 334191 573163 270685 389223 914396 877766 552093 999999999 624752 610701 351840 483084 576705 639385 704461 875034 694572 205308 779068 387668 605073 213675 124984 118041 276603 348356 515562 469759 232041 368476 149334 809504 687674 525898 194834 409990 368127 643435 461481 700555 675822 577784 371370 292318 567416 387274 544420 384268 598043 622768 798758 354442 559573 377163 506213 184582 307138 365234 806943 521416 407154 222778 149625 810877 256297 207258 554801 322089 537590 483776 384997 417805 622323 359379 240424 541594 171556 770062
462841 263482 426947 807971 186261 595588 224777 855922 249576 844849 179085 534186 479269 806460 684151 615625 501265 273716 426340 322941 606547 500408 320404 206633 372043 308970 558235 414271 108844 624752 999999999 206146 861135 756230 906493 578266 569597 459040 252568 721971 391995 1011826 842667 833746 749619 713324 428257 572328 842383 529786 559101 761325 480034 962598 406364 104366 753921 1032315 445282 20208 329487 203199 339370 644898 440598 368766 231247 472796 800388 713754 296747 980727 546587 427397 383345 953886 430911 753763 888154 278407 652088 523926 235658 680513 687899 501226 875781 529743 394880 945442 966545 349063 976051 613380 672577 465629 506169 106185 796301 364547
496593 90833 240747 667176 230937 513415 140771 735373 393597 667723 140527 534043 454747 658394 689176 409718 310594 258882 305727 491103 400487 345145 277040 391090 340772 417500 380442 279391 128068 610701 206146 999999999 765516 604559 753469 379623 364419 299180 87099 647945 212361 979000 673870 798314 731427 718909 501254 444674 694347 364588 623090 641399 489883 772011 201276 236938 777293 1016056 556481 218686 473500 95305 136906 461148 314704 433235 413177 336247 639516 583483 483542 829281 344627 311864 190813 879202 254235 773080 820387 252250 446090 344709 217679 595766 712726 306626 866209 584903 564601 911622 835376 187591 908301 465960 482972 340877 423544 144418 774364 190478
521084 825816 854355 221047 683798 265804 651519 115478 780453 429115 688770 422364 415191 257544 395638 703621 565484 590732 459798 860361 711776 986208 541305 873551 496949 705980 946875 976804 762832 351840 861135 765516 999999999 287093 289111 595679 676317 948739 830929 155185 861650 341849 373801 251018 312302 396706 614983 329697 254205 454830 583510 153573 467557 574180 747418 781009 465690 422545 714408 881327 789721 860386 768611 482513 451508 610597 874056 435619 326382 220852 917977 306092 803836 453830 628524 141541 552768 450426 129316 583988 754917 506241 625782 181624 462390 843614 368381 558610 893168 298050 197516 585084 182737 344558 515212 425745 355141 758984 299627 864659
579180 639883 624328 78039 612725 283036 531483 187851 763177 165766 578045 504909 445056 55271 563430 431489 330816 525473 333419 863203 441286 747736 473849 836005 461926 709947 693875 757112 647825 483084 756230 604559 287093 999999999 150413 332747 412932 716276 648057 309827 640416 624062 122712 496775 514831 578243 665922 196594 90309 241518 691032 142847 524070 327034 523431 704240 658783 700151 771967 775599 801069 691524 563051 209332 317860 632075 844665 283743 62036 99472 904058 225518 546166 334948 428312 427963 353985 644913 409401 513207 478370 275932 543969 266144 629327 596410 615287 653731 915410 572834 245978 418606 469594 142855 234395 294761 316838 650379 524823 650509
700406 785100 756583 113840 760128 398496 681720 174697 904643 171871 728114 616358 569324 101698 645428 537838 469022 671222 482541 1001983 549329 873819 619059 981112 601614 846862 811569 891678 798163 576705 906493 753469 289111 150413 999999999 453925 529786 845907 793746 378718 776010 624922 120688 535498 578996 654507 791099 341471 67969 389134 799582 208455 644072 290706 660123 852802 731328 708410 897136 925905 937572 838999 704852 329427 467285 763935 988697 433795 119329 213560 1046113 75902 663499 483448 573670 410988 501079 716488 417664 659476 576248 418059 691823 354462 713489 720062 654824 765609 1050718 586154 145113 568363 452312 293152 339441 443554 450952 800566 577062 788456
636655 373605 306380 410597 509381 445179 387241 514958 692445 319622 431651 609820 521414 384946 731602 112855 89395 458301 294473 800156 118454 419895 425629 728931 459388 674793 361266 442733 477273 639385 578266 379623 595679 332747 453925 999999999 81003 392892 384703 550872 330432 904643 345192 745209 723513 756033 693721 303688 414794 170099 774215 442475 596846 396361 221502 571640 834215 968724 786224 593592 757525 440556 281392 125258 282419 635252 746104 256304 335848 374834 815747 525864 213419 305349 195596 735306 173402 823772 699592 443679 169622 118354 448245 491232 783887 266282 850454 731468 867998 843925 576378 252997 774495 256623 120444 285731 399963 487864 751093 347592
685589 339448 243288 490901 527062 516698 401427 595880 711064 386369 441489 667891 577998 464486 796605 51306 137985 488799 347526 817727 48742 346291 463123 736715 504615 702788 282305 378608 476066 704461 569597 364419 676317 412932 529786 81003 999999999 323273 351331 627300 272503 982302 417410 820282 794133 822041 735056 377896 493511 240976 824349 523257 649897 440797 178200 577689 898813 1044840 822259 582957 781029 409943 245902 204134 337898 673294 755749 317375 413007 455522 826384 600209 134032 358924 203360 815632 211532 889015 778836 474609 105853 186095 471927 567338 845998 192083 923158 781552 887944 920827 655411 277341 854600 335579 191007 345888 464037 488740 823568 293764
786377 210218 94387 792087 530115 733663 428652 887027 685550 709352 438712 809546 723049 770658 960669 335158 388241 548994 521325 775725 321901 46340 554887 664550 616203 715970 110806 70004 419834 875034 459040 299180 948739 716276 845907 392892 323273 999999999 217513 863675 96025 1215351 737942 1039228 987631 989676 798881 621685 802758 494845 917639 802757 771855 754915 201602 524301 1055195 1264265 855480 461614 766860 256410 199238 516495 521899 730765 688692 524042 727038 735835 755639 918544 202236 531471 327125 1079878 398677 1049181 1031329 539782 330040 446728 511225 805052 992895 133867 1123278 878091 849099 1149400 962249 393387 1114957 607626 511866 543015 654545 436863 1026268 109912
583681 12177 174379 715510 315093 586334 226928 792031 468391 691949 226971 619675 538847 702974 774460 390057 331619 345857 373533 560688 379009 262611 362139 453146 425753 499140 308134 192581 202322 694572 252568 87099 830929 648057 793746 384703 351331 217513 999999999 720881 139967 1058164 704758 877959 814056 804125 587262 504169 738364 406746 709905 699679 576347 781000 173772 307648 863570 1097719 639164 259396 549542 59326 105486 483706 380081 519361 476634 396063 676606 638390 545334 869566 300305 381125 220084 949750 294370 859129 893167 338935 416719 376462 304778 666605 799213 249709 949298 671891 634269 990922 886195 245866 980444 515278 498284 405438 498299 219350 856247 113646
366249 717394 770263 275978 540147 134641 523064 219459 626842 474287 555749 268260 261842 307742 266820 663544 499808 448636 348616 705323 669242 904620 402021 721354 351726 551316 878217 882635 628795 205308 721971 647945 155185 309827 378718 550872 627300 863675 720881 999999999 771540 356337 425290 196341 205711 276147 460300 250667 322398 388320 436596 175635 312417 633476 663301 636510 354339 417854 560790 742020 634593 743174 672491 457999 344641 455590 720981 339657 366786 212796 763509 419481 743743 340230 536696 233330 466103 339814 172466 443582 719264 443483 486647 60180 334962 772808 309902 408617 738104 293628 332495 479321 260413 296788 498654 321632 224769 623131 215804 770114
691898 129951 38354 714483 441921 640430 335399 805081 604812 650040 348905 713636 627031 695436 864645 297683 309624 455264 427021 699427 284914 141537 459496 593038 520497 629489 168967 116892 338040 779068 391995 212361 861650 640416 776010 330432 272503 96025 139967 771540 999999999 1121690 673374 944849 892051 893652 707284 532841 728765 410792 824245 718348 676360 713177 117103 445500 959273 1169497 767739 397827 685277 191163 103246 448831 428294 639220 616435 432425 656681 652336 685276 850155 181005 436960 235155 990601 309169 953207 940414 445601 309153 366131 418604 713436 897101 118450 1027751 784296 773051 1055495 885831 298135 1024900 524178 450851 450132 559954 354891 930988 29016
567155 1056210 1122840 562410 825903 481824 843787 456045 850669 770961 867054 480144 535168 598943 346354 1016739 856124 745659 694832 895898 1023077 1257361 709804 952693 648664 765829 1233999 1229772 934813 387668 1011826 979000 341849 624062 624922 904643 982302 1215351 1058164 356337 1121690 999999999 715628 180905 263961 322534 640987 606934 595771 744463 544838 482656 535831 913992 1016560 913549 331978 86684 708984 1030691 826080 1072426 1020607 803996 693498 672237 944178 693078 667505 542839 965258 625629 1100064 685176 888464 215982 820300 321312 214769 745444 1071463 799539 788620 416497 378089 1128514 163762 544851 901421 67422 504354 825040 177421 648344 841450 672524 562835 925439 216681 1118038
700118 695229 651182 155467 712951 405672 620198 260366 872048 55992 667959 627427 565727 119846 683958 421381 373837 629916 432277 974398 433291 763432 579753 939532 574568 823286 697313 787328 733866 605073 842667 673870 373801 122712 120688 345192 417410 737942 704758 425290 673374 715628 999999999 604251 630997 697705 785496 308641 120461 313279 813576 251022 645433 208234 559701 800509 777712 795891 891267 861300 914364 753896 610087 224890 415819 748964 949864 379028 60767 220807 1011681 184086 549963 435907 486822 507776 419809 763577 502285 616805 457432 329870 643666 385958 750397 609202 723982 776041 1029224 670104 263578 495520 549837 242736 226532 395766 434863 738502 637400 688112
400338 876218 947539 449245 647531 308530 662882 361156 684830 656640 686411 307085 355431 484409 196856 858047 689551 565655 517918 739999 863293 1081940 529041 786161 468220 601007 1062644 1051463 754650 213675 833746 798314 251018 496775 535498 745209 820282 1039228 877959 196341 944849 180905 604251 999999999 100495 182811 482202 442387 490844 579745 405484 355061 362981 811106 842093 736994 231222 226317 562554 852853 668741 891595 843053 654340 517705 504902 779661 520313 549142 404214 806980 557098 932680 507890 713249 198568 647537 216383 140615 565079 914220 634977 608389 254551 250002 957170 119932 395584 754302 113487 446036 647227 190447 492775 694877 498015 384932 745582 61297 940200
304418 813434 898325 480632 564344 278379 592687 410035 588875 679798 611515 216367 278369 513133 97049 835725 658761 487739 469815 640790 839536 1031696 456358 690657 393387 504456 1020315 994111 676659 124984 749619 731427 312302 514831 578996 723513 794133 987631 814056 205711 892051 263961 630997 100495 999999999 87572 383260 421316 526146 553992 305454 380841 271927 839187 795468 650317 153920 285774 462091 768233 569766 822532 789054 645949 472607 409507 683186 482050 572421 416574 708392 611503 897713 458930 666304 291807 606698 138744 226703 488968 893027 608225 531304 251510 155691 915571 135791 295117 653965 199768 509498 594361 288808 482180 688914 456511 337591 666356 47315 884775
253213 804813 903583 551630 531982 318391 578235 489484 531675 744009 590493 185383 266885 582324 29837 866413 684516 465096 483698 573370 868982 1034817 442015 633701 378372 446651 1031410 989973 650332 118041 713324 718909 396706 578243 654507 756033 822041 989676 804125 276147 893652 322534 697705 182811 87572 999999999 319470 460976 598415 586091 225789 451067 235093 904985 804425 610964 81232 323324 387699 730988 503698 806298 790469 689957 489400 356439 623899 505063 637904 478825 642877 691310 916747 472303 676761 378482 624216 68675 314156 468900 924106 638363 508801 312120 68177 928219 166658 222414 580367 265051 592948 600047 373205 527844 734093 477315 358106 638399 122157 883646
94197 592022 728668 677259 274126 392996 372736 665911 214463 815401 360751 193020 221954 695343 294635 785870 605821 256453 403431 257840 783483 845152 272268 315787 235159 130447 868292 779675 396616 276603 428257 501254 614983 665922 791099 693721 735056 798881 587262 460300 707284 640987 785496 482202 383260 319470 999999999 480579 724153 547903 130844 589564 149822 971136 650308 324334 338969 640823 106194 442910 186552 570040 611766 681058 417992 68115 304787 451859 726730 579014 325180 850078 788801 393750 543001 653678 524591 342176 583583 268645 840317 583351 289104 452584 275754 776818 485531 105060 279305 580588 784555 461774 661141 553101 724346 424063 350996 380990 429284 689058
399820 498360 527418 236580 418853 143605 349110 290892 566625 335025 393285 341515 266471 239777 439024 416480 249210 329834 146337 667186 421268 660717 277830 640073 266303 514931 629187 647426 465865 348356 572328 444674 329697 196594 341471 303688 377896 621685 504169 250667 532841 606934 308641 442387 421316 460976 480579 999999999 274609 137734 524126 196726 347940 490992 420091 512431 541243 667240 585474 592195 606059 537880 438916 229436 133297 440887 648319 108604 252906 141835 707465 412859 493147 144966 298914 458196 223672 529574 411324 318006 473240 192966 350923 190487 497381 524086 546813 483745 720789 544151 395553 259079 493541 74003 273977 107329 130840 466210 447545 535119
633940 730177 711603 48148 693459 332114 617668 140002 836764 176364 663626 551431 502253 36105 587655 507302 419497 604060 417177 934014 517962 832969 551801 913679 533696 778911 775693 845246 734393 515562 842383 694347 254205 90309 67969 414794 493511 802758 738364 322398 728765 595771 120461 490844 526146 598415 724153 274609 999999999 331802 735621 147804 577714 321276 611984 786677 676668 676715 830263 861932 869640 781713 652899 289641 402233 696240 921072 369662 84939 145805 978259 138589 627477 417628 518590 387317 444276 662065 383212 592469 550366 365571 625401 292784 655380 680468 610770 700901 982851 551590 162018 507913 429383 230171 307446 378014 383001 736293 528067 739525
481298 398791 400605 309450 412064 275979 309163 394458 584568 316355 357188 444677 358527 296278 561914 281769 112352 339545 146271 691151 285603 531517 295845 640184 313871 550760 494223 527371 421111 469759 529786 364588 454830 241518 389134 170099 240976 494845 406746 388320 410792 744463 313279 579745 553992 586091 547903 137734 331802 999999999 615984 308007 436980 448655 294599 493461 664576 804895 646767 548254 639078 450147 325430 135309 130632 495631 653237 96159 275179 241569 719028 465014 355905 154912 187660 589155 112477 653966 546136 325180 339191 55255 343725 328152 615316 389843 682247 573646 753355 681868 480884 182357 626105 113392 177002 124811 231558 426409 582688 417191
138961 713846 843049 687519 400848 408049 489024 654523 337862 850462 483006 186155 259507 711223 208628 873951 689679 369004 479780 357825 873090 963977 372313 436193 321106 257281 980986 902447 524332 232041 559101 623090 583510 691032 799582 774215 824349 917639 709905 436596 824245 544838 813576 405484 305454 225789 130844 524126 735621 615984 999999999 591599 179141 1010707 758225 455149 222552 532692 165148 573700 292214 696279 725705 742828 491966 194092 421967 521071 753058 596096 429239 850240 891240 468866 642870 594251 613024 229035 526204 379123 930197 658542 406621 446302 166970 885620 382945 42812 356792 490121 769089 560706 594028 598097 787453 491710 394712 509150 346527 807770
497155 693448 708578 100571 596119 197827 541380 94928 721274 302025 583426 409626 369836 132306 439895 550055 416296 503192 340099 812962 558257 838790 450940 805578 420513 656510 796021 834591 657117 368476 761325 641399 153573 142847 208455 442475 523257 802757 699679 175635 718348 482656 251022 355061 380841 451067 589564 196726 147804 308007 591599 999999999 440672 459160 602539 692668 529854 557649 694927 781425 745779 734506 629235 329124 328574 568357 810179 305255 194300 67993 862584 260888 651810 336751 488958 294554 412142 515392 268645 493627 601416 357080 531624 146009 507582 693659 474250 558343 856620 430239 207939 455473 334999 195242 362778 302256 267110 655953 386396 723463
56486 578106 690689 530342 297111 245619 349422 516093 325310 678987 357331 55932 81496 550125 205445 698756 513746 232320 303085 394592 698555 817815 217006 425233 156494 244233 824794 765766 415393 149334 480034 489883 467557 524070 644072 596846 649897 771855 576347 312417 676360 535831 645433 362981 271927 235093 149822 347940 577714 436980 179141 440672 999999999 837683 598466 379200 287537 552344 254342 498184 323273 574318 574450 563844 314451 146730 420685 342425 585662 433665 455889 701477 724729 291920 476885 516914 439741 283916 446890 237718 755555 480361 275594 302762 222867 725434 395751 137205 425738 470881 634742 395502 528979 421882 608416 312981 217385 403325 319160 663386
890527 769822 682663 361924 860435 605597 751862 458788 1032422 161700 799548 825064 756533 327330 890458 420017 462419 787102 589282 1138311 433265 768902 740985 1088355 747836 993597 686438 815692 856585 809504 962598 772011 574180 327034 290706 396361 440797 754915 781000 633476 713177 913992 208234 811106 839187 904985 971136 490992 321276 448655 1010707 459160 837683 999999999 614099 938722 985280 996362 1075359 979440 1083508 836861 677082 319579 572647 928110 1101790 535051 267166 426485 1167666 313319 552952 595673 582146 701278 532797 971254 703491 772944 430874 440828 792336 592895 956309 621109 930993 971682 1198438 872179 428356 616777 742785 418037 290127 558097 621655 864539 845434 734473
621448 161753 107350 597381 403923 534799 282293 688478 581894 539185 310405 630029 540732 578498 776179 216424 192615 393855 325879 684249 205619 241348 386190 590171 442338 590921 227269 233981 325172 687674 406364 201276 747418 523431 660123 221502 178200 201602 173772 663301 117103 1016560 559701 842093 795468 804425 650308 420091 611984 294599 758225 602539 598466 614099 999999999 432963 874028 1067944 723013 417456 658460 232847 69332 334811 324608 583534 611453 323786 540833 536132 682221 734635 146288 336613 129258 878281 197435 866762 830090 381859 246578 249068 364298 604318 814198 127433 930452 716668 757017 951097 768751 204793 913445 407872 340640 344241 459079 340201 832279 128536
359395 316340 476404 748790 97358 515613 187283 785983 161733 809239 140530 434120 385358 751379 582009 626951 487294 190865 370892 254333 619617 568428 242215 159078 284884 208551 614467 488962 108906 525898 104366 236938 781009 704240 852802 571640 577689 524301 307648 636510 445500 913549 800509 736994 650317 610964 324334 512431 786677 493461 455149 692668 379200 938722 432963 999999999 649998 931356 347798 120576 243415 271588 372794 619223 386710 264400 179008 422299 753376 651000 249906 925150 578754 369409 377961 865896 408420 650075 798751 199276 670128 498374 161786 599402 584044 543534 774492 425411 327917 847670 900166 323786 885906 562603 652107 409493 429484 93000 697299 420765
