NAME : synthetic_000339
TYPE : CTSP-D
DIMENSION : 100
GROUPS : 8
RELAXATION_LEVEL : 1
EDGE_WEIGHT_TYPE : EXPLICIT
EDGE_WEIGHT_FORMAT : FULL_MATRIX
EDGE_WEIGHT_SECTION
999999999 374729 561525 498617 718934 649618 437475 325146 710619 617094 202726 650465 763047 284831 684066 692516 542448 537816 623862 971244 157847 215127 735522 553174 504149 395486 467923 309450 152862 183615 317437 677544 538983 382515 311961 328266 612629 691327 291153 764184 123894 718868 320223 400587 554433 234975 384189 633128 221634 335133 290386 796035 213536 588108 746365 272415 418827 347869 529981 327592 539945 852537 206028 309600 576034 368076 707878 277078 283809 210424 702069 823152 96564 252385 982229 668910 646565 81519 868648 736294 621597 440272 452546 456792 183362 418299 291057 875057 572835 306363 267637 405927 667103 546860 489249 750526 733208 816886 141795 72501
374729 999999999 243611 430190 439642 907504 692888 358020 633748 795135 494572 824885 541964 653565 535622 753049 672916 748192 564380 987769 531713 546948 567734 890131 774147 608159 173144 215345 475374 475021 463735 349568 835641 662093 544694 676561 283494 795298 613982 832962 421728 741717 159605 468306 873100 406432 726574 794965 278344 67587 84715 714968 402727 275919 720824 329929 346067 406842 244464 549523 585636 516889 223941 338214 644209 572241 734158 567131 352206 268848 886423 591682 470907 223728 967732 493173 453765 454729 538555 710903 337152 385394 251248 88131 558052 705859 245059 927485 857678 125374 634134 78753 735183 474343 439279 620831 413711 510348 285993 438581
561525 243611 999999999 344131 198520 948186 754187 601552 487739 791715 613082 815596 319004 810994 358465 678464 656306 772134 443360 862430 716451 679814 372764 997248 835800 655892 93685 458534 614839 697106 510057 116074 911466 743756 618021 808676 52351 743306 731708 753832 638143 644367 244564 463899 964298 644094 849313 780852 380189 240572 308530 555278 637912 32404 595267 572819 300999 422990 55801 615345 531546 291065 458430 373830 592418 622216 640067 670188 404671 506544 877410 360688 650094 326069 825416 305063 261555 642450 308148 586791 101129 331247 164856 169883 737953 787506 488669 828809 922585 368921 789281 172658 668016 368583 363566 442638 175145 268430 510111 610281
498617 430190 344131 999999999 350876 634171 470836 711611 220515 457715 425949 478524 312484 644236 194486 337835 321318 455031 139195 557589 612524 497752 250023 742344 545351 371212 306863 595902 458135 679717 258390 409604 629070 483542 369474 604048 380980 399234 518505 415658 616895 314566 282979 166470 694000 689274 626822 442802 282231 370858 425159 307024 673308 341590 291911 663845 91334 172294 289008 358281 188167 543073 531653 189259 248591 345561 308081 448492 218358 578405 539213 371626 549699 279416 540362 199623 199930 559508 543673 281808 308096 59128 196470 423978 621197 521991 610249 501613 629240 512031 621989 365542 325333 50213 23114 252338 425950 460954 539547 506717
718934 439642 198520 350876 999999999 984673 817352 797271 396614 802016 726214 819490 146851 938970 253363 636776 667087 805637 387850 761337 866060 797655 238090 1082360 894172 716780 272467 654979 741048 871856 586372 135340 976633 822450 700666 919316 175103 716279 836371 701837 810345 584654 401401 510658 1038741 831224 951576 783156 511137 425929 496824 440306 823060 166450 512647 765907 359551 492931 200005 693013 525722 195538 645755 467747 580352 687924 583886 768868 502624 695174 877753 171078 798810 467973 710010 199600 167955 796728 193221 506563 103552 371298 268251 368376 883653 863464 684028 754125 978972 564125 916542 364522 634035 347794 373989 319371 100167 111105 690284 756379
649618 907504 948186 634171 984673 999999999 218326 974363 678852 206649 449684 209669 921801 477419 777536 442016 324289 179163 630164 642328 599409 441221 827632 268351 145516 300358 878163 942992 496762 771056 448444 1035018 144488 267140 365357 382527 994375 359173 369152 444580 740793 515527 760479 485390 199052 871381 336979 238908 629244 841691 846341 718748 849293 955598 607088 921988 648926 526786 893529 358536 467676 1177153 838642 585075 425407 336226 506803 372910 561828 855939 190639 972845 594792 684399 703738 810705 825532 626136 1177728 603525 936778 624113 783330 953495 577027 233190 932113 522736 100052 906657 472394 884664 424609 639922 611113 776330 1058460 1093920 787238 585798
437475 692888 754187 470836 817352 218326 999999999 762500 576228 214717 235069 244915 778654 322730 642845 401641 230602 121290 507608 665010 411868 240805 697501 277127 82435 100656 677466 725343 285892 575126 244418 849695 159495 65695 148340 233003 802958 350106 181058 442747 537569 463568 550563 306750 223494 665789 215668 243713 414755 628039 629317 637390 643692 765382 538692 709414 463798 332595 701351 144024 344795 1003262 621351 382118 328450 132193 452363 161650 354915 640452 281845 835107 393889 471350 706501 664627 670416 424224 1007394 531894 756141 446458 590824 743367 395070 68297 715351 547888 168865 688405 309748 674951 376408 489940 448194 663200 880680 928392 572168 378195
325146 358020 601552 711611 797271 974363 762500 999999999 931571 934894 527500 968120 891600 562861 861307 977278 846136 859804 850295 1245064 410820 535682 901900 854704 828848 714776 526955 143432 477764 253347 612407 704210 859315 707423 632121 631949 639438 991376 610957 1054073 248738 989152 440391 671779 866839 128267 689194 947780 448169 378394 307705 1017625 145453 633896 995341 54014 620389 608693 599689 646234 812157 864359 180291 547979 859289 684549 979260 602189 537876 137137 1022255 944464 388315 433615 1242446 827534 792509 357251 888166 984996 694280 654684 578784 437253 440922 742185 113301 1161404 895125 233148 553019 433068 953898 761481 711450 942040 769137 866896 196383 389489
710619 633748 487739 220515 396614 678852 576228 931571 999999999 474512 606452 481244 277879 817144 143325 260968 360844 513769 86881 375254 810294 673837 170649 852008 633551 490339 484899 812825 648156 893620 429376 507460 719045 610486 521537 759805 506497 349191 676144 313292 831601 196380 497669 327861 792106 908963 769608 446390 500112 580200 639757 86608 892589 471988 116060 884196 311325 366050 441269 505614 231712 583891 751855 402669 256223 477803 198617 608104 426812 798846 530156 313916 751395 499931 339397 198611 237730 765019 573437 110391 412062 278879 383992 610399 814671 639757 828743 357512 705792 726469 795969 561735 267266 170353 224104 100272 494727 484319 759658 709822
617094 795135 791715 457715 802016 206649 214717 934894 474512 999999999 419529 33372 726616 537445 580855 236470 136458 93574 431883 464833 618734 444892 628602 429823 215330 221631 733202 874434 475161 773406 337465 866854 285594 279721 305182 446851 833724 158662 393652 250201 729111 309491 638058 334122 360171 851668 423090 35169 527473 727558 747999 512131 829945 794259 400486 880901 491806 390099 735964 289637 276496 996987 775803 457386 226243 250363 300499 359678 443827 803945 91484 774994 591683 574435 516491 618445 637798 620095 994924 396877 765727 460513 629361 825775 604704 276411 871043 344738 256913 820689 524289 757622 218127 454224 435471 573147 882854 908696 739006 568455
202726 494572 613082 425949 726214 449684 235069 527500 606452 419529 999999999 452790 730440 218584 620244 527690 362475 336693 521914 808953 216531 72491 675952 396146 304933 199310 524224 495055 56062 355030 177078 722538 350031 183346 117584 195833 665157 510834 120912 592007 309636 567489 377567 278738 379725 434184 237573 438579 234630 436011 420558 685751 412230 632204 614094 474352 374056 253655 567655 135586 397924 891454 390122 259143 418536 177829 555912 77954 224122 406276 501901 791142 175169 292222 831328 621911 612151 201730 901731 604826 643680 377400 465389 559772 213469 222870 482771 703678 379229 467627 196217 495373 501154 465234 408833 669048 766861 834425 337661 148927
650465 824885 815596 478524 819490 209669 244915 968120 481244 33372 452790 999999999 739283 567329 593191 233760 159342 123729 444012 445350 651108 477357 639358 447225 238507 255003 759199 906892 508376 806486 369142 888117 303392 310331 338553 475839 856686 149505 424864 236738 762395 307624 667234 361447 376721 885036 449987 36384 558810 757298 778988 513562 863311 817184 400655 914123 516792 418938 759799 322998 294027 1014831 808571 486798 240111 283630 299502 392356 474268 836994 62326 786091 624701 604989 500587 632849 653999 653211 1011952 397868 786559 484424 654232 853854 636698 304674 903782 324789 271307 852354 554658 785943 218466 472117 456672 580809 902219 925074 772178 601709
763047 541964 319004 312484 146851 921801 778654 891600 277879 726616 730440 739283 999999999 948702 146135 534487 597704 745970 295276 625382 897910 802914 107407 1052996 849348 680678 368833 753376 755661 930849 569765 280882 934520 795293 681840 914589 310201 619897 829282 591036 867629 473730 464718 478546 1002102 908043 939025 703117 543217 513223 584225 305182 896975 290430 391657 854437 357882 479873 299024 670763 454126 311460 726815 475434 500378 656895 475123 759488 509681 777021 793550 60956 831740 512685 569541 114051 118817 835164 298109 387261 218424 353720 320326 483549 911238 832780 779003 629918 930350 661087 926226 463380 536676 288755 333718 186639 244632 210017 760401 788241
284831 653565 810994 644236 938970 477419 322730 562861 817144 537445 218584 567329 948702 999999999 838300 702750 528241 443957 734544 977922 152054 146484 894132 295237 347105 354020 718756 585742 198218 321297 390733 924205 337600 258240 298367 95494 863331 665423 150743 755334 314254 753846 567574 492174 320559 440572 143346 565981 432688 605973 570789 893170 420161 833227 812383 518158 591572 471995 770093 315864 597568 1096521 486698 475217 606081 351346 742177 211508 440350 479922 599544 1009471 190414 484946 1011364 840487 830238 216115 1108751 803791 852015 595956 673744 730903 122020 264899 562009 864107 380822 591082 22523 673281 676190 682476 626686 884633 972816 1045442 416498 215700
684066 535622 358465 194486 253363 777536 642845 861307 143325 580855 620244 593191 146135 838300 999999999 390838 453247 603044 149184 513762 805072 691844 56152 919207 710531 547226 372453 732081 652447 861443 450039 366303 796196 664725 557691 795167 370861 474941 709600 451293 798014 333659 421010 352383 865524 857297 814673 557051 463077 491068 557377 197786 843388 338893 259304 818164 265245 366647 317922 544836 310265 442489 686069 378833 354632 526387 333893 639570 410255 735399 647444 195422 741215 446364 469762 56336 98475 749220 433507 253215 274382 247703 286489 498121 814712 700065 752632 500812 789787 641614 816117 458917 391708 157654 211663 86053 351442 344319 706694 697908
692516 753049 678464 337835 636776 442016 401641 977278 260968 236470 527690 233760 534487 702750 390838 999999999 174926 303330 249075 281364 744076 578477 428975 656228 434150 348767 644384 885760 581191 870399 375097 728043 513614 455176 414812 624389 710474 89506 552034 79954 815410 73899 595492 305794 589019 920831 616131 203148 531212 688458 729749 281372 900899 671946 167804 924601 409169 369910 624452 396113 169172 830582 801309 435300 118097 355766 66431 496054 440206 840238 274510 574332 699397 559022 308627 439065 469097 721974 823319 166000 626369 370182 533907 758338 738553 469936 891807 184240 489952 813387 685010 696255 26710 310089 322032 360944 729006 734336 784893 665198
542448 672916 656306 321318 667087 324289 230602 846136 360844 136458 362475 159342 597704 528241 453247 174926 999999999 152992 306236 451174 576932 407651 503606 497421 275566 174702 600380 771357 417686 713565 233975 730399 359999 280948 246124 449525 697718 149257 377499 230541 662267 233134 513922 205341 434257 776057 442788 125297 416306 605495 632616 412855 755143 658230 309645 792353 357574 266224 600514 227564 143756 861663 677786 335337 104684 185748 221853 323607 327492 711148 221397 648569 537075 457393 483421 487309 504320 561905 860213 303423 629282 325098 494946 697520 569220 298571 771899 341861 344992 709910 510831 630181 148636 319532 299025 455431 746750 774629 650119 506224
537816 748192 772134 455031 805637 179163 121290 859804 513769 93574 336693 123729 745970 443957 603044 303330 152992 999999999 457781 552100 528916 355637 654601 352925 131068 147006 705233 808686 391285 687338 284458 856739 211095 186607 227870 353307 817433 238937 301232 332460 645657 371986 595597 308298 286386 770829 330732 124136 473024 681152 693895 563275 748898 778439 456457 806021 471751 354107 717081 214874 292903 997990 707377 416382 257547 180900 361634 271707 396874 732015 165641 798432 505341 524657 599035 633907 647370 534593 998639 451188 758034 445733 607431 787372 513738 183267 802578 433119 192453 761538 431021 718521 280563 461808 431965 608297 879409 915065 665417 484860
623862 564380 443360 139195 387850 630164 507608 850295 86881 431883 521914 444012 295276 734544 149184 249075 306236 457781 999999999 426597 724015 590234 197471 784694 570523 416868 426378 735021 562490 806967 345044 481681 656417 536731 441301 680446 469730 329232 595974 317237 745068 202840 421360 243218 727702 824130 693225 407867 414681 507427 563708 172384 807447 432510 157327 802063 230467 279277 392406 426132 165654 582204 670162 316453 205803 401094 199996 527130 340059 716430 498569 343260 664752 417233 403425 191766 220045 678189 575903 147766 381114 195704 319765 549397 728862 568616 749427 385479 647092 650607 713115 495791 246486 90763 139486 155936 480106 487321 675387 623074
971244 987769 862430 557589 761337 642328 665010 1245064 375254 464833 808953 445350 625382 977922 513762 281364 451174 552100 426597 999999999 1025226 858320 523599 892558 679893 625718 852697 1143516 862555 1150619 654163 880037 748718 724129 695277 895166 881681 314908 827441 222821 1094682 255953 837925 576054 821942 1196409 880361 430423 796912 927871 978445 321207 1177016 847221 269497 1193489 644220 637218 814552 676574 434502 936351 1066289 697284 395391 635632 266052 774748 708007 1108071 451701 640594 980704 816375 81033 570097 611274 1003033 921130 278863 786735 605522 746293 975989 1019156 732061 1153250 120589 715958 1064621 961174 921472 307820 514467 549643 442066 861310 834665 1056439 946165
157847 531713 716451 612524 866060 599409 411868 410820 810294 618734 216531 651108 897910 152054 805072 744076 576932 528916 724015 1025226 999999999 173913 859010 445317 458420 407242 622771 439349 165309 174410 385993 832194 468534 347274 330823 227681 768005 723920 233359 807230 162210 783633 472943 484370 463780 289433 283888 642067 356788 492931 447103 892480 268674 742071 827104 366322 543249 445771 682290 349431 611821 1006992 344531 426674 634871 391200 772087 259679 394825 332249 693168 958707 67254 398439 1047721 797163 779570 76986 1022204 817595 771522 557375 597895 614510 30607 369872 413715 918745 508963 454356 143025 563562 717501 657194 599072 863435 886269 967123 272382 110091
215127 546948 679814 497752 797655 441221 240805 535682 673837 444892 72491 477357 802914 146484 691844 578477 407651 355637 590234 858320 173913 999999999 747658 346066 296354 235091 589588 522364 71847 334467 245417 790660 324277 178301 164062 130784 732068 552696 76029 638134 299818 623446 440641 347204 340622 430166 179761 468192 299724 491973 468907 751600 408074 699997 675568 484442 446500 325516 635808 182670 459400 960771 417534 331221 474311 222770 611783 85983 296210 425526 520541 863602 154249 355697 885329 694218 684641 185300 971632 666592 713804 449763 535316 616985 162238 208032 505721 749165 359443 506552 124275 554682 551772 536219 480257 739060 836360 905434 356754 146296
735522 567734 372764 250023 238090 827632 697501 901900 170649 628602 675952 639358 107407 894132 56152 428975 503606 654601 197471 523599 859010 747658 999999999 974147 764186 602479 399453 769754 707530 911374 506153 362835 849964 720323 613806 851318 377456 515468 765750 483930 847873 366820 462976 408508 919810 903095 870728 603493 514041 527592 595757 202401 889827 349450 284294 860235 317282 422303 338591 600888 361753 416802 728878 432399 402979 582088 368541 695718 464383 778609 691958 146796 794735 494244 472208 74807 114822 802024 404704 279854 280234 301994 323553 523135 869157 755324 791815 523211 842609 678357 871921 489725 432437 213791 267627 81598 338242 316008 752803 751334
553174 890131 997248 742344 1082360 268351 277127 854704 852008 429823 396146 447225 1052996 295237 919207 656228 497421 352925 784694 892558 445317 346066 974147 999999999 222734 372447 912547 862544 417705 616529 496537 1100859 144230 259978 382901 225330 1048280 587430 276153 679906 606249 724549 770625 576067 71130 734748 168988 464927 627210 832156 813979 909798 713947 1012798 806624 807830 723509 589817 947807 389451 621237 1262273 759033 625554 600102 396820 714017 328766 593176 760750 448747 1110294 469832 685687 946302 938984 942230 499623 1268806 800685 1012945 711819 839661 955735 416219 220359 842655 771979 178031 852236 302301 890702 633420 764878 720235 940177 1138055 1193341 693656 480763
504149 774147 835800 545351 894172 145516 82435 828848 633551 215330 304933 238507 849348 347105 710531 434150 275566 131068 570523 679893 458420 296354 764186 222734 999999999 180307 759702 799360 351286 628197 326487 930128 85895 121819 229515 251838 884272 368951 225888 462305 596156 501889 632861 383915 158800 726436 216405 249476 496326 709655 709229 688410 704332 846493 584136 776494 543444 413472 782678 226230 405202 1081771 694689 464329 379255 213599 491317 227709 437334 710953 257847 904539 450347 553244 729137 735629 743844 481568 1085183 578344 835618 524402 672063 825575 437687 88879 787685 559995 86785 766093 338815 757223 410972 560923 522434 724588 959796 1005024 642160 440390
395486 608159 655892 371212 716780 300358 100656 714776 490339 221631 199310 255003 680678 354020 547226 348767 174702 147006 416868 625718 407242 235091 602479 372447 180307 999999999 581311 661691 255327 554306 148666 749856 260140 120170 83551 278995 704111 317645 203371 404174 508199 401158 460134 206306 322857 630044 280617 239325 330553 541907 550148 557375 608336 666244 466131 660863 363440 233220 602538 68545 259437 902653 560434 286357 255779 35939 389536 149798 261711 585702 307497 737847 373634 384608 657357 566639 571056 400942 906738 458316 655755 345808 491893 653177 397311 152848 655663 514696 266975 615681 336275 584371 322184 392431 348756 572783 780186 827838 519606 347959
467923 173144 93685 306863 272467 878163 677466 526955 484899 733202 524224 759199 368833 718756 372453 644384 600380 705233 426378 852697 622771 589588 399453 912547 759702 581311 999999999 386256 523484 606431 433287 209624 832649 662465 537092 719209 145430 701104 643871 722505 546670 619610 151422 399918 882513 559264 761364 725677 289994 153658 224361 561056 551733 120874 583200 493884 243647 351554 72867 535985 486790 384614 373564 295374 547986 546611 613802 584224 323564 422806 821483 418869 556443 234368 823916 325838 284674 548791 401130 573892 168917 279442 110477 126121 644350 706582 413693 806534 846327 294299 697182 94753 630785 341764 322500 458489 266669 356068 421061 516752
309450 215345 458534 595902 654979 942992 725343 143432 812825 874434 495055 906892 753376 585742 732081 885760 771357 808686 735021 1143516 439349 522364 769754 862544 799360 661691 386256 999999999 454768 322076 539507 560804 842998 678236 583335 637422 496012 910504 597914 964601 288509 889234 315369 581544 862887 219289 693580 882563 356816 242314 174799 897699 223958 490912 885573 124965 504947 516707 458636 594437 717270 721917 105173 450472 769378 628234 880090 572963 447937 107595 964701 804911 396467 327726 1134258 695004 658232 369627 745405 875292 552343 541744 446379 293855 469662 717736 35257 1068123 874010 92293 571184 291735 864110 644661 598813 814869 625711 723473 169660 381786
152862 475374 614839 458135 741048 496762 285892 477764 648156 475161 56062 508376 755661 198218 652447 581191 417686 391285 562490 862555 165309 71847 707530 417705 351286 255327 523484 454768 999999999 298985 221160 727148 388494 229687 173558 201402 667184 566333 144285 646673 254409 618831 373247 320813 409974 380454 251574 494543 235167 421162 397071 729241 358409 636229 661920 425235 397780 287344 572676 191415 446515 898824 349629 280303 470386 233644 607320 124589 245993 361151 556761 816595 119435 289117 883185 649926 636869 145668 910745 652449 653823 406084 475527 546358 166597 265724 439871 758378 420962 435578 175942 484888 554761 500270 442734 705871 774911 847258 292163 93580
183615 475021 697106 679717 871856 771056 575126 253347 893620 773406 355030 806486 930849 321297 861443 870399 713565 687338 806967 1150619 174410 334467 911374 616529 628197 554306 606431 322076 298985 999999999 496708 811836 642465 512611 472253 402002 745075 862778 402341 939765 63516 900021 471433 583462 637835 125300 457904 793447 398872 457308 394415 979256 108522 726727 929715 219043 597049 531481 675013 489779 721766 985042 254257 491562 755285 531857 888889 415791 466978 219905 852928 989845 181997 418964 1164049 842488 816989 153405 1004254 919672 770512 620918 613031 563069 201405 539318 289687 1051246 682359 368362 315584 528060 844534 728559 671344 930649 872190 962333 189293 207484
317437 463735 510057 258390 586372 448444 244418 612407 429376 337465 177078 369142 569765 390733 450039 375097 233975 284458 345044 654163 385993 245417 506153 496537 326487 148666 433287 539507 221160 496708 999999999 607835 401505 237369 114350 345691 559266 379380 260128 447618 440578 403721 312470 101845 456904 546982 369609 343368 190335 396729 411400 508974 526680 522109 441297 558715 227040 93441 457714 107320 227252 766128 444193 137958 258782 113448 392483 190103 113463 477183 428745 629505 332709 240269 668219 457814 453982 351933 772300 431716 517140 218375 347516 505259 387420 279896 538676 558018 413193 483241 368975 436382 349787 292913 238935 493902 642237 697187 416698 294865
677544 349568 116074 409604 135340 1035018 849695 704210 507460 866854 722538 888117 280882 924205 366303 728043 730399 856739 481681 880037 832194 790660 362835 1100859 930128 749856 209624 560804 727148 811836 607835 999999999 1008503 844340 718979 918371 66908 800856 839660 798813 753399 684116 359670 550058 1064567 754710 957113 852403 491994 354589 420554 561589 749558 90981 621673 679179 387255 517152 154896 714681 596422 175001 569793 475305 655373 717572 681651 776249 507975 616885 948779 305428 765700 439547 833605 309984 269734 758400 192500 614448 102276 411006 261214 266958 853405 887469 592646 861960 1016651 474242 902320 284674 721363 421976 431508 441812 65220 164053 624028 725588
538983 835641 911466 629070 976633 144488 159495 859315 719045 285594 350031 303392 934520 337600 796196 513614 359999 211095 656417 748718 468534 324277 849964 144230 85895 260140 832649 842998 388494 642465 401505 1008503 999999999 173645 296258 244523 960769 443354 248496 535705 618115 583009 700508 465975 75405 749474 195014 320705 560473 772884 766554 772711 727605 923518 667194 808511 623147 491378 859207 296678 491074 1162750 737826 538071 464174 291068 572708 272640 509102 749034 308739 989988 472722 618517 802072 820691 828125 504225 1166866 661700 915474 605907 748899 891883 443932 129795 828318 628174 44509 817492 334813 824248 491394 645910 606265 810418 1040093 1087633 680086 470458
382515 662093 743756 483542 822450 267140 65695 707423 610486 279721 183346 310331 795293 258240 664725 455176 280948 186607 536731 724129 347274 178301 720323 259978 121819 120170 662465 678236 229687 512611 237369 844340 173645 999999999 125735 171100 793951 409792 115455 501352 477363 513281 527624 317072 220555 606821 162621 307758 386953 599239 593839 676755 584702 757526 583093 654916 463947 330298 692746 130049 379371 1003490 573398 370042 371937 138544 501826 105897 339363 589156 347336 853362 332402 445119 762506 681498 683176 363217 1009481 575639 754488 451851 583349 718495 329807 44319 666096 608349 197655 647401 244585 651054 429238 508539 461756 692584 879594 933463 520348 319804
311961 544694 618021 369474 700666 365357 148340 632121 521537 305182 117584 338553 681840 298367 557691 414812 246124 227870 441301 695277 330823 164062 613806 382901 229515 83551 537092 583335 173558 472253 114350 718979 296258 125735 999999999 239279 668239 393753 154715 476431 425076 459553 404694 205317 346285 546495 257444 322369 266824 480150 481177 595609 524792 631895 514286 578282 341212 207761 567079 18705 299203 879373 480832 244331 310532 60518 447882 87054 213730 504276 390535 741097 292737 323965 721284 569045 567069 319136 886022 505593 630072 332320 457864 596839 323880 169597 575806 587923 314010 541972 278276 528786 388125 400050 348891 594810 755190 811430 437549 265271
328266 676561 808676 604048 919316 382527 233003 631949 759805 446851 195833 475839 914589 95494 795167 624389 449525 353307 680446 895166 227681 130784 851318 225330 251838 278995 719209 637422 201402 402002 345691 918371 244523 171100 239279 999999999 860813 580891 85589 672362 384737 679757 570980 443281 236332 515070 57257 476631 429222 622480 597351 831758 493728 828021 744421 583986 563011 434828 763488 254379 533411 1087015 534279 451598 534689 283537 668173 155647 416806 535425 505760 974656 245011 485851 932492 803287 797689 275290 1096935 736363 838810 561263 660776 747595 201161 171549 617325 779421 286986 630071 90317 685464 598162 637621 584566 834077 962359 1028330 468369 255775
612629 283494 52351 380980 175103 994375 802958 639438 506497 833724 665157 856686 310201 863331 370861 710474 697718 817433 469730 881681 768005 732068 377456 1048280 884272 704111 145430 496012 667184 745075 559266 66908 960769 793951 668239 860813 999999999 778618 783568 784182 686824 672287 296676 509209 1014501 688032 901168 821539 432488 287782 353665 568631 682744 39509 617441 613364 345683 470916 101607 665116 569143 240725 502985 423910 629464 670827 668725 721667 455306 550221 918157 344629 701787 378415 840549 315357 272397 693713 259180 609457 97311 373654 212218 202652 789748 837558 527401 854498 971028 408518 841625 217766 701501 400677 401551 452096 130220 227463 557155 662181
691327 795298 743306 399234 716279 359173 350106 991376 349191 158662 510834 149505 619897 665423 474941 89506 149257 238937 329232 314908 723920 552696 515468 587430 368951 317645 701104 910504 566333 862778 379380 800856 443354 409792 393753 580891 778618 999999999 515702 93529 811477 162267 635857 331177 518301 924422 565484 123610 553710 728948 763460 370425 903647 739510 256771 937822 459543 395844 688241 375403 214351 911176 820121 464549 153293 333240 155711 467385 462804 855475 185494 661531 685767 589080 360210 520891 548339 710927 905135 255343 698642 422098 591342 809185 714865 417212 913190 198717 415573 844126 649489 744445 83242 379089 380590 449399 805984 816517 796006 655392
291153 613982 731708 518505 836371 369152 181058 610957 676144 393652 120912 424864 829282 150743 709600 552034 377499 301232 595974 827441 233359 76029 765750 276153 225888 203371 643871 597914 144285 402341 260128 839660 248496 115455 154715 85589 783568 515702 999999999 605003 372194 603864 498216 357841 265708 503250 117605 420259 354994 556418 538147 749396 481232 749826 664787 560021 478882 349706 685001 170619 451719 1006673 492947 369164 456792 202764 592210 70057 334676 501541 462790 889273 226132 412889 860657 717809 712599 257609 1015854 656450 757799 476184 580446 680485 214666 137028 581632 714233 284504 579675 133828 616272 525489 552075 498982 749126 881937 945863 432745 221974
764184 832962 753832 415658 701837 444580 442747 1054073 313292 250201 592007 236738 591036 755334 451293 79954 230541 332460 317237 222821 807230 638134 483930 679906 462305 404174 722505 964601 646673 939765 447618 798813 535705 501352 476431 672362 784182 93529 605003 999999999 886223 117650 675445 383666 610372 994530 658335 215044 609286 768411 809494 313788 974291 746054 204251 1001137 488764 448184 700385 457803 248889 893621 879022 514290 195409 416192 117974 553738 518080 917191 260624 626009 765763 638308 266853 502515 535433 789591 884733 206366 697844 449686 612063 837479 799760 510173 970094 111708 506612 892925 738804 775783 100542 385325 400629 410104 796337 795525 860727 733258
123894 421728 638143 616895 810345 740793 537569 248738 831601 729111 309636 762395 867629 314254 798014 815410 662267 645657 745068 1094682 162210 299818 847873 606249 596156 508199 546670 288509 254409 63516 440578 753399 618115 477363 425076 384737 686824 811477 372194 886223 999999999 842677 409363 524423 620671 131361 441845 747422 335643 399509 339265 917429 109548 667303 869888 204448 533760 470911 614396 441924 663822 927271 207101 429175 699343 483531 831662 376227 405366 181524 811167 926734 146075 355532 1106119 778977 753574 114662 945900 859789 709475 558012 550271 509294 192497 507667 259336 997384 656080 322181 304314 470822 789821 665904 608873 867526 812997 902117 136846 160838
718868 741717 644367 314566 584654 515527 463568 989152 196380 309491 567489 307624 473730 753846 333659 73899 233134 371986 202840 255953 783633 623446 366820 724549 501889 401158 619610 889234 618831 900021 403721 684116 583009 513281 459553 679757 672287 162267 603864 117650 842677 999999999 587921 320826 658351 941535 675579 276621 540986 679501 726643 208214 922398 634758 94581 937537 395723 381352 592105 441097 179433 776045 810556 441534 149208 402987 11681 543975 452104 852137 347743 509995 734797 561628 264661 385175 418838 755306 767083 93838 583886 356447 509926 738495 780563 531653 898132 187091 560981 812157 735116 679700 92062 278287 302871 294592 679776 677874 800657 698225
320223 159605 244564 282979 401401 760479 550563 440391 497669 638058 377567 667234 464718 567574 421010 595492 513922 595597 421360 837925 472943 440641 462976 770625 632861 460134 151422 315369 373247 471433 312470 359670 700508 527624 404694 570980 296676 635857 498216 675445 409363 587921 999999999 308953 745229 443668 615130 636682 143466 93206 142368 582348 432272 269219 574667 397396 193798 248382 209795 406637 427256 534200 265932 180758 485227 424318 579812 441991 199072 315780 729069 522023 406221 85345 823289 389303 357010 400127 549276 564502 302009 232414 144410 193085 493768 571937 333058 772241 718365 229262 546099 124423 576941 330647 288519 501793 413437 496874 295735 365918
400587 468306 463899 166470 510658 485390 306750 671779 327861 334122 278738 361447 478546 492174 352383 305794 205341 308298 243218 576054 484370 347204 408508 576067 383915 206306 399918 581544 320813 583462 101845 550058 465975 317072 205317 443281 509209 331177 357841 383666 524423 320826 308953 999999999 528979 620711 462521 329406 225621 401092 432412 408433 601624 470304 346791 619356 163570 64922 408786 192873 141559 697995 495531 133389 188261 179252 310281 287985 134447 534671 423727 537126 428091 257913 582296 365039 366203 444706 701276 336876 453171 140640 299346 492591 487408 355770 586447 489713 469425 513050 470534 424989 283137 194735 144830 392654 576594 621668 480759 388158
554433 873100 964298 694000 1038741 199052 223494 866839 792106 360171 379725 376721 1002102 320559 865524 589019 434257 286386 727702 821942 463780 340622 919810 71130 158800 322857 882513 862887 409974 637835 456904 1064567 75405 220555 346285 236332 1014501 518301 265708 610372 620671 658351 745229 528979 999999999 751291 179933 395329 602867 812513 800260 847109 729873 978018 742170 817878 682156 548976 913269 349886 562888 1222267 758140 590594 538054 350825 648020 306021 559801 764536 377630 1058369 478627 661435 876435 888088 893741 509590 1227472 736570 973764 667444 803735 934110 436505 177100 845490 701354 106901 845006 322839 867570 566776 713361 671455 882385 1098774 1149846 696195 483203
234975 406432 644094 689274 831224 871381 665789 128267 908963 851668 434184 885036 908043 440572 857297 920831 776057 770829 824130 1196409 289433 430166 903095 734748 726436 630044 559264 219289 380454 125300 546982 754710 749474 606821 546495 515070 688032 924422 503250 994530 131361 941535 443668 620711 751291 999999999 571991 868074 409764 405619 335731 995557 22119 675483 959438 100525 600632 561741 631257 562402 762176 923319 185830 509698 803182 603036 930951 504141 492128 137828 935774 964558 277159 412289 1201768 830746 800217 245654 944862 949158 727851 630362 587980 493233 318727 638192 184302 1104539 787347 286223 432456 471444 896046 739403 684971 932968 817893 912509 150676 287594
384189 726574 849313 626822 951576 336979 215668 689194 769608 423090 237573 449987 939025 143346 814673 616131 442788 330732 693225 880361 283888 179761 870728 168988 216405 280617 761364 693580 251574 457904 369609 957113 195014 162621 257444 57257 901168 565484 117605 658335 441845 675579 615130 462521 179933 571991 999999999 454847 472152 670779 648641 837962 550715 867365 745589 641233 592882 461601 802513 269840 539737 1123626 590051 485395 534480 292195 664164 182728 451192 592130 474072 998440 302180 529786 922041 826431 823590 332528 1132451 738056 874527 587744 697556 795445 256603 148325 673924 762622 238808 684135 143338 732070 590490 657131 606332 848398 998890 1061487 524814 311793
633128 794965 780852 442802 783156 238908 243713 947780 446390 35169 438579 36384 703117 565981 557051 203148 125297 124136 407867 430423 642067 468192 603493 464927 249476 239325 725677 882563 494543 793447 343368 852403 320705 307758 322369 476631 821539 123610 420259 215044 747422 276621 636682 329406 395329 868074 454847 999999999 531824 727406 751081 480923 846518 782031 368592 893768 482784 388319 725052 305851 257794 978517 785515 456757 203740 265061 267973 382414 445755 815386 96618 750183 612300 576468 481421 596508 617618 640045 975588 365372 750750 449864 620062 821991 629174 307332 880536 310575 292018 825816 552129 754354 186023 435856 421074 545703 866094 888693 751497 587283
221634 278344 380189 282231 511137 629244 414755 448169 500112 527473 234630 558810 543217 432688 463077 531212 416306 473024 414681 796912 356788 299724 514041 627210 496326 330553 289994 356816 235167 398872 190335 491994 560473 386953 266824 429222 432488 553710 354994 609286 335643 540986 143466 225621 602867 409764 472152 531824 999999999 213329 221162 586589 392805 401095 551069 396680 198210 161328 337527 271197 364439 663838 270295 100710 413879 294738 531096 298693 91308 311162 618863 603711 289860 58609 796095 447326 425859 291958 676203 540745 420315 223126 243209 331636 372931 431144 360844 714790 580583 294074 410645 264706 508754 331851 276043 531920 540181 615010 262614 246697
335133 67587 240572 370858 425929 841691 628039 378394 580200 727558 436011 757298 513223 605973 491068 688458 605495 681152 507427 927871 492931 491973 527592 832156 709655 541907 153658 242314 421162 457308 396729 354589 772884 599239 480150 622480 287782 728948 556418 768411 399509 679501 93206 401092 812513 405619 670779 727406 213329 999999999 71446 663215 398326 271121 662637 342226 284052 339354 225943 484311 520395 527861 219908 270650 578432 505970 671618 506599 284822 269247 818839 566578 429267 157315 910643 452809 415934 416540 546955 652582 322430 323177 204667 125335 517502 643241 266091 864466 793791 150787 585725 71709 670068 416791 378301 574837 415655 508134 269594 393677
290386 84715 308530 425159 496824 846341 629317 307705 639757 747999 420558 778988 584225 570789 557377 729749 632616 693895 563708 978445 447103 468907 595757 813979 709229 550148 224361 174799 397071 394415 411400 420554 766554 593839 481177 597351 353665 763460 538147 809494 339265 726643 142368 432412 800260 335731 648641 751081 221162 71446 999999999 724087 329408 339782 716559 270798 335277 368174 296963 487979 560610 591915 149941 299054 616263 514587 718119 495333 305480 198615 839463 637893 386740 175253 965285 521113 485218 370117 612144 706360 393277 373312 272204 170479 473612 636941 196191 909216 790958 86899 551724 136073 709795 473009 429933 640070 482921 576866 205189 355329
796035 714968 555278 307024 440306 718748 637390 1017625 86608 512131 685751 513562 305182 893170 197786 281372 412855 563275 172384 321207 892480 751600 202401 909798 688410 557375 561056 897699 729241 979256 508974 561589 772711 676755 595609 831758 568631 370425 749396 313788 917429 208214 582348 408433 847109 995557 837962 480923 586589 663215 724087 999999999 979148 536527 113655 970487 397636 450120 512282 578928 298560 616634 838066 488796 309749 548324 214943 682620 512288 885215 555822 326408 834624 586416 272288 253455 296234 849043 602614 115706 471989 365476 464031 687123 895833 703003 914188 330007 755521 810606 872394 641442 295120 256829 310645 120935 540380 515108 846266 793460
213536 402727 637912 673308 823060 849293 643692 145453 892589 829945 412230 863311 896975 420161 843388 900899 755143 748898 807447 1177016 268674 408074 889827 713947 704332 608336 551733 223958 358409 108522 526680 749558 727605 584702 524792 493728 682744 903647 481232 974291 109548 922398 432272 601624 729873 22119 550715 846518 392805 398326 329408 979148 999999999 669024 941486 111504 585233 543210 623288 540781 742987 919328 179765 492304 783375 581512 911756 482045 473931 134222 913898 953952 255173 397566 1183142 817888 788066 223659 940416 931223 719886 614294 576681 490172 298198 616103 189627 1084466 765385 285072 411651 465457 876010 723363 668503 918266 812274 906146 137134 265498
588108 275919 32404 341590 166450 955598 765382 633896 471988 794259 632204 817184 290430 833227 338893 671946 658230 778439 432510 847221 742071 699997 349450 1012798 846493 666244 120874 490912 636229 726727 522109 90981 923518 757526 631895 828021 39509 739510 749826 746054 667303 634758 269219 470304 978018 675483 867365 782031 401095 271121 339782 536527 669024 999999999 581731 604921 306737 433027 65011 628346 529740 264983 489723 387648 590120 633202 630991 687063 419622 538061 878649 330262 675426 348583 807818 284241 240841 668695 280552 573566 72053 334295 174619 201957 762970 800975 520975 817707 933213 401190 811349 204220 662678 361971 362090 421723 145802 237123 540365 635069
746365 720824 595267 291911 512647 607088 538692 995341 116060 400486 614094 400655 391657 812383 259304 167804 309645 456457 157327 269497 827104 675568 284294 806624 584136 466131 583200 885573 661920 929715 441297 621673 667194 583093 514286 744421 617441 256771 664787 204251 869888 94581 574667 346791 742170 959438 745589 368592 551069 662637 716559 113655 941486 581731 999999999 945524 381325 399413 546189 496558 216314 699540 815143 450413 211183 462025 101413 600891 467634 859637 442184 423133 773512 562093 248781 314192 352198 791168 688568 10347 524618 343873 477079 706643 827195 605785 898029 241521 647760 803325 792532 652988 182571 246491 286878 207296 610555 599576 813674 734407
272415 329929 572819 663845 765907 921988 709414 54014 884196 880901 474352 914123 854437 518158 818164 924601 792353 806021 802063 1193489 366322 484442 860235 807830 776494 660863 493884 124965 425235 219043 558715 679179 808511 654916 578282 583986 613364 937822 560021 1001137 204448 937537 397396 619356 817878 100525 641233 893768 396680 342226 270798 970487 111504 604921 945524 999999999 572875 556628 566740 592318 760057 843490 132667 496910 806556 630563 927545 549471 485778 85887 968327 908592 339350 384854 1192052 786265 752438 308715 866317 935178 662456 606360 538366 413323 396759 690211 89937 1108791 843769 204943 507214 401610 901064 713893 662864 897769 743557 840251 142417 338146
