NAME : synthetic_000883
TYPE : CTSP-D
DIMENSION : 100
GROUPS : 8
RELAXATION_LEVEL : 1
EDGE_WEIGHT_TYPE : EXPLICIT
EDGE_WEIGHT_FORMAT : FULL_MATRIX
EDGE_WEIGHT_SECTION
999999999 119853 899534 191592 513469 207246 16017 653312 173197 235280 162687 761062 139040 564230 492168 643261 504446 289156 528350 698475 568588 886095 794205 627066 737489 786615 579237 296675 817093 682128 562300 649815 313473 896071 355726 509494 915143 286778 753084 588171 68460 396060 249787 591632 906852 150742 361892 677120 322328 979779 891989 574987 764690 395004 469241 240311 791703 609678 584696 783437 923854 107838 589306 545288 939243 630107 653597 629114 381167 130194 620983 353593 724119 542435 867216 253664 664716 800639 885457 468432 547209 936374 723017 408744 384934 197737 405243 786491 315313 297735 401130 456330 772887 566024 770660 146004 821405 148409 32853 545574
119853 999999999 901508 121076 556429 275175 131370 551317 92185 185309 271940 782116 95357 572487 379394 687148 566295 201097 638922 592323 462371 846801 722132 632703 643169 811457 508205 176968 755752 741056 457391 596211 214393 807498 278266 467005 909428 291113 728617 518061 188313 302595 223312 533607 862015 64642 441555 609122 294067 978228 853904 660418 662894 284028 352396 134541 745028 674994 619948 819530 910408 12457 518147 590914 960974 634967 686589 707388 290938 207980 684045 376078 726112 433963 809689 191254 738283 809446 829580 473425 549703 857662 695297 490345 471590 221846 286567 811537 387283 186442 284312 516742 782258 554426 755750 189878 750724 253914 151204 458538
899534 901508 999999999 1020763 439339 716352 888535 786647 817861 722493 832924 185695 806668 335439 863951 363051 514140 762502 853817 839038 812208 309886 555294 272472 732273 192043 572809 922010 473992 437258 799855 451990 1068744 722085 696431 483340 59336 615941 241636 564978 905339 740917 678547 499701 354848 841225 652338 530937 610912 83348 301114 631912 811923 839435 908436 834573 368547 493510 363807 264360 118232 897478 570514 426565 161088 269447 307751 577308 1147736 783882 477003 547544 175890 829380 448607 727339 541306 107346 438136 431735 353366 643949 276552 641953 673418 701997 1011262 193298 651815 1014166 1034468 533693 133669 350867 180644 753853 547098 823440 912597 672886
191592 121076 1020763 999999999 675492 384626 207423 602568 204018 300007 353847 903180 216234 693122 412651 806379 680671 291628 716621 634329 508318 952916 807317 752974 704574 932523 598128 193129 849216 856898 506232 696866 129250 873994 371843 575588 1027181 412165 841718 608511 249486 378031 342250 632518 965117 179598 547624 699478 411001 1096714 960570 763916 711855 329382 371666 213314 848021 788526 740240 939985 1026208 127733 607732 709599 1082020 755149 807191 815212 190011 311257 798407 496859 845716 476047 905330 300603 848536 929761 926171 594028 669838 934842 807438 595617 573720 341189 259895 932601 496635 136104 245559 631365 902666 672214 871700 304282 836766 340000 211226 534236
513469 556429 439339 675492 999999999 308709 499453 727333 496484 419611 410418 267019 465783 166890 696228 130924 93753 500510 440828 788605 698410 573597 656546 207850 738524 284424 517597 646986 620151 199217 685773 473998 760780 824753 473546 367379 475318 280306 411084 517749 500076 542505 366207 464178 613883 510675 213205 557481 333034 522473 573281 256929 807088 626969 717935 545809 533724 163273 77938 270468 507435 548274 523225 35836 436675 212728 145545 244802 841104 384812 161693 188643 288941 696881 639862 439096 245213 332002 646354 174647 186819 801036 403887 204818 235022 334599 762388 283994 220306 716769 776736 95614 306056 252739 386142 373705 669425 405419 517211 577143
207246 275175 716352 384626 308709 999999999 192448 660691 249668 224582 123014 564801 204785 383952 548716 437251 297913 318351 402967 716199 595222 752700 721417 446857 718409 587696 519211 414893 722671 475408 585329 551063 489497 855214 344540 404825 739091 155044 603501 525444 192462 409771 191439 505531 781214 250586 166897 603054 232599 798683 756630 386188 765154 455927 546823 321167 673253 404551 382470 579175 755878 264449 528572 339356 740858 450579 451658 432289 565762 77081 415119 174869 544498 578711 763911 252734 464161 613067 778609 298152 374161 871533 579161 215850 199986 94615 536012 587456 112326 456985 541673 249367 585334 409175 608280 88444 744553 109131 208613 523318
16017 131370 888535 207423 499453 192448 999999999 657526 177522 233656 147255 748450 140226 553120 499424 629005 489237 292224 513485 703614 573930 879759 792659 616078 739958 773657 577968 307460 813872 666934 567340 645795 328646 897241 356502 504399 904903 277507 745123 586733 58584 399270 244790 588388 901212 156688 346058 675142 316591 969057 885493 558980 768715 401972 477983 247020 786464 594219 571148 769606 914425 119099 588028 531031 926419 619190 640130 613207 396859 115371 605621 341859 713327 548392 863372 253399 648924 789085 881354 457937 536723 935745 715494 392829 368940 187513 417662 773517 299853 311760 414230 441257 761313 556995 761580 134686 819600 132601 30190 547055
653312 551317 786647 602568 727333 660691 657526 999999999 480190 444783 746603 784796 519215 605356 197325 814137 801338 366196 1054927 61282 95515 551431 294630 625355 113798 822148 225282 410199 375415 914021 96347 335077 545603 282955 317238 366592 757300 524016 545102 230105 713971 259878 469337 297031 535366 503150 779794 258832 440397 829823 562530 959961 111627 273544 250706 417119 445247 890605 736437 876688 722115 559518 224112 757841 922296 623341 769873 967689 592300 651985 888321 582308 664482 129662 433169 418066 972494 750315 456191 553460 572367 368247 510307 818725 822501 567142 400283 823091 724515 494212 429105 764679 733926 517228 606784 598338 321985 725005 685762 150598
173197 92185 817861 204018 496484 249668 177522 480190 999999999 95992 287785 706890 47427 493708 325723 625430 519309 116829 642847 526141 396576 754807 633267 552131 565111 737814 418571 165313 664618 688705 389852 504145 265103 725785 189349 375225 823328 219414 638598 428220 234802 223206 140993 441785 769834 27876 413694 519003 207242 893165 761981 631811 591517 228036 310838 75805 652843 628451 554068 751712 822251 93953 428577 531941 884914 554064 618457 671187 345875 202147 635612 309663 643383 371658 718110 99160 697478 728753 737846 394877 468836 771237 604798 462365 449194 171544 286544 737993 355402 220530 293569 470019 701958 468493 667710 162181 661517 266797 205573 375262
235280 185309 722493 300007 419611 224582 233656 444783 95992 999999999 301891 615948 100096 401204 324490 545394 454648 95000 627451 497450 373075 663127 559063 458378 515451 647834 344312 227392 582781 616439 363848 417641 352870 667101 129168 283061 727403 139576 543384 353092 283152 187525 53404 357654 680076 121413 372431 441839 111585 797403 669951 583311 553051 233750 326289 126413 563545 562335 471096 665895 726334 184450 354372 455437 793092 460130 533098 614489 433616 207207 567597 231013 548461 354898 634095 28163 635954 634640 652970 303103 375158 702300 509988 418948 412192 130603 343839 648080 312945 303060 357226 406807 608073 372682 571765 153732 586152 280325 263838 319548
162687 271940 832924 353847 410418 123014 147255 746603 287785 301891 999999999 674313 240938 503690 611114 532541 377981 385627 367304 798499 672171 875448 834289 566091 814953 694350 626751 440976 840338 552792 663679 668585 475846 959993 430554 522119 858101 271765 726482 633854 110451 488017 285519 619869 903472 276469 221869 715377 341374 915777 879473 421778 854873 514048 598620 363503 794549 475278 487380 677630 876783 259513 636446 436883 847004 569993 555899 481281 543703 94812 488730 297351 663267 651120 883326 328579 520675 728125 898629 420552 495661 983193 702147 263562 235191 191401 556845 693979 191334 456887 556059 334458 700581 532124 730407 149252 858544 21651 144523 618513
761062 782116 185695 903180 267019 564801 748450 784796 706890 615948 674313 999999999 687034 216131 819250 177484 332816 674474 668389 843035 788307 423775 611035 168432 756076 37375 559703 833620 544495 255926 775323 461102 968811 787047 621316 433352 234851 491020 288834 554701 757116 678266 566168 487978 470384 726928 478914 550739 508125 265090 418565 446344 834302 775041 855572 737928 437841 308043 189112 105933 282813 776160 560699 248384 179012 168792 125592 393297 1049511 637531 291719 409342 128279 798260 538499 626998 359577 87821 535324 312869 245876 729311 307588 463490 495915 568077 936174 38296 486385 918020 956030 357532 76354 277806 230496 615771 611873 667484 769613 649638
139040 95357 806668 216234 465783 204785 140226 519215 47427 100096 240938 687034 999999999 477133 371040 595967 482420 153049 595567 567087 438238 762038 656447 537434 599835 716642 441300 210634 682408 654470 430897 517733 296032 757216 216696 382219 815489 196034 638374 450443 195019 259923 129741 457519 779735 46857 370322 540101 202231 883806 768658 589188 630000 273584 357810 123116 663362 591618 527084 726215 817820 90820 451369 500773 865824 539731 593067 630762 375779 154741 599569 282490 631126 414618 734067 115271 658611 714151 753020 378078 454498 797675 605937 419191 404743 133606 331472 716741 312786 256626 336923 432882 686939 460749 663207 116540 683987 219811 169799 406884
564230 572487 335439 693122 166890 383952 553120 605356 493708 401204 503690 216131 477133 999999999 613397 211096 260615 458440 603980 665984 593898 410310 496690 63208 598900 249983 383590 617488 455092 315304 580870 317930 753767 668693 407467 239404 355184 282830 248067 381383 570653 467407 352717 320288 449084 514958 351061 405675 292295 416475 410844 422510 672339 562588 646056 522068 366858 312125 138300 283209 373603 567442 387265 181896 391949 66707 164810 401751 834317 449141 304384 212387 160983 599467 473125 411274 391624 237634 479464 99098 33509 638008 237820 357302 382818 366920 720805 250404 334535 702378 740265 253045 210156 93847 233448 418448 507455 492450 577189 460348
492168 379394 863951 412651 696228 548716 499424 197325 325723 324490 611114 819250 371040 613397 999999999 805264 752896 230438 951678 221980 102354 682189 460024 651070 308434 855865 302165 219736 527565 894198 105130 429115 348364 479438 224606 387767 846599 442043 632139 312050 557855 154085 365991 369914 676832 343096 693614 383818 368264 921073 692432 896848 301790 97726 56480 252528 570276 854347 725856 896538 822735 389396 307739 730635 978490 650500 773908 919012 396244 520426 855996 521483 714423 67841 587582 296491 933384 805305 610713 536063 580306 558298 594606 738434 734504 455088 205195 856548 634587 297813 234276 709057 783898 541557 685507 471522 489766 589697 524996 201735
643261 687148 363051 806379 130924 437251 629005 814137 625430 545394 532541 177484 595967 211096 805264 999999999 164077 621899 490912 875081 796527 564320 699616 214182 809974 180681 594137 772488 648599 106293 783598 525874 890241 874178 587125 447563 410056 407323 408900 592216 626946 653528 492146 531365 608878 640460 320561 614956 451830 442375 561429 270244 883353 742752 831591 671802 550073 133337 79487 145669 453695 679090 598068 97975 323962 218299 64245 223244 970755 513932 118482 315974 254653 798903 656566 563190 197890 260622 658483 269438 242911 834738 413731 296820 330214 465374 885743 179821 341257 845186 901355 199484 240567 304202 365745 504503 707344 529572 645819 666962
504446 566295 514140 680671 93753 297913 489237 801338 519309 454648 377981 332816 482420 260615 752896 164077 999999999 543122 349889 862369 764977 666502 747034 299916 820137 342168 598864 678558 712898 177699 752684 563666 777743 913243 528294 449366 554969 317279 504127 599904 478890 598987 402482 549693 707189 529020 159185 645127 384677 596095 665941 165849 886160 676328 769039 577572 627398 109215 153428 308421 591273 556681 605161 89719 488014 304800 207358 167285 856454 374477 117794 231598 375511 760262 733430 477673 181784 407579 740063 256886 279526 892719 497560 132768 166138 348919 797633 341440 190458 738677 809081 49597 383456 344909 476807 376898 760783 377844 502192 650749
289156 201097 762502 291628 500510 318351 292224 366196 116829 95000 385627 674474 153049 458440 230438 621899 543122 999999999 721281 414836 286961 663555 521538 510195 448443 708341 308704 160190 558594 699277 278990 405559 308231 609105 80216 291933 760411 225851 562376 318825 347985 107048 142064 340975 674164 142670 467210 410044 170619 832851 671595 676588 476956 138764 231490 79094 557194 649366 545012 733970 752128 206127 318529 536228 847943 511173 603053 705409 385834 292720 653526 314223 593279 265551 614100 67813 724889 682698 634758 364954 428942 656643 526469 513435 507142 225150 264572 708733 407766 252277 282356 496318 657377 412819 599776 242060 550354 364001 321094 258768
528350 638922 853817 716621 440828 402967 513485 1054927 642847 627451 367304 668389 595567 603980 951678 490912 349889 721281 999999999 1112555 995364 1013757 1064458 648670 1100105 669003 886242 803630 1042860 436302 984938 881454 841651 1218792 743441 747504 899044 531224 851199 890121 467146 810907 590698 853188 1053061 636697 281021 952875 615091 933205 1013753 229267 1154670 858404 948401 717728 966229 364660 502201 614701 938662 626536 894417 439141 797540 653550 547467 298028 906322 441070 382119 487513 724999 980450 1070066 655575 345067 749823 1078946 572785 617125 1214385 841578 253905 238969 496981 921876 667993 331725 824190 922446 351035 727622 678537 826489 483302 1082266 385025 505519 910803
698475 592323 839038 634329 788605 716199 703614 61282 526141 497450 798499 843035 567087 665984 221980 875081 862369 414836 1112555 999999999 130074 592678 326695 684887 129120 880346 284492 441219 411650 975174 136297 389259 566700 280102 371758 427519 807553 582288 597447 288666 760853 310482 524782 355073 573007 547757 838638 308480 498969 879267 603920 1020603 84514 309532 269245 459528 489903 951876 797503 935971 770116 601236 282653 819121 977503 682773 830357 1028813 606450 704245 949603 642438 721538 159246 467043 470178 1033758 806334 489565 614740 633080 376999 563515 878139 881278 622143 414958 881312 782868 518476 442924 825433 790654 577293 660070 651175 351635 776856 731174 211726
568588 462371 812208 508318 698410 595222 573930 95515 396576 373075 672171 788307 438238 593898 102354 796527 764977 286961 995364 130074 999999999 604630 366697 622964 206140 825554 239488 315506 439846 891834 13042 364056 450253 377083 251959 356550 789026 469472 573838 247702 631373 185692 404821 312541 594645 417848 726296 304342 388307 862987 615318 917870 203578 180577 157144 329455 494175 860518 717360 873532 759702 471208 242377 731032 937677 621653 758175 932261 498414 578504 860064 538001 674857 34531 499469 345285 941537 764025 522714 528852 560393 457316 537120 768093 768498 500652 306886 826372 668955 398697 335888 724735 744930 512569 631695 526269 395855 650523 601320 140148
886095 846801 309886 952916 573597 752700 879759 551431 754807 663127 875448 423775 762038 410310 682189 564320 666502 663555 1013757 592678 604630 999999999 273471 366883 470177 451214 383234 806682 185629 664485 594329 262010 963483 423013 584454 380074 257799 609938 162568 372728 914658 601279 637089 327319 46834 782160 757560 300378 563928 315299 11327 820514 546275 691051 735403 742617 112081 693339 521688 528243 203555 847078 376309 580417 470820 362013 500132 785375 1034713 799957 680697 582008 310707 630585 144529 655650 762147 343595 130270 463312 401302 336326 176319 767226 791642 700304 866193 452589 732413 905586 893459 663199 347619 348685 198919 754393 256787 859647 908588 480701
794205 722132 555294 807317 656546 721417 792659 294630 633267 559063 834289 611035 656447 496690 460024 699616 747034 521538 1064458 326695 366697 273471 999999999 486066 199671 645871 215165 631865 87886 805905 359170 183986 785349 176391 444105 320516 513187 566389 327099 206046 840130 429604 554865 216264 248252 660807 785455 118973 492980 579449 284784 912704 273454 498193 516381 595957 186786 808809 633844 715019 466874 726234 205100 677104 708952 482237 641491 897916 846213 744195 800895 581077 482791 398052 140388 541179 888043 551383 162876 494931 471019 150963 303637 810967 826291 643210 661291 647091 742762 728551 690182 725631 543654 404740 391311 690907 30090 814628 822848 276691
627066 632703 272472 752974 207850 446857 616078 625355 552131 458378 566091 168432 537434 63208 651070 214182 299916 510195 648670 684887 622964 366883 486066 999999999 607466 204813 400397 670137 434702 320368 609937 316495 809812 661312 454042 266659 292244 344390 205015 396570 633860 509970 411384 331566 408433 574145 406148 406740 347922 353293 366095 454679 683579 607005 687141 576783 338265 332857 156941 251546 312545 628015 402575 213627 337764 4885 155586 424790 890043 512348 322264 275590 97792 631587 445201 466686 407840 176789 448784 159952 83295 620640 203061 407959 435378 429577 769869 205485 393772 757392 790424 300507 149831 110474 179045 481393 493241 555167 640289 485655
737489 643169 732273 704574 738524 718409 739958 113798 565111 515451 814953 756076 599835 598900 308434 809974 820137 448443 1100105 129120 206140 470177 199671 607466 999999999 792879 221292 514448 286329 913777 204019 294974 655271 171362 386522 371295 696382 571595 492769 220776 794345 342043 530615 278612 447610 590054 820257 205981 488360 766215 481492 983590 79721 375848 363089 508846 372346 900301 735575 854262 655152 650257 215317 765836 877629 604676 759476 982928 704545 720314 895818 615799 630333 240667 339901 490895 982163 710303 362090 564479 567666 254783 461600 854973 862964 628071 512866 793952 768508 602426 541810 788538 697415 506053 557046 665718 223356 793681 769193 196440
786615 811457 192043 932523 284424 587696 773657 822148 737814 647834 694350 37375 716642 249983 855865 180681 342168 708341 669003 880346 825554 451214 645871 204813 792879 999999999 597070 867065 577884 245370 812565 497916 1000645 821624 656484 470377 246129 520663 321872 592049 780156 714161 597444 525302 498004 757277 493233 587383 540998 266145 445419 443571 871219 810649 891759 770671 470694 305273 206982 77704 298288 805181 598046 262026 153164 205385 139140 386286 1081435 661558 288239 436934 163777 835349 569903 659645 349374 108542 565859 345184 280600 761931 342238 474429 507403 595471 970717 1389 504728 950420 990247 371113 105032 314628 261717 641989 646021 688470 794026 686956
579237 508205 572809 598128 517597 519211 577968 225282 418571 344312 626751 559703 441300 383590 302165 594137 598864 308704 886242 284492 239488 383234 215165 400397 221292 597070 999999999 432531 251528 696365 227266 127087 589162 336458 229948 150218 549892 366103 334603 10777 626373 225414 343334 73660 383154 446223 605315 101415 286884 624021 393046 762555 290236 309159 353569 385131 271256 679836 518004 651533 522406 511899 10070 545511 701269 398285 547111 761779 656581 534626 675825 399158 440773 258527 308993 326029 761798 528169 330717 343306 351254 358691 297719 637693 647715 435456 483316 597999 556247 531329 510869 567776 510591 293309 392241 480545 243022 606444 608148 101806
296675 176968 922010 193129 646986 414893 307460 410199 165313 227392 440976 833620 210634 617488 219736 772488 678558 160190 803630 441219 315506 806682 631865 670137 514448 867065 432531 999999999 682812 843357 313879 544956 157023 685010 228421 446303 918475 366780 716650 443276 365087 207245 280793 479512 812505 167117 578835 531697 326559 991375 815455 796489 518923 138779 182083 101356 697056 787151 697445 890008 907964 188844 441377 682807 1007816 671183 757970 834041 229557 363013 793197 458359 753411 282984 741166 209776 858573 842888 763118 522476 588515 751473 680022 627411 614507 334885 121264 867420 520304 99061 130533 629832 817551 572864 756980 327029 661819 421238 328169 355255
817093 755752 473992 849216 620151 722671 813872 375415 664618 582781 840338 544495 682408 455092 527565 648599 712898 558594 1042860 411650 439846 185629 87886 434702 286329 577884 251528 682812 999999999 754460 431050 171762 838783 248545 478805 318239 429410 568806 256032 240982 857527 476326 570609 225489 161433 692481 768291 151119 503067 493999 196935 876975 361170 554489 583184 635977 108073 764992 588360 649907 381226 758538 242199 636976 630356 430449 587825 855897 903753 754053 755590 569462 417425 469236 60022 568341 841953 478797 83160 470118 433422 186619 238876 789116 807509 651926 723764 579159 730622 781178 752237 696721 473795 368129 318108 702632 73384 821745 843913 333127
682128 741056 437258 856898 199217 475408 666934 914021 688705 616439 552792 255926 654470 315304 894198 106293 177699 699277 436302 975174 891834 664485 805905 320368 913777 245370 696365 843357 754460 999999999 879022 631643 950494 980389 672360 548175 489810 476870 512078 694912 655760 740845 563154 635272 709761 700549 331187 720404 532251 510666 660946 207039 986268 826148 916932 742006 655056 81218 178378 180864 538732 731837 700700 163963 361674 324431 167170 142675 1029958 552107 65225 385835 353780 892206 761238 636956 104057 343621 762493 363028 346113 940737 518635 294396 326976 521037 960049 244150 367884 909146 973574 226097 328221 408975 465582 552656 813589 553969 679733 765468
562300 457391 799855 506232 685773 585329 567340 96347 389852 363848 663679 775323 430897 580870 105130 783598 752684 278990 984938 136297 13042 594329 359170 609937 204019 812565 227266 313879 431050 879022 999999999 352254 451335 375334 241511 343512 776990 458271 561756 235617 624557 176324 394615 300157 584992 411621 715177 293956 376794 851005 604967 905947 206525 177394 161000 323897 483612 847964 704449 860493 748032 465998 230351 718329 924920 608631 745161 919963 501244 569791 847440 526062 662019 39015 490804 336187 929035 751253 514043 516022 547365 453210 524967 756744 757442 490816 310315 813381 657998 398991 339388 712623 732092 499538 619386 517281 388528 642028 594970 127468
649815 596211 451990 696866 473998 551063 645795 335077 504145 417641 668585 461102 517733 317930 429115 525874 563666 405559 881454 389259 364056 262010 183986 316495 294974 497916 127087 544956 171762 631643 352254 999999999 701882 351291 325577 146477 425508 397050 211030 117591 687797 339269 401399 65456 268806 531949 603518 90462 332367 499200 271108 729464 373413 429919 479902 484540 152303 628966 456168 559874 395898 597863 122419 495956 588297 313289 471199 716858 772718 582672 621974 401164 335702 384886 217665 405833 709241 417879 235648 310959 290213 332957 175442 627713 643865 480513 605641 498985 562940 643946 632537 541659 403543 224427 271777 531673 200833 650038 675662 228717
313473 214393 1068744 129250 760780 489497 328646 545603 265103 352870 475846 968811 296032 753767 348364 890241 777743 308231 841651 566700 450253 963483 785349 809812 655271 1000645 589162 157023 838783 950494 451335 701882 999999999 826628 382396 599417 1068288 484454 870083 599923 375624 364123 403508 636430 969528 250257 655948 687747 461938 1140388 972183 874743 648900 287414 297514 234179 854033 886824 819170 1016570 1060310 225475 597895 796035 1145716 811314 883356 921554 80888 421566 895181 574702 897212 415946 897424 343146 951784 985116 919509 655949 726897 899603 833853 704727 685620 429503 157691 1000879 601461 57962 134930 728150 958993 718000 907971 403331 815403 460226 336708 508836
896071 807498 722085 873994 824753 855214 897241 282955 725785 667101 959993 787047 757216 668693 479438 874178 913243 609105 1218792 280102 377083 423013 176391 661312 171362 821624 336458 685010 248545 980389 375334 351291 826628 999999999 540776 471737 675909 702551 501358 331031 949620 504907 674655 366603 386841 751737 937913 268432 622630 737715 433762 1079064 198331 546252 533568 674081 356077 980206 806646 891274 625183 813865 327409 847225 878900 657590 816880 1068101 875182 866527 973015 731459 658875 411603 278486 644633 1060277 725476 294532 657656 641479 110197 479476 967381 979824 769506 683225 822856 890909 773728 712059 888419 718800 575550 564843 811948 176621 939255 926991 350630
355726 278266 696431 371843 473546 344540 356502 317238 189349 129168 430554 621316 216696 407467 224606 587125 528294 80216 743441 371758 251959 584454 444105 454042 386522 656484 229948 228421 478805 672360 241511 325577 382396 540776 999999999 217884 690856 219963 488294 239854 409124 71068 153294 260842 594303 216760 475592 330998 143671 764120 592668 673610 424409 156149 244747 158989 477432 630204 508300 688720 679555 282139 239883 508431 790703 454448 561130 694461 457719 335749 632261 296898 531306 239048 534031 104460 708916 621931 554613 320798 375962 582207 451779 518601 517488 250386 316634 656994 417671 325192 338602 484572 597646 350854 528953 281642 472544 409058 386324 191226
509494 467005 483340 575588 367379 404825 504399 366592 375225 283061 522119 433352 382219 239404 387767 447563 449366 291933 747504 427519 356550 380074 320516 266659 371295 470377 150218 446303 318239 548175 343512 146477 599417 471737 217884 999999999 474239 250587 270669 150635 544041 257578 259728 105757 397863 402394 467034 205639 188305 548004 386982 613777 440064 356102 428031 369645 282222 529705 370150 516992 461673 467069 155999 395472 590851 265525 404209 611637 675478 436746 525905 261262 326928 365029 362398 276188 611693 418007 378964 193187 206150 471480 234550 495645 508597 334605 528595 471139 422568 542604 552513 419878 396197 156185 311801 386428 341672 503634 533921 221046
915143 909428 59336 1027181 475318 739091 904903 757300 823328 727403 858101 234851 815489 355184 846599 410056 554969 760411 899044 807553 789026 257799 513187 292244 696382 246129 549892 918475 429410 489810 776990 425508 1068288 675909 690856 474239 999999999 629119 215299 541375 925173 730633 686155 478133 301415 847711 686712 499191 616180 74489 248356 680171 775667 828592 893251 834706 326962 542273 402364 320623 59390 906173 546654 466001 217014 288516 351577 628147 1146233 803736 526212 566951 194836 808193 399591 729975 593782 149473 387551 447064 368342 593798 252441 679739 710335 717476 1002528 247443 681751 1012687 1026708 570702 171700 355045 162688 770470 502793 847386 930058 651246
286778 291113 615941 412165 280306 155044 277507 524016 219414 139576 271765 491020 196034 282830 442043 407323 317279 225851 531224 582288 469472 609938 566389 344390 571595 520663 366103 366780 568806 476870 458271 397050 484454 702551 219963 250587 629119 999999999 469138 371870 305911 290704 86300 350496 635321 237094 256964 448107 83889 694993 614813 454848 623667 360455 453601 265532 524301 423930 334803 532348 637079 285382 375251 316102 669861 347029 399079 480140 565267 190169 428652 91686 440060 458699 611603 160827 499039 520445 627092 184444 262578 716588 440965 298855 299373 91240 483265 520773 200580 438053 496785 270599 492986 279502 484073 145710 589528 253749 304317 379843
753084 728617 241636 841718 411084 603501 745123 545102 638598 543384 726482 288834 638374 248067 632139 408900 504127 562376 851199 597447 573838 162568 327099 205015 492769 321872 334603 716650 256032 512078 561756 211030 870083 501358 488294 270669 215299 469138 999999999 326145 774871 521709 509402 262955 203419 664745 597065 289641 436216 289526 162783 659539 572487 618561 679755 639507 149008 534911 361055 394557 192683 727141 331466 418625 385482 200172 345387 627091 946010 656671 523073 429771 163297 592905 251437 541135 606464 224306 250849 307927 240985 440486 37647 605298 630272 560377 793880 323151 574600 813254 818998 500743 217848 194416 64783 614846 325015 711983 772798 435958
588171 518061 564978 608511 517749 525444 586733 230105 428220 353092 633854 554701 450443 381383 312050 592216 599904 318825 890121 288666 247702 372728 206046 396570 220776 592049 10777 443276 240982 694912 235617 117591 599923 331031 239854 150635 541375 371870 326145 999999999 634780 236138 351054 67175 372432 455909 609120 91219 293426 615417 382577 763996 291358 319887 363729 395447 260718 679627 516536 647375 513279 521652 6013 545202 694659 394347 544388 762193 667357 542043 675344 402760 434887 267474 298327 335188 761533 521786 320014 343799 349314 350641 289434 640893 651421 442483 493952 592994 560637 542085 521535 569528 504579 290344 384350 488091 233615 613645 616919 111132
68460 188313 905339 249486 500076 192462 58584 713971 234802 283152 110451 757116 195019 570653 557855 626946 478890 347985 467146 760853 631373 914658 840130 633860 794345 780156 626373 365087 857527 655760 624557 687797 375624 949620 409124 544041 925173 305911 774871 634780 999999999 454931 286957 632459 938202 214897 327370 721883 355826 987002 919871 532007 824917 460337 536543 305372 824836 580034 574681 770254 938135 176276 636393 529525 933318 637294 643855 590512 439219 121513 592677 358325 731627 606247 905396 304991 628924 803412 922681 478992 557255 984916 746866 371371 344304 214777 473319 779913 288639 363807 468579 432865 775623 583490 787073 160402 866486 103114 39156 600263
396060 302595 740917 378031 542505 409771 399270 259878 223206 187525 488017 678266 259923 467407 154085 653528 598987 107048 810907 310482 185692 601279 429604 509970 342043 714161 225414 207245 476326 740845 176324 339269 364123 504907 71068 257578 730633 290704 521709 236138 454931 999999999 220301 274055 605722 248017 545531 325276 214563 804727 610336 744659 370200 98593 178949 169860 490849 700268 574325 750237 714367 309032 234391 577092 843759 509928 624799 765335 433516 393823 701986 367759 581447 169682 534305 159921 779325 672613 556118 385250 434981 558072 484316 589020 587195 315161 272231 714749 487245 306204 297351 555517 649449 403123 567946 341039 459218 466373 428092 157132
249787 223312 678547 342250 366207 191439 244790 469337 140993 53404 285519 566168 129741 352717 365991 492146 402482 142064 590698 524782 404821 637089 554865 411384 530615 597444 343334 280793 570609 563154 394615 401399 403508 674655 153294 259728 686155 86300 509402 351054 286957 220301 999999999 345510 657136 162882 327641 436137 73504 754944 643254 534674 574541 279480 372686 179742 541921 509750 418187 613747 688079 220107 353206 402034 744005 413400 480756 563627 484382 191907 514746 177619 503479 389964 619062 75274 584048 588107 636785 253899 328109 701644 477544 372872 368556 98030 396966 597651 268606 354984 410600 355063 561210 331222 533469 137448 580615 264644 274472 334422
591632 533607 499701 632518 464178 505531 588388 297031 441785 357654 619869 487978 457519 320288 369914 531365 549693 340975 853188 355073 312541 327319 216264 331566 278612 525302 73660 479512 225489 635272 300157 65456 636430 366603 260842 105757 478133 350496 262955 67175 632459 274055 345510 999999999 334000 469648 572787 99916 279609 552453 336298 715063 352805 365695 419082 419824 217722 624189 457204 581612 452822 535691 73100 489754 627672 329146 481507 708957 707402 531344 618931 366959 367722 330215 276663 344243 705729 454680 296092 292891 289183 367027 225692 601027 614312 429589 541667 526261 528061 578495 568305 522670 437403 227618 319293 479010 239042 600603 618437 173355
906852 862015 354848 965117 613883 781214 901212 535366 769834 680076 903472 470384 779735 449084 676832 608878 707189 674164 1053061 573007 594645 46834 248252 408433 447610 498004 383154 812505 161433 709761 584992 268806 969528 386841 594303 397863 301415 635321 203419 372432 938202 605722 657136 334000 999999999 797449 793393 293015 584640 355606 53990 862886 521515 692312 731179 753204 117132 737047 564241 574982 245491 862936 375382 622036 515925 403591 544781 829174 1038899 825466 724694 612801 356057 622233 110854 670827 806767 390427 92406 496475 437988 295374 212051 804838 828417 724777 866026 499378 766045 911566 893796 702107 394289 382356 244291 778438 227960 887052 930422 476832
150742 64642 841225 179598 510675 250586 156688 503150 27876 121413 276469 726928 46857 514958 343096 640460 529020 142670 636697 547757 417848 782160 660807 574145 590054 757277 446223 167117 692481 700549 411621 531949 250257 751737 216760 402394 847711 237094 664745 455909 214897 248017 162882 469648 797449 999999999 416659 546745 231593 917125 789271 635686 614667 245488 324377 90574 680489 638231 570502 769049 847533 66077 456220 545854 905350 576212 635791 677600 330432 195900 646044 325705 666318 391828 745985 126639 705448 750908 765715 415914 490903 798300 631193 465572 450549 180107 287006 757420 359381 209823 291285 479509 723947 492695 692916 162145 689121 256075 183500 401433
361892 441555 652338 547624 213205 166897 346058 779794 413694 372431 221869 478914 370322 351061 693614 320561 159185 467210 281021 838638 726296 757560 785455 406148 820257 493233 605315 578835 768291 331187 715177 603518 655948 937913 475592 467034 686712 256964 597065 609120 327370 545531 327641 572787 793393 416659 999999999 672618 339701 735550 759066 219302 876799 605891 698680 482146 698373 253428 290294 466061 715627 430569 613440 231251 642740 410779 354584 267667 731468 236402 266902 206508 496252 714636 799403 399434 302948 545045 810067 300124 356330 935922 581736 48967 42797 245988 700095 492654 59523 623865 706990 122183 518846 411769 583884 254916 804226 224480 354637 633272
677120 609122 530937 699478 557481 603054 675142 258832 519003 441839 715377 550739 540101 405675 383818 614956 645127 410044 952875 308480 304342 300378 118973 406740 205981 587383 101415 531697 151119 720404 293956 90462 687747 268432 330998 205639 499191 448107 289641 91219 721883 325276 436137 99916 293015 546745 672618 999999999 374036 571281 311013 810885 285167 404248 438271 486538 189957 714981 543942 650132 463286 612578 91748 581155 672836 403594 561101 801634 753295 625227 708649 466873 424497 330316 209774 425000 795840 504499 232117 389237 376702 268483 256899 700396 714061 524252 575348 588474 627948 630105 603543 619996 491434 311835 353104 571980 144604 695679 705327 184603
322328 294067 610912 411001 333034 232599 316591 440397 207242 111585 341374 508125 202231 292295 368264 451830 384677 170619 615091 498969 388307 563928 492980 347922 488360 540998 286884 326559 503067 532251 376794 332367 461938 622630 143671 188305 616180 83889 436216 293426 355826 214563 73504 279609 584640 231593 339701 374036 999999999 685925 569990 531056 539787 294110 385765 229807 469972 487310 374535 563886 616344 291730 296358 368436 684066 349499 432556 550796 542295 251749 489908 153227 437037 379446 549768 118998 565537 523712 566878 195994 264960 641859 404129 380139 382314 150253 435170 541319 284131 410097 452394 340955 497340 261258 461685 199600 517539 321648 345915 295985
979779 978228 83348 1096714 522473 798683 969057 829823 893165 797403 915777 265090 883806 416475 921073 442375 596095 832851 933205 879267 862987 315299 579449 353293 766215 266145 624021 991375 493999 510666 851005 499200 1140388 737715 764120 548004 74489 694993 289526 615417 987002 804727 754944 552453 355606 917125 735550 571281 685925 999999999 304928 709351 845168 902780 967732 906522 394782 570901 446615 332766 112796 974604 620654 509069 190231 350016 389094 652287 1218665 865498 554048 628848 255749 882415 459535 800862 614304 190506 445420 511412 432702 650824 326785 724632 756259 782072 1076485 267283 735128 1085071 1100518 616604 217011 424727 236895 834391 567209 906070 993515 725471
891989 853904 301114 960570 573281 756630 885493 562530 761981 669951 879473 418565 768658 410844 692432 561429 665941 671595 1013753 603920 615318 11327 284784 366095 481492 445419 393046 815455 196935 660946 604967 271108 972183 433762 592668 386982 248356 614813 162783 382577 919871 610336 643254 336298 53990 789271 759066 311013 569990 304928 999999999 818995 557602 700514 745512 750627 122169 691023 520183 522638 193509 854052 386228 579411 462154 361215 497199 782971 1043682 804702 678183 585346 307303 641129 155290 662840 759146 337484 140494 465978 402736 346278 178821 768022 792769 705364 875794 446797 734729 914309 902990 663482 342291 351339 195705 759537 268002 863853 914222 490867
574987 660418 631912 763916 256929 386188 558980 959961 631811 583311 421778 446344 589188 422510 896848 270244 165849 676588 229267 1020603 917870 820514 912704 454679 983590 443571 762555 796489 876975 207039 905947 729464 874743 1079064 673610 613777 680171 454848 659539 763996 532007 744659 534674 715063 862886 635686 219302 810885 531056 709351 818995 999999999 1048032 813966 907221 698390 788783 138475 298831 386136 723695 649271 769146 241889 568465 459488 331264 72928 949550 453796 155336 379885 517947 910412 895381 609049 120972 530810 900967 422175 443745 1057872 656408 170339 190220 461905 917633 442490 276479 843166 925366 195577 510666 509632 625538 474176 926119 430049 563602 809741
764690 662894 811923 711855 807088 765154 768715 111627 591517 553051 854873 834302 630000 672339 301790 883353 886160 476956 1154670 84514 203578 546275 273454 683579 79721 871219 290236 518923 361170 986268 206525 373413 648900 198331 424409 440064 775667 623667 572487 291358 824917 370200 574541 352805 521515 614667 876799 285167 539787 845168 557602 1048032 999999999 383811 351481 528739 450806 969723 807892 931651 733802 671134 285585 835536 957284 680937 834307 1050571 690328 760096 965950 675051 709068 236048 412147 526855 1051727 789654 433629 632485 640524 299989 541224 913642 919597 672571 498543 872276 823131 599503 526703 852500 776469 580313 636746 706050 294411 833338 797082 243868
395004 284028 839435 329382 626969 455927 401972 273544 228036 233750 514048 775041 273584 562588 97726 742752 676328 138764 858404 309532 180577 691051 498193 607005 375848 810649 309159 138779 554489 826148 177394 429919 287414 546252 156149 356102 828592 360455 618561 319887 460337 98593 279480 365695 692312 245488 605891 404248 294110 902780 700514 813966 383811 999999999 93258 154965 579534 780748 664128 844537 811231 293560 317067 662220 941763 607113 717273 840495 349295 424153 783789 445201 679823 150419 613814 206465 857947 770957 636316 476947 530625 613668 581041 651914 645903 363519 176095 811202 546476 231305 202631 630655 747621 501021 665916 376370 528270 492703 427853 222227
469241 352396 908436 371666 717935 546823 477983 250706 310838 326289 598620 855572 357810 646056 56480 831591 769039 231490 948401 269245 157144 735403 516381 687141 363089 891759 353569 182083 583184 916932 161000 479902 297514 533568 244747 428031 893251 453601 679755 363729 536543 178949 372686 419082 731179 324377 698680 438271 385765 967732 745512 907221 351481 93258 999999999 235210 623358 872947 752573 929050 871325 363303 359708 752973 1018372 686886 803713 933530 341614 511120 875673 537677 754796 122763 643205 299298 950541 845949 666296 563960 613452 614147 642125 744903 738450 455333 149780 892381 639216 249774 178753 723613 823705 578916 731357 465312 546154 577590 501758 254762
240311 134541 834573 213314 545809 321167 247020 417119 75805 126413 363503 737928 123116 522068 252528 671802 577572 79094 717728 459528 329455 742617 595957 576783 508846 770671 385131 101356 635977 742006 323897 484540 234179 674081 158989 369645 834706 265532 639507 395447 305372 169860 179742 419824 753204 90574 482146 486538 229807 906522 750627 698390 528739 154965 235210 999999999 636260 686025 597297 791187 828233 142408 394809 581618 913665 578132 658695 734174 313649 277588 691943 357165 663197 302384 692016 111048 757937 751453 712878 425504 494241 727534 603941 530318 519156 236564 220376 770974 423076 180616 231766 528998 725526 483822 675102 235324 625141 342566 273161 326869
