NAME : synthetic_000297
TYPE : CTSP-D
DIMENSION : 100
GROUPS : 8
RELAXATION_LEVEL : 1
EDGE_WEIGHT_TYPE : EXPLICIT
EDGE_WEIGHT_FORMAT : FULL_MATRIX
EDGE_WEIGHT_SECTION
999999999 597697 387675 878104 744581 996669 639413 1084741 864510 501051 450874 201767 660254 488774 876289 815794 952645 651680 403100 391873 379349 940318 370201 154119 768072 313366 786552 451464 674807 499544 961496 591623 920612 936822 539137 561774 350366 775619 518996 313122 829149 944440 838968 762145 805532 304890 430616 770660 692232 357065 918181 367622 525374 690045 620025 246239 345479 334280 967110 774731 615879 877442 554017 553726 904529 960035 920728 694114 651999 412491 14181 283384 934520 427478 922553 1023920 442819 1016545 122968 506623 1011478 911098 660220 785088 1006161 433267 575586 863711 264360 278696 940469 821483 539049 889576 781251 883567 606657 622564 628689 240225
597697 999999999 224722 368480 323329 800453 451036 786551 512184 146822 189587 672519 163415 812209 307993 311899 691148 417063 589653 509363 402049 684953 458900 512913 209892 300122 755775 577896 771022 104077 707863 228310 778793 569901 635199 197994 439813 281873 223724 291789 684771 346989 438910 502220 658694 293031 303437 521780 370325 268788 612453 230075 78269 271987 902171 455538 283500 325044 610362 752306 189530 536678 159586 77895 534318 667144 323529 690515 112584 445431 600372 499297 348577 335562 480726 712649 156759 684708 551470 121783 699518 358996 280961 471832 594440 367924 443605 540510 484777 322873 773573 605258 714694 355352 224676 532379 81116 883449 383136 600781
387675 224722 999999999 499794 384883 766062 379068 801812 542780 114484 176904 447806 275181 606211 488697 436821 682645 365768 392959 317237 330600 672915 377256 337361 424599 153773 647283 395338 618677 120680 696317 331413 718321 612961 469673 290594 238653 397272 274670 132427 618748 567718 494760 477544 591603 106051 272400 493041 366979 160334 622743 65921 146807 325739 708344 232944 60777 217892 649575 640302 325120 562033 259724 167956 577308 673753 539759 565907 310220 265658 392689 374714 547549 299531 566940 731515 104034 713460 328305 119253 718118 525148 305421 475246 665984 204893 339665 555773 265239 144242 724086 567261 534440 506235 439221 563686 262670 693463 332173 451358
878104 368480 499794 999999999 157648 566379 388492 486935 249139 386654 552056 880277 228504 905826 131283 62979 437826 343920 692349 621649 766217 438086 822438 835883 430725 633424 649406 652168 743019 417922 455785 581698 588108 269103 661094 559290 591349 102754 590816 617673 522407 323008 169328 335263 504686 602151 670478 352316 259398 614825 348929 543875 399834 195691 950339 664100 533218 676474 305936 652787 534059 272743 523874 358596 243605 396717 278528 626685 430893 555503 885109 851190 199239 702890 142314 417756 494504 381219 793179 391265 406927 90014 232892 274001 253168 488088 434896 291314 673867 639383 566609 419427 755133 47904 437822 260530 432480 923443 334933 942655
744581 323329 384883 157648 999999999 493288 236531 463419 189295 281868 479652 730114 160038 748357 242997 114141 374939 191030 534935 465208 687516 370483 741180 720623 459379 532233 519777 494534 596227 332990 392411 551604 490931 247476 505728 520625 439351 91060 541118 513358 409549 426089 117483 213377 387455 490852 601271 233151 106267 523030 291893 439535 323086 59781 795630 518913 406213 585724 287685 521134 510908 214225 481435 281364 211527 346446 381083 484723 417768 400023 752833 754961 323365 633629 182122 389507 407760 361440 651195 296187 376447 232524 84417 163807 284440 336086 278305 220551 524869 529032 477453 313161 599584 192816 470462 209218 401813 769322 178271 836194
996669 800453 766062 566379 493288 999999999 387735 174769 319371 707304 917114 879393 644664 719407 695784 572453 129270 402142 618161 606463 1096605 128304 1141654 1043801 952655 916085 270837 562050 438119 774700 111729 1024314 97405 304706 492495 988586 649876 572468 998363 893389 168351 888884 403311 299467 191144 858736 1031688 280711 430429 926260 217595 831892 775495 532685 679476 754485 750391 983294 277560 283912 989649 294556 948770 739938 323837 174877 843955 339908 904513 587155 1009394 1124183 765139 1061428 434855 188761 835132 224694 875391 732099 191255 654365 519496 331391 366705 591281 437707 279162 732351 892685 62854 199997 551870 613985 963633 306045 881515 648728 437048 1172648
639413 451036 379068 388492 236531 387735 999999999 446815 243639 332715 537207 567617 323790 526526 477836 350671 317216 45613 331574 279718 709275 305747 753928 665012 638250 528353 307058 281669 360698 402123 328230 660179 341216 311881 274285 621709 291150 324275 624563 505654 242341 652766 256164 123970 215223 471144 647792 131249 130355 539401 279349 444986 408319 231944 562183 393369 363119 595742 335752 305023 632578 249524 582724 379434 285496 320810 608956 254677 562775 232310 650765 738128 558408 676658 346864 384520 454500 378114 525315 359842 372066 468627 197789 162072 393810 210925 66561 231351 381787 505500 345152 191601 368240 427981 651623 259030 530145 535032 70502 792617
1084741 786551 801812 486935 463419 174769 446815 999999999 274385 722071 931124 992400 623439 866172 617597 511334 133729 443136 734920 707138 1127899 146822 1177683 1109665 906862 955549 431065 678360 595132 783705 128885 1014859 265212 222550 622546 983138 734610 523456 1001018 933852 298954 804923 351018 328598 311229 903046 1051111 316758 437361 957509 179566 865466 778611 515779 839821 838528 799217 1018247 182808 443135 974272 250199 943663 738716 255524 128342 762047 484497 879568 673190 1096431 1173838 676114 1082627 344809 73913 852898 106168 967980 742856 87053 566572 515651 327765 245248 657403 509253 249674 823332 939668 227504 265772 694429 531146 915877 254208 865218 808857 473350 1236033
864510 512184 542780 249139 189295 319371 243639 274385 999999999 453739 660233 809444 349187 757915 376914 253491 193173 217146 574319 522826 861967 191518 913570 866461 641317 695779 421545 522678 542914 512525 211186 740487 339927 72405 500136 708813 525675 256964 727375 675048 282767 570162 84217 130842 269496 647325 781136 138138 177250 693217 105481 603792 505954 241679 773812 622474 549582 755113 106811 427434 700177 25688 669384 465446 41871 158889 525062 420177 606635 471044 874701 917487 448361 813054 134648 200504 583948 174640 756927 472693 187339 338588 244656 82084 150220 431960 309281 42494 616851 685036 317508 180050 590546 297036 651380 21076 591054 744330 236098 988825
501051 146822 114484 386654 281868 707304 332715 722071 453739 999999999 210674 544788 160742 666556 375486 323703 611222 307271 443219 362789 408404 602888 460797 449240 356659 251255 628020 431175 629658 69482 626384 328546 672088 520955 490451 289433 295010 284594 292475 233457 574268 468345 396539 409458 547312 215559 329196 427265 285404 241434 542721 159177 80113 222099 755349 322885 159405 304046 559391 623213 305112 475246 250931 71029 484734 595948 436727 556454 254510 298612 506488 473503 437097 360572 462114 649662 130833 627749 433820 28389 636210 410749 209451 394840 566129 221398 312180 472617 347713 253023 672266 507525 568364 391871 371428 474812 212621 736683 271954 558492
450874 189587 176904 552056 479652 917114 537207 931124 660233 210674 999999999 569711 330251 767721 497498 492466 821833 515656 563372 490651 214191 813552 270625 340526 318581 137551 819595 570198 795580 147708 837045 161788 878341 725050 646321 123064 410519 458360 98323 141186 779531 512898 596947 619988 752392 164478 121636 637613 495621 94499 752171 125533 157025 421443 876621 380941 227792 139533 764402 813244 170386 682675 104698 199323 688762 805766 497762 740520 205025 442133 450340 310836 534328 154074 652195 858232 82721 834834 436856 188321 844802 548333 415874 604741 762157 380993 506801 681450 418993 176483 880376 717148 708703 542873 331301 681223 163923 863566 480464 415344
201767 672519 447806 880277 730114 879393 567617 992400 809444 544788 569711 999999999 687748 289396 908115 821889 858726 592824 261234 288748 556153 845580 557707 346390 868176 440307 641107 317459 507184 568451 864345 726746 793682 879159 392217 691117 291198 782635 655184 430347 711792 1012410 803525 690290 691659 405695 585026 693859 653879 485446 841719 457507 594466 684624 420758 222760 389736 484549 903169 628207 740048 816970 673643 610777 851210 875466 981513 551839 751473 339221 214872 477451 976897 589984 893329 940088 534037 940075 134907 560130 928829 931076 648417 727365 958517 394107 501122 798914 206595 396087 819067 727147 366901 901952 882484 825950 703743 425554 579391 441913
660254 163415 275181 228504 160038 644664 323790 623439 349187 160742 330251 687748 999999999 768068 220675 166191 531232 282904 543361 464408 543011 525745 598456 608687 317227 404920 629899 516824 672772 190256 548302 391605 631068 406541 554278 361129 413253 129291 383639 389310 541379 349479 275600 350669 516555 375004 451186 370719 219889 387095 450574 315726 174217 112009 838723 465445 315506 449162 446976 628472 351045 373903 322220 132027 370912 505262 310305 576550 260220 395428 666150 623311 290182 483762 322479 549526 267123 521312 586118 162929 536445 250856 130957 313589 434231 317360 335957 378756 483318 411806 622345 454246 643095 231161 329996 369230 241886 816003 253304 714165
488774 812209 606211 905826 748357 719407 526526 866172 757915 666556 767721 289396 768068 999999999 971866 858393 739869 567213 225376 305741 810789 726523 822966 623066 1021585 660885 451279 254833 286966 714640 739622 929372 623507 816695 257961 889757 372614 824511 863590 644273 567264 1116792 782480 627124 555983 610090 816523 622076 648556 701621 753019 642827 737184 721689 131399 388419 546652 719841 828805 437780 929703 756207 863109 737542 798099 770536 1078363 382191 912269 373799 502390 751592 1049761 829077 872619 831179 708699 842952 392752 690440 822672 977008 682116 681549 904800 453174 471939 733275 349150 615628 656585 621383 172685 939791 1036394 768714 865794 137960 571279 728481
876289 307993 488697 131283 242997 695784 477836 617597 376914 375486 497498 908115 220675 971866 999999999 132075 567808 432236 750360 673993 708435 567524 765393 811855 315235 600938 760337 717303 838420 384787 585819 493755 712758 400374 740332 478259 629680 153565 516315 589005 641338 193255 294207 448158 621625 581442 607865 466748 348566 574150 478835 519019 361538 252305 1030070 686026 533891 632282 437133 762372 443643 401325 447439 326214 374301 527523 148178 727720 340097 605256 881382 807064 80572 639198 272800 548904 456197 512133 806289 370385 538157 61038 291449 390169 380002 530091 512428 418392 703037 616038 693151 539892 833094 86771 320134 389772 353899 1004954 414560 906879
815794 311899 436821 62979 114141 572453 350671 511334 253491 323703 492466 821889 166191 858393 132075 999999999 446590 305168 641492 568708 706398 444951 762370 772941 395986 570970 628351 603776 710078 356161 464621 530606 583716 289041 618877 506027 534485 40200 535392 555017 509955 322149 169289 316154 489868 539222 611846 334855 220371 553097 358220 481131 338792 139448 908934 604225 470678 614977 328529 630505 484342 278823 469520 297176 258336 409719 276704 597452 382714 501506 822672 789398 211297 644354 175795 439417 432915 405246 732277 328655 427577 119088 178347 258793 291104 431636 390890 293333 615306 576497 565727 409190 712535 81930 404675 268822 379864 882877 291190 880118
952645 691148 682645 437826 374939 129270 317216 133729 193173 611222 821833 858726 531232 739869 567808 446590 999999999 318481 601692 573469 1011787 13447 1059843 982060 832545 835718 320598 545208 477538 676027 18045 917981 179021 175823 491966 883929 602305 449339 897594 813572 177259 760666 277376 205113 184258 781281 939809 190424 326731 840835 88973 747467 673850 419737 722403 706587 675470 900344 151446 331220 880624 167767 844107 635950 194735 48586 715892 361132 791292 540542 964500 1051125 636269 970640 305612 92904 741495 115656 835169 634056 87058 525398 412051 219717 243592 528119 377855 155342 690479 817143 146026 132140 567352 485286 842985 178294 771638 691479 350817 1109330
651680 417063 365768 343920 191030 402142 45613 443136 217146 307271 515656 592824 282904 567213 432236 305168 318481 999999999 365996 308053 696146 308154 742861 666780 599071 517986 347041 318637 406248 375944 331392 631515 365353 288170 317572 593907 308835 278679 599684 495662 268789 607857 218241 114552 242273 462909 629547 128063 85011 525327 268721 431236 379731 187377 606427 407385 357062 583644 316050 345880 601624 227048 554489 348148 258709 315112 563901 298957 527747 253990 662432 732655 512808 659325 309555 376849 433365 365931 541282 333285 363875 423292 154563 135385 365693 218595 97355 212121 400064 498665 365040 202300 411640 382830 612199 234624 497178 579556 35317 792901
403100 589653 392959 692349 534935 618161 331574 734920 574319 443219 563372 261234 543361 225376 750360 641492 601692 365996 999999999 80652 643451 588390 667223 497017 799488 474100 386080 56668 275842 494689 606265 722894 532983 640221 136493 682379 154346 605982 661332 454372 450668 891643 584180 447690 430930 416991 629444 447926 441112 509688 592396 438060 516121 502923 315624 206795 336269 539937 659722 373763 718021 577830 652627 513986 616017 621799 853537 294601 692526 148443 417042 612281 827286 647144 675519 686019 496936 689259 281354 467976 675367 758996 463495 493405 724476 227799 268720 557423 167481 431426 557894 471441 153016 723372 814285 588499 646913 300612 362801 620378
391873 509363 317237 621649 465208 606463 279718 707138 522826 362789 490651 288748 464408 305741 673993 568708 573469 308053 80652 999999999 586817 560536 615397 462764 719241 411031 400387 81434 320193 415373 580246 648450 528764 591598 168274 607710 80728 532175 588945 390090 438340 811964 523840 401700 415523 351796 564058 405113 376783 443451 553099 366302 436359 429423 394080 162113 262867 479075 614721 389485 641486 529233 576769 433476 564690 587907 774270 308090 613032 69032 405033 568735 750088 583897 614915 652575 421203 651588 269529 387788 641082 685079 390364 440833 672665 147697 213570 510651 130556 370647 549212 441367 218123 650622 734032 538675 567764 377392 299313 590179
379349 402049 330600 766217 687516 1096605 709275 1127899 861967 408404 214191 556153 543011 810789 708435 706398 1011787 696146 643451 586817 999999999 1002390 56959 228185 484864 183632 962989 667685 906852 355212 1025855 265587 1046805 929334 754543 254592 508932 671768 207120 206541 947217 700876 803825 806951 920175 244187 102524 822943 690622 170972 948340 264923 368823 628247 934361 437277 352112 114092 967785 954582 308454 883101 271440 411137 893096 1000566 692821 876169 389403 558814 372175 127523 739312 75482 863527 1056294 279760 1035577 425886 391464 1042841 760930 617854 800151 971627 519971 666348 879374 477569 217631 1053865 897848 796423 756728 494267 883043 360101 928010 662218 239332
940318 684953 672915 438086 370483 128304 305747 146822 191518 602888 813552 845580 525745 726523 567524 444951 13447 308154 588390 560536 1002390 999999999 1050163 970728 828896 825797 308646 531891 464784 668104 23517 911374 170869 179313 478519 877031 589957 446508 890105 803586 164561 760594 275668 195449 171038 771059 931165 180132 319036 831421 89545 737890 666357 414009 709569 694329 664949 890708 157469 319108 874476 166465 837191 628792 195977 56645 715687 348025 785932 528095 952217 1040657 636917 961881 307883 105758 732955 126792 822634 626008 99321 526207 405208 213148 250391 516564 365847 152310 677941 806775 139248 119339 553988 485715 839498 177759 765598 678655 340860 1098149
370201 458900 377256 822438 741180 1141654 753928 1177683 913570 460797 270625 557707 598456 822966 765393 762370 1059843 742861 667223 615397 56959 1050163 999999999 216082 538273 225583 999220 695280 935396 409791 1073571 316704 1089084 981589 783664 308711 539643 727421 261841 248343 989639 755950 857027 854767 962728 284062 158928 870290 740862 220453 998227 312478 424246 681713 949109 460463 392977 159545 1019721 990340 361469 934297 327335 466459 945411 1049979 748688 910971 445183 592593 361265 93435 796026 130091 918179 1106546 333685 1086643 432390 444997 1093105 817824 670079 850159 1025525 559295 708411 929878 499921 253208 1097434 943762 820070 813393 547217 934636 416723 944537 709419 198094
154119 512913 337361 835883 720623 1043801 665012 1109665 866461 449240 340526 346390 608687 623066 811855 772941 982060 666780 497017 462764 228185 970728 216082 999999999 657164 212791 862420 535806 772645 427123 993240 461381 977522 938339 626281 436693 399664 733776 390596 222910 880934 851784 826840 781173 855353 233763 292424 793095 689337 247860 934881 293853 450459 662103 752495 300767 317473 206346 972586 851842 492574 883093 436569 486253 903734 981852 833771 770497 545448 460845 145410 131124 860569 283650 902679 1043468 357273 1030469 231096 446243 1030403 854404 638997 792269 997926 454617 607650 873192 334130 196991 992336 855416 645335 839270 669197 886801 503967 751331 638110 129108
768072 209892 424599 430725 459379 952655 638250 906862 641317 356659 318581 868176 317227 1021585 315235 395986 832545 599071 799488 719241 484864 828896 538273 657164 999999999 455156 945275 787435 974369 308115 850284 223984 946114 684322 842444 230431 648994 384723 278341 455221 858122 224763 558728 665342 833549 469153 384937 685485 536328 413073 746653 411794 284614 425118 1111969 657526 485198 451559 724179 943202 176843 666998 221339 286695 652255 800128 230261 886970 117210 655201 768159 605869 303959 409384 569308 834362 334511 800930 740904 331515 822209 376203 448147 622388 683157 577335 641150 677219 689256 490135 935276 768381 923629 396023 14810 658983 164597 1093027 567962 716983
313366 300122 153773 633424 532233 916085 528353 955549 695779 251255 137551 440307 404920 660885 600938 570970 835718 517986 474100 411031 183632 825797 225583 212791 455156 999999999 779785 492454 729273 217626 849142 287033 864078 765452 576926 253060 331274 532994 215000 22943 764551 640822 644955 630619 737579 60955 156271 645729 520537 45467 776514 92769 239572 472498 777745 273994 168536 70037 802502 771547 305072 715392 241384 277453 729606 827448 621569 693615 339877 377620 313059 222855 647975 173166 713215 885286 144966 867047 305744 242441 871887 645529 455758 628992 815652 336342 483413 709450 314420 45588 871979 718391 625719 632944 468162 716744 295814 768111 484941 309298
786552 755775 647283 649406 519777 270837 307058 431065 421545 628020 819595 641107 629899 451279 760337 628351 320598 347041 386080 400387 962989 308646 999220 862420 945275 779785 999999999 335148 167322 696943 314517 956040 173636 453487 250084 916278 465065 610819 913017 757051 147377 945816 484590 314195 153293 718935 918951 297229 419794 801772 366967 710656 706846 531194 409659 561763 612584 849811 448631 13566 932590 407109 878503 681869 450826 362487 900857 92574 868102 407651 800240 962740 839468 944494 556026 412717 738121 435160 663688 656190 407650 737850 501067 375613 539645 444808 315888 382592 530746 746512 208804 242763 289345 695151 958601 421805 833470 378775 377321 990349
451464 577896 395338 652168 494534 562050 281669 678360 522678 431175 570198 317459 516824 254833 717303 603776 545208 318637 56668 81434 667685 531891 695280 535806 787435 492454 335148 999999999 240237 487888 549669 726729 477787 587398 90479 685879 161862 569692 668519 471523 394334 866289 536627 394690 374376 433217 645409 394025 396971 524772 537308 446508 507477 466856 325226 237721 342698 560403 605805 323269 717903 525162 653990 500743 564188 565823 826799 242846 684391 133141 465196 645962 795532 665331 627791 629935 498904 633752 328695 457456 619390 722265 427284 442516 672569 210121 221506 504243 201784 451908 502073 415226 139308 685310 802156 536212 640152 305592 318914 661525
674807 771022 618677 743019 596227 438119 360698 595132 542914 629658 795580 507184 672772 286966 838420 710078 477538 406248 275842 320193 906852 464784 935396 772645 974369 729273 167322 240237 999999999 694169 473893 946003 340959 588080 152407 905147 398284 684894 893166 707724 300281 1011959 590688 418355 296238 669121 879621 406386 490068 759069 509764 675631 709564 591325 245085 477473 571992 798110 590626 154210 930898 533899 870401 693447 578178 515154 968639 123144 882558 354740 688924 885617 918986 901173 672767 570442 719089 588771 555100 657783 563920 826687 555113 480283 676900 416521 336819 509243 440309 690096 375895 377232 140425 785129 988599 548076 842186 214118 426756 896183
499544 104077 120680 417922 332990 774700 402123 783705 512525 69482 147708 568451 190256 714640 384787 356161 676027 375944 494689 415373 355212 668104 409791 427123 308115 217626 696943 487888 694169 999999999 691548 259244 741074 577528 552065 219980 342221 319515 223887 204432 643468 448339 449976 476004 616550 197809 268882 494199 349343 196941 604981 134710 26328 274272 809443 351881 179568 258906 616785 691954 237531 535006 181640 59878 541233 658777 422021 624263 197883 354756 503124 433281 436704 301044 508407 710695 76888 687130 448167 42687 697273 428015 268236 457962 616611 280797 381055 534045 381977 231419 740711 575226 626502 415554 322885 533515 152435 792171 340641 526426
961496 707863 696317 455785 392411 111729 328230 128885 211186 626384 837045 864345 548302 739622 585819 464621 18045 331392 606265 580246 1025855 23517 1073571 993240 850284 849142 314517 549669 473893 691548 999999999 934459 166645 193025 493958 900219 611143 467236 913465 826911 174098 778651 295395 218905 183681 794298 954681 203426 342421 854884 106988 761325 689713 436681 718960 715662 688055 914128 167337 325570 897371 185798 860384 652056 212584 64040 733892 359327 808432 549100 973476 1063775 654157 985397 323151 98474 756466 125757 843394 649472 94891 543264 428358 236160 258661 538898 387665 173144 698717 829949 132290 140021 567383 503218 860764 196337 788440 688001 364221 1120789
591623 228310 331413 581698 551604 1024314 660179 1014859 740487 328546 161788 726746 391605 929372 493755 530606 917981 631515 722894 648450 265587 911374 316704 461381 223984 287033 956040 726729 946003 259244 934459 999999999 996681 797788 799308 40928 569120 504810 72760 296515 900169 446787 666755 724952 873460 324438 171731 744042 594101 241617 840385 286651 251980 499894 1037165 542706 386625 258057 838306 950885 50814 764943 77615 284645 762349 895049 445831 882044 153685 596201 588857 390777 506298 190875 703985 940958 228007 912902 592541 300759 927824 552490 506223 698307 818787 529483 640184 768436 580768 330675 994173 826777 865852 559561 231761 760688 151447 1023450 596452 503035
920612 778793 718321 588108 490931 97405 341216 265212 339927 672088 878341 793682 631068 623507 712758 583716 179021 365353 532983 528764 1046805 170869 1089084 977522 946114 864078 173636 477787 340959 741074 166645 996681 999999999 345669 403233 959239 579191 576984 964540 841167 99608 905383 419272 280788 126722 805026 988634 260652 411369 878340 253041 784134 745047 521070 582085 682529 696109 932782 327772 186818 965679 318181 919778 712651 355777 227202 859976 246888 887051 517080 933708 1065035 786821 1017136 468682 262062 795656 292264 798243 698465 260553 677961 501212 327781 421032 531499 380691 297440 657400 837159 37719 178006 457573 635960 958046 331884 859663 551329 400576 1106629
936822 569901 612961 269103 247476 304706 311881 222550 72405 520955 725050 879159 406541 816695 400374 289041 175823 288170 640221 591598 929334 179313 981589 938339 684322 765452 453487 587398 588080 577528 193025 797788 345669 999999999 558835 767653 596992 301186 788588 744990 307941 591355 131033 192710 300449 717948 846409 195004 249004 761527 92649 673148 569394 303897 824838 694454 621232 823710 40599 461099 755675 62473 728630 528123 36297 130399 547292 465000 659140 541540 947048 987614 464709 878549 131032 150405 650346 116890 828805 538668 138771 353743 311530 152809 89137 504093 378168 83610 688214 755785 317176 212474 646985 315331 693393 53556 647066 794794 308258 1060256
539137 635199 469673 661094 505728 492495 274285 622546 500136 490451 646321 392217 554278 257961 740332 618877 491966 317572 136493 168274 754543 478519 783664 626281 842444 576926 250084 90479 152407 552065 493958 799308 403233 558835 999999999 758383 245877 588350 744322 555441 328379 901584 528017 369302 312095 516863 727775 364123 401698 607143 497384 524952 569349 488122 290091 327860 421043 645709 571769 237580 786782 498248 724718 557312 540183 518606 860101 159659 744922 204233 553012 735956 820245 749001 617168 581011 571530 589756 416869 517997 571616 737899 449342 424674 646849 271474 228200 475365 292255 537696 430760 367757 94071 698539 856967 510762 702625 264625 327694 751862
561774 197994 290594 559290 520625 988586 621709 983138 708813 289433 123064 691117 361129 889757 478259 506027 883929 593907 682379 607710 254592 877031 308711 436693 230431 253060 916278 685879 905147 219980 900219 40928 959239 767653 758383 999999999 528495 478329 48079 260875 862315 447632 636729 689120 835520 287053 154702 708027 558895 207640 807553 246931 214195 467458 996864 503755 346142 230937 808059 910997 56132 732978 39854 248696 731955 862138 442513 841760 141091 555282 559697 375855 497044 179161 677603 909299 187097 882045 557426 261917 896087 535624 471881 664221 791834 488626 600507 735652 541492 295582 957396 790423 825027 539857 240272 729214 126878 982968 558743 487432
350366 439813 238653 591349 439351 649876 291150 734610 525675 295010 410519 291198 413253 372614 629680 534485 602305 308835 154346 80728 508932 589957 539643 399664 648994 331274 465065 161862 398284 342221 611143 569120 579191 596992 245877 528495 999999999 496008 508748 310044 484161 755238 513693 414933 459396 271607 483584 422097 363781 362928 570490 285832 364574 395815 469908 104877 182789 399855 624324 455133 563679 535791 498362 366018 566965 610655 719593 374352 540036 62742 362345 497954 702862 503826 602849 674855 342663 669263 234196 318137 662616 647021 358636 444186 672679 103373 226034 519933 91232 291838 595879 471140 298661 615579 663804 543440 493915 454813 291345 528558
775619 281873 397272 102754 91060 572468 324275 523456 256964 284594 458360 782635 129291 824511 153565 40200 449339 278679 605982 532175 671768 446508 727421 733776 384723 532994 610819 569692 684894 319515 467236 504810 576984 301186 588350 478329 496008 999999999 505540 516663 498573 335134 174005 302738 477125 500151 578601 322199 195304 516255 362437 442616 303233 103070 878381 564475 430558 578407 341527 612193 459975 282649 440920 261203 268097 415566 290067 574930 360382 464509 782524 752345 234136 611166 199305 450404 396395 418076 692219 290553 438045 153023 142580 249346 313982 393468 360166 294217 576040 537571 561345 400189 681582 119578 394546 274307 353415 852838 261495 841909
518996 223724 274670 590816 541118 998363 624563 1001018 727375 292475 98323 655184 383639 863590 516315 535392 897594 599684 661332 588945 207120 890105 261841 390596 278341 215000 913017 668519 893166 223887 913465 72760 964540 788588 744322 48079 508748 505540 999999999 225556 866546 494109 658229 699327 839536 255311 106649 717727 571083 169741 823774 223274 223752 485766 973976 475676 326077 185936 828719 907087 103830 750966 68910 262414 752573 878088 487589 835611 184442 540206 516364 327783 539148 131881 704108 927415 175455 901564 520730 266572 914094 572385 486456 678393 817297 477713 598468 752147 514467 259181 964567 799045 807013 574131 288311 748060 162418 961298 564369 439358
313122 291789 132427 617673 513358 893389 505654 933852 675048 233457 141186 430347 389310 644273 589005 555017 813572 495662 454372 390090 206541 803586 248343 222910 455221 22943 757051 471523 707724 204432 826911 296515 841167 744990 555441 260875 310044 516663 225556 999999999 741647 635367 625337 608501 714681 38664 175100 623486 499405 57463 754948 74283 227551 453707 759826 256379 145600 92783 781819 748859 311089 694430 245882 263885 709229 805690 614678 671051 338902 355472 313852 242687 638152 193811 694743 863786 135152 845886 296562 226413 850400 632278 435994 607602 796254 313452 460495 688181 296544 35334 849142 695840 605521 618516 468562 695980 293610 749655 462760 325286
829149 684771 618748 522407 409549 168351 242341 298954 282767 574268 779531 711792 541379 567264 641338 509955 177259 268789 450668 438340 947217 164561 989639 880934 858122 764551 147377 394334 300281 643468 174098 900169 99608 307941 328379 862315 484161 498573 866546 741647 999999999 831809 353706 196175 27182 705596 889255 176452 321795 778740 219880 684548 648254 433614 545202 588311 596681 833203 301433 156589 870335 265605 823015 616907 308216 216374 786398 185651 794289 421637 841990 966477 718183 917659 417075 270163 696818 289681 707535 600955 263817 612227 410571 251197 392976 432658 281230 241782 565008 737923 111719 103432 395839 569572 870492 280257 765305 514266 303734 1010012
944440 346989 567718 323008 426089 888884 652766 804923 570162 468345 512898 1012410 349479 1116792 193255 322149 760666 607857 891643 811964 700876 760594 755950 851784 224763 640822 945816 866289 1011959 448339 778651 446787 905383 591355 901584 447632 755238 335134 494109 635367 831809 999999999 487381 636946 811206 639570 598881 656057 527749 603950 671710 576906 422023 420915 1187775 791147 623323 652006 626908 946967 397669 594518 430112 401719 566613 719692 45445 906648 312570 743276 946813 816770 129519 625933 461710 738139 501988 700563 896019 452322 727899 238461 456884 580809 562549 664296 677922 611636 815613 667910 886251 731337 991647 276075 220295 582839 349108 1164613 585243 925520
838968 438910 494760 169328 117483 403311 256164 351018 84217 396539 596947 803525 275600 782480 294207 169289 277376 218241 584180 523840 803825 275668 857027 826840 558728 644955 484590 536627 590688 449976 295395 666755 419272 131033 528017 636729 513693 174005 658229 625337 353706 487381 999999999 173392 336921 600699 718535 188199 149925 637963 189319 552209 440523 175734 811345 603546 509760 700529 171571 488912 624739 109654 597780 398844 95880 241793 442134 470457 528765 465070 848193 867788 367558 750848 91346 277461 524140 246865 737998 412371 264844 259342 189398 110848 171310 413760 315595 124480 603400 638844 398959 250456 621190 216994 568504 100433 516062 782917 224872 945470
762145 502220 477544 335263 213377 299467 123970 328598 130842 409458 619988 690290 350669 627124 448158 316154 205113 114552 447690 401700 806951 195449 854767 781173 665342 630619 314195 394690 418355 476004 218905 724952 280788 192710 369302 689120 414933 302738 699327 608501 196175 636946 173392 999999999 174395 576441 736621 20146 132020 635980 156041 542449 476149 240284 644620 516481 471294 695289 213104 317546 690935 130569 649306 440487 171115 200688 591616 297313 608385 356267 773274 846659 526430 767105 254761 263018 538760 254516 649001 433540 250213 423688 221956 62566 278765 330669 190230 109751 505702 612534 271971 103613 459825 380975 677322 142164 583335 615450 145822 907435
805532 658694 591603 504686 387455 191144 215223 311229 269496 547312 752392 691659 516555 555983 621625 489868 184258 242273 430930 415523 920175 171038 962728 855353 833549 737579 153293 374376 296238 616550 183681 873460 126722 300449 312095 835520 459396 477125 839536 714681 27182 811206 336921 174395 999999999 678704 862074 155150 297390 751620 215823 657412 621513 409595 540018 563792 569796 806175 297491 160650 843895 254129 796258 590420 297660 219142 765846 177240 768498 396760 818274 940043 699128 890486 404144 276543 669677 292762 684269 574062 269061 594228 385635 231711 387279 406156 254353 229751 541230 711155 136991 89726 383703 551498 846031 268834 739121 509200 277104 984397
304890 293031 106051 602151 490852 858736 471144 903046 647325 215559 164478 405695 375004 610090 581442 539222 781281 462909 416991 351796 244187 771059 284062 233763 469153 60955 718935 433217 669121 197809 794298 324438 805026 717948 516863 287053 271607 500151 255311 38664 705596 639570 600699 576441 678704 999999999 212628 590939 470762 92804 724660 63360 222809 431599 724101 221679 108917 130967 754130 710653 334519 666024 267961 255265 682456 774746 616431 632664 352005 316826 307347 270953 634493 232230 672856 833640 138129 816776 273974 212969 820299 621960 411414 577999 771957 275963 424366 658868 261366 38192 813647 661965 567694 605812 482948 668142 305262 713373 430625 345345
430616 303437 272400 670478 601271 1031688 647792 1051111 781136 329196 121636 585026 451186 816523 607865 611846 939809 629547 629444 564058 102524 931165 158928 292424 384937 156271 918951 645409 879621 268882 954681 171731 988634 846409 727775 154702 483584 578601 106649 175100 889255 598881 718535 736621 862074 212628 999999999 753718 614578 120690 871862 208296 278595 542966 933999 430247 308972 100480 885648 911638 210024 803327 169039 320826 810115 925143 590350 835944 287013 525394 426279 221169 637150 32579 773456 978480 198439 955648 450401 308530 965036 661342 536555 724035 883725 474601 611737 801518 470690 201034 992645 831776 780320 658788 394959 802157 257810 924351 594687 332919
770660 521780 493041 352316 233151 280711 131249 316758 138138 427265 637613 693859 370719 622076 466748 334855 190424 128063 447926 405113 822943 180132 870290 793095 685485 645729 297229 394025 406386 494199 203426 744042 260652 195004 364123 708027 422097 322199 717727 623486 176452 656057 188199 20146 155150 590939 753718 999999999 151785 651989 148709 558210 494786 260418 635677 524611 485060 710909 211819 301057 710338 134144 668234 459480 176669 189828 610696 284434 628220 362412 781992 860701 544695 784036 266484 253301 556131 247569 656292 451660 240819 441163 241779 78385 282726 340835 196259 111400 512414 626729 252112 83680 453340 398417 697468 146906 602890 606219 160871 919845
692232 370325 366979 259398 106267 430429 130355 437361 177250 285404 495621 653879 219889 648556 348566 220371 326731 85011 441112 376783 690622 319036 740862 689337 536328 520537 419794 396971 490068 349343 342421 594101 411369 249004 401698 558895 363781 195304 571083 499405 321795 527749 149925 132020 297390 470762 614578 151785 999999999 520485 257802 429302 347347 112595 691053 454357 372336 581655 283812 420150 559282 195264 519042 310265 214639 310632 483262 379752 476442 316087 701895 741375 429085 645832 239511 365721 416152 346510 588979 307518 352273 338299 90014 109626 313929 264085 176621 189079 453510 508306 403896 235455 495743 297833 548711 197810 451438 664355 78318 811587
357065 268788 160334 614825 523030 926260 539401 957509 693217 241434 94499 485446 387095 701621 574150 553097 840835 525327 509688 443451 170972 831421 220453 247860 413073 45467 801772 524772 759069 196941 854884 241617 878340 761527 607143 207640 362928 516255 169741 57463 778740 603950 637963 635980 751620 92804 120690 651989 520485 999999999 777996 94418 215871 463324 816644 313528 189691 62723 799477 794087 259971 713858 196981 256307 725401 829977 586586 717498 298995 405115 356186 236369 617330 143101 702061 886199 120393 866190 351013 227874 872754 621225 450154 629866 807431 356965 498791 709462 353548 89593 884399 727211 660037 611216 425798 714277 256379 806113 491303 332730
918181 612453 622743 348929 291893 217595 279349 179566 105481 542721 752171 841719 450574 753019 478835 358220 88973 268721 592396 553099 948340 89545 998227 934881 746653 776514 366967 537308 509764 604981 106988 840385 253041 92649 497384 807553 570490 362437 823774 754948 219880 671710 189319 156041 215823 724660 871862 148709 257802 777996 999999999 686130 600670 340508 750838 672445 621959 838836 81731 375486 801389 79811 767880 561369 106439 54701 626923 387768 709615 511084 929314 995593 547553 903292 218679 109022 673553 98863 804664 563851 95751 436771 337476 148199 173382 486455 344889 71949 660989 761553 225090 133405 581039 396455 756789 89498 692207 720330 296845 1060217
367622 230075 65921 543875 439535 831892 444986 865466 603792 159177 125533 457507 315726 642827 519019 481131 747467 431236 438060 366302 264923 737890 312478 293853 411794 92769 710656 446508 675631 134710 761325 286651 784134 673148 524952 246931 285832 442616 223274 74283 684548 576906 552209 542449 657412 63360 208296 558210 429302 94418 686130 999999999 159505 379823 751088 257739 104008 152933 710427 703355 288936 623732 221820 192847 637232 737624 553289 627914 294672 320955 370394 315624 571271 234460 620698 794672 77529 775687 329112 152829 781247 560594 363068 538241 722883 266446 405050 618369 294803 97106 790005 632954 584419 545667 425892 624793 247222 738098 397401 399481
525374 78269 146807 399834 323086 775495 408319 778611 505954 80113 157025 594466 174217 737184 361538 338792 673850 379731 516121 436359 368823 666357 424246 450459 284614 239572 706846 507477 709564 26328 689713 251980 745047 569394 569349 214195 364574 303233 223752 227551 648254 422023 440523 476149 621513 222809 278595 494786 347347 215871 600670 159505 999999999 265497 830209 377290 205245 276863 609054 702298 225752 529018 174768 42384 533155 654829 395877 636275 176939 374394 528808 451998 411811 311080 495348 705245 95715 680547 474478 51811 691869 406225 263194 454758 605138 298909 391283 529257 406817 255645 743358 576745 645580 395349 299415 526825 133289 812417 344594 547311
690045 271987 325739 195691 59781 532685 231944 515779 241679 222099 421443 684624 112009 721689 252305 139448 419737 187377 502923 429423 628247 414009 681713 662103 425118 472498 531194 466856 591325 274272 436681 499894 521070 303897 488122 467458 395815 103070 485766 453707 433614 420915 175734 240284 409595 431599 542966 260418 112595 463324 340508 379823 265497 999999999 777771 469477 349120 526007 343616 531034 461181 265581 427919 224324 267664 395188 377341 486320 372158 362074 697907 695201 332125 575231 241278 442004 348504 415815 600058 236798 428748 256073 39574 201591 344108 292681 260544 268559 478291 469758 511216 343566 580790 221276 437214 262307 352068 752744 164635 776899
620025 902171 708344 950339 795630 679476 562183 839821 773812 755349 876621 420758 838723 131399 1030070 908934 722403 606427 315624 394080 934361 709569 949109 752495 1111969 777745 409659 325226 245085 809443 718960 1037165 582085 824838 290091 996864 469908 878381 973976 759826 545202 1187775 811345 644620 540018 724101 933999 635677 691053 816644 750838 751088 830209 777771 999999999 503752 650861 839426 830649 397138 1033463 767761 967829 825405 811490 759159 1147150 363524 1007015 456768 633681 880075 1109790 948469 898171 815294 812212 832775 521572 781059 808551 1027928 738773 704013 913975 535074 518275 743549 463356 733123 618131 617492 197003 988398 1126722 781399 961844 30975 617745 859524
246239 455538 232944 664100 518913 754485 393369 838528 622474 322885 380941 222760 465445 388419 686026 604225 706587 407385 206795 162113 437277 694329 460463 300767 657526 273994 561763 237721 477473 351881 715662 542706 682529 694454 327860 503755 104877 564475 475676 256379 588311 791147 603546 516481 563792 221679 430247 524611 454357 313528 672445 257739 377290 469477 503752 999999999 172550 336653 723411 551108 546650 634137 479550 390248 663183 713846 759440 469747 542678 167566 257927 408255 754212 445271 690464 777802 328967 770991 134700 339627 765410 710742 435275 541938 767071 190826 329347 619457 40632 229464 700017 575704 359751 683106 672134 640967 494956 494474 386455 428619
