NAME : synthetic_000393
TYPE : CTSP-D
DIMENSION : 100
GROUPS : 8
RELAXATION_LEVEL : 1
EDGE_WEIGHT_TYPE : EXPLICIT
EDGE_WEIGHT_FORMAT : FULL_MATRIX
EDGE_WEIGHT_SECTION
999999999 913418 141672 121818 884509 504119 512103 690194 553392 655195 437503 818974 712000 871378 825635 639785 599547 1146503 650034 312029 399330 199481 224158 803244 637373 1028693 207339 924768 570276 1028688 729430 1045111 435641 683135 989129 114132 285370 608096 396738 388570 766302 619628 636994 707680 337303 746119 370326 328448 663439 1079625 392839 629903 815542 718543 867855 933425 898236 705518 378204 663004 438713 553246 724926 836849 969424 884442 52232 202821 594066 721879 679515 403760 211990 140995 453244 710709 666388 661853 401984 603896 335200 809103 190682 797034 503246 834734 762905 353177 817113 497068 426202 469110 485057 661952 716816 880435 712323 234144 694083 81984
913418 999999999 774978 876232 439628 458657 699170 438868 500797 258494 597420 128831 736785 542546 656067 328896 620677 256228 336740 601389 545631 860387 915121 657114 277060 128103 924208 344508 574205 161757 597344 142171 793785 359143 235887 969689 911840 806264 546900 603685 361588 560266 464529 218761 858553 436569 599966 690500 261618 234411 852813 388057 180747 584257 97672 191810 15228 288779 537674 541488 711944 710200 416531 482013 204293 653095 926101 1021260 395694 439692 234612 608322 799927 887685 543119 589829 294909 391227 800531 736523 739371 341988 946619 355718 595212 123665 557981 569073 469564 567210 767750 450968 448879 648006 341375 399759 374556 893481 259003 900933
141672 774978 999999999 169749 780462 386091 459846 555598 453359 517559 310600 678083 660851 780800 753916 514866 528166 1005527 508888 175397 258911 170938 225405 732854 498193 888609 219244 785793 488029 887538 610074 905088 359088 543569 847580 203890 322939 525705 256209 257252 628104 495778 535522 573326 290149 643242 235412 262003 522625 938027 393594 514299 685568 597826 733409 805076 759763 581017 237883 537505 389820 453408 618865 739319 827764 808983 169586 310986 453766 587796 542140 315356 139150 193465 350987 590704 538986 523445 383609 558385 292662 670333 266145 658776 380743 693716 638944 227185 685271 369464 342168 328068 358743 550044 600048 771925 599913 219989 564334 133675
121818 876232 169749 999999999 795514 437820 398953 713451 467025 619255 477429 794826 596143 772402 716650 578273 493104 1120134 649132 290273 409205 300291 336569 693839 607295 997488 321912 933053 470529 1004623 778216 1013460 520800 691060 979728 235724 168242 690733 406141 422199 778687 662697 549631 661845 436101 657909 397584 230242 641139 1061213 271022 556585 758930 765569 819740 872486 861333 641919 363037 703426 325949 622411 639873 743132 956959 776774 83714 152062 599723 746086 642249 314806 293069 24335 372877 758700 608086 674569 281643 487298 223915 819034 96511 808950 548776 811380 805227 307512 845590 535358 506493 453786 430954 719639 642940 795500 633713 342220 639175 195851
884509 439628 780462 795514 999999999 400264 447456 756349 331119 427035 777029 502754 370973 108691 241016 310052 336874 647710 613427 626859 669395 929142 989357 250907 460875 538332 989374 763228 333209 590892 922947 544407 976183 667647 674690 979898 745711 1058682 668390 749274 718890 840738 247518 361026 990699 138390 728341 565384 498714 662399 638285 275726 276625 906851 345048 263615 436352 261945 604919 843289 501770 951775 161691 69153 642579 220409 871756 902723 641747 773211 415092 482126 873275 794771 432039 908737 309069 689298 588603 425038 583948 720159 825320 727803 814988 512199 900571 559853 841244 780635 947990 568090 442344 941423 204168 39943 189167 975321 313876 911773
504119 458657 386091 437820 400264 999999999 279718 488969 110925 224911 407903 408375 412421 420355 436268 140890 255321 713145 358106 226595 289169 529035 589285 420785 232295 585733 589778 621403 194615 605588 632164 600507 592970 418789 614866 589170 453443 701821 287338 368296 502232 524810 170296 240141 594306 267790 342963 232576 282126 671306 399653 128303 322358 615600 389064 434667 444760 204138 212179 543963 267442 596825 239667 368669 586062 477822 502200 573090 348169 517126 240895 149999 473021 444693 86302 613935 172181 423354 349186 354717 280811 527505 496043 525552 462335 425352 629264 160609 612203 429193 565417 207739 54971 621553 214080 387969 214785 575060 205588 519456
512103 699170 459846 398953 447456 279718 999999999 761451 199668 497848 629736 674820 201832 395372 319723 374107 110953 954319 636290 389256 511115 630681 684626 296571 509934 826624 676719 900180 129477 856922 892932 839516 776692 696276 883434 623440 306099 916867 508294 577725 781208 779083 244073 493268 738880 326418 547733 198005 560619 926774 191052 311115 530830 876757 612551 613496 687272 411260 424650 804743 73392 819436 323769 383346 853126 381106 482462 472783 620196 791083 509661 177256 591401 389760 205476 873780 407223 698215 143292 99631 176914 807189 399722 805024 696253 691278 896565 327814 888514 666838 752452 464088 324983 869154 371331 460947 344964 679812 442669 566454
690194 438868 555598 713451 756349 488969 761451 999999999 595006 331841 258457 311244 898307 828440 892394 470746 743035 564845 144343 438382 305248 555055 594104 882244 300277 489542 609748 248745 682300 455295 167920 504682 400792 89358 360707 697481 825220 372305 308414 301914 97167 128693 623428 395400 496547 673944 320459 636123 257876 473768 830059 536072 499917 152518 475276 593155 427718 498941 370339 102789 730392 286250 642282 764023 356270 918107 724872 863232 141334 32772 341443 595470 504560 734035 555975 156018 457640 68759 790285 843078 694711 140166 806897 123652 211197 315220 146068 463614 134171 201679 380409 301584 438204 209147 565968 723528 594422 569502 444463 641960
553392 500797 453359 467025 331119 110925 199668 595006 999999999 303481 516586 476251 303515 328949 328463 174440 148536 756622 459546 315160 396636 610034 669590 311895 319856 628642 667546 708966 88388 657581 741700 641921 696272 520834 684841 650004 441310 810875 394589 474469 600834 635405 83602 293747 688491 192729 447810 238809 371228 727196 359122 114119 337760 725096 416902 432299 488564 215253 315635 653694 214589 706459 172890 286063 654245 373624 541443 584502 455325 622072 313004 152234 557753 468206 102381 723675 207620 528142 305974 256611 268238 622439 506184 622170 572673 492539 737101 244451 714660 539730 669171 318658 165864 732420 188105 328661 170955 657906 243185 582701
655195 258494 517559 619255 427035 224911 497848 331841 303481 999999999 381822 184701 593573 496628 566464 145539 448036 502060 187644 343218 303141 613824 670954 558364 34842 378265 678087 405777 390411 388970 496781 394207 586552 245068 389977 714848 666787 642057 303730 372465 310886 414786 307149 74292 630928 343407 361945 446320 75860 451097 623557 216224 198829 480530 221420 315935 243373 167191 281666 416259 492095 536468 312213 432183 361389 588241 667655 766114 216109 351759 24880 371673 553048 631611 310764 482103 126876 263710 573727 559788 499656 325446 692854 327782 403324 201775 477575 311743 431530 370069 558699 200204 199958 515130 234290 396320 263648 650790 113280 645402
437503 597420 310600 477429 777029 407903 629736 258457 516586 381822 999999999 475221 804728 819214 844122 467169 648479 783506 267629 246155 120949 297774 340730 828287 348849 685010 354933 503941 590909 666291 301256 701511 204805 275487 595757 439027 611516 294331 123372 57506 345216 185329 575688 455599 262296 660489 86974 460478 341605 701163 645161 508802 580623 288255 593632 696909 583066 521907 206767 226968 579148 191286 629085 761384 583434 885007 476262 621568 205165 288543 404047 452487 246112 500014 439526 281598 472749 246831 615825 724860 514790 389801 573627 375341 73092 486825 328347 301940 380396 59565 176884 209534 354015 250953 572918 753792 590202 316566 479420 384507
818974 128831 678083 794826 502754 408375 674820 311244 476251 184701 475221 999999999 747406 595396 692129 303836 613166 327539 210269 509627 435283 748572 801262 688867 188566 213520 811635 261379 559335 210214 472587 230195 668062 230330 208629 865860 850655 677448 436951 486479 239549 431505 461403 184664 737404 463888 485938 630709 155544 267782 807796 373594 226198 458915 174016 291879 116794 289134 440838 413554 674338 581553 437492 531045 178479 700416 836825 944061 270996 314116 167518 556226 688844 808767 494589 464038 273329 262399 757560 728140 684337 227238 872495 238644 468570 17080 435912 488962 354732 441621 642496 350017 384387 520174 355376 464713 389590 778838 241210 798696
712000 736785 660851 596143 370973 412421 201832 898307 303515 593573 804728 747406 999999999 280359 157581 450012 157739 979034 761232 575206 683868 831419 885975 136471 615283 856791 878349 996541 217974 898483 1044576 866848 966276 822585 950858 824191 481104 1097326 681378 756694 899970 936519 287713 564199 935959 303259 727704 398870 666231 971195 353450 378367 556282 1028006 640730 603410 727961 459083 598149 956383 274442 996011 320385 302318 918750 217395 679852 651810 758838 924990 597664 362009 790359 584777 365222 1026353 476546 831118 321066 109196 377622 918396 584526 919588 866332 762106 1040613 508130 1016110 834647 940917 617989 466370 1031930 397123 399685 363127 880629 506552 768104
871378 542546 780800 772402 108691 420355 395372 828440 328949 496628 819214 595396 280359 999999999 136184 363077 286293 756073 684146 642026 705047 938980 998527 149769 528478 645271 996313 856774 302013 696665 992298 651817 1011635 741421 775910 973429 701087 1108328 703590 785176 800059 902379 251248 438132 1013850 159505 761441 544112 571424 768632 584572 310799 371914 975886 446233 371545 538164 329854 632201 909424 459080 1001540 191537 65165 743561 112067 852477 865273 704998 848026 488778 469064 886360 768385 430594 976911 371329 760137 538623 352289 551942 805424 789901 811657 864407 606226 974196 571962 922531 830090 983795 610208 469779 1003142 262562 147262 235971 986799 384819 907798
825635 656067 753916 716650 241016 436268 319723 892394 328463 566464 844122 692129 157581 136184 999999999 422451 226883 881702 749214 638343 724757 920367 978018 23369 594528 766341 973057 951349 267900 814552 1050103 774185 1024220 809260 884095 933961 620820 1138080 722778 802904 877004 951025 272975 519681 1010685 228597 776253 499122 642268 887257 496530 356550 478105 1033467 558431 497376 649845 408306 644050 963992 391342 1032896 257011 179629 851577 62423 799586 790182 759824 915388 563927 439438 872871 708707 418979 1033294 440171 823668 457038 250751 492792 888124 718707 892239 897671 704773 1038163 567657 997994 864110 997285 641417 490585 1050392 339224 276628 306188 969376 462304 872608
639785 328896 514866 578273 310052 140890 374107 470746 174440 145539 467169 303836 450012 363077 422451 999999999 309741 585123 327006 344400 362434 643656 703579 413552 172117 456999 706621 546630 255542 483701 631484 470860 667659 386826 511931 718732 589903 749614 361715 441514 456206 539320 162488 119766 689658 204893 422352 370990 220713 552917 524259 71650 181548 614949 251445 294699 316061 66151 306632 547313 383072 642643 172803 300882 480947 447610 640786 713850 342503 493078 147675 284739 584722 585507 218845 615509 34003 401992 471797 424352 415350 470763 636628 473311 505594 319756 616767 288178 576219 471204 639414 258922 156123 640068 105897 286988 127249 686815 69894 648412
599547 620677 528166 493104 336874 255321 110953 743035 148536 448036 648479 613166 157739 286293 226883 309741 999999999 872263 608082 424396 527532 696033 752977 205156 466675 746011 747409 853685 60780 781381 887369 757834 815154 669370 820484 707216 415031 941860 525118 601620 749078 778848 156149 428526 792044 220500 573075 272291 518026 852918 301999 239636 445148 870824 529144 516687 610014 332859 442386 799097 173029 839722 222567 272399 789074 284900 575253 579158 602859 770377 455128 216153 650530 486862 209328 869044 339893 676442 253734 116031 269631 769900 504278 770031 709153 628816 884366 355469 863196 677264 789198 460263 308891 874194 282002 351715 251714 745206 373156 645734
1146503 256228 1005527 1120134 647710 713145 954319 564845 756622 502060 783506 327539 979034 756073 881702 585123 872263 999999999 517439 836877 759272 1069099 1119309 886341 512936 128125 1131046 357211 828144 118672 687618 114806 960329 511972 210624 1191298 1165205 931166 761164 803430 468650 693296 716572 473084 1043732 675800 806524 943759 483083 96560 1108884 643367 427233 679261 343148 384809 269253 543120 768377 661134 968169 850971 660053 702396 208878 868059 1164071 1267988 579999 550954 480271 863106 1010385 1133188 798293 687379 551137 543664 1056682 987463 993920 429677 1194913 446947 761570 311811 637414 812973 531536 740489 937403 677471 699397 759268 590538 608820 622221 1096083 515230 1124890
650034 336740 508888 649132 613427 358106 636290 144343 459546 187644 267629 210269 761232 684146 749214 327006 608082 517439 999999999 359866 251193 552756 601998 739590 155958 417510 614071 286252 547735 399524 309539 433975 457795 61354 340430 680755 738216 477292 253634 286364 145608 236763 482072 253271 529706 529680 291689 533088 114891 438748 725306 393516 364252 293424 351975 466372 323246 354825 286959 231568 613028 376810 498075 619795 323401 774009 676222 801193 62669 166199 198394 479777 494972 666952 432491 295417 313304 76076 681335 712402 591428 177295 736885 171725 258533 220556 290329 365615 255116 231382 432265 200137 311515 334417 421643 581402 450116 578681 300578 617206
312029 601389 175397 290273 626859 226595 389256 438382 315160 343218 246155 509627 575206 642026 638343 344400 424396 836877 359866 999999999 138524 302751 363021 619639 325677 717460 364276 645269 372387 719826 533988 733799 391173 404917 689783 377178 386840 527760 135280 191012 493967 415722 390947 397929 373434 493500 160635 214459 354408 773796 402426 353212 511112 519097 558022 631132 586209 410292 72953 449898 334370 432095 466063 593512 667536 687265 327208 442147 313726 471074 367615 214083 246439 307326 219372 514124 366421 391606 370434 486998 269734 532628 377042 523651 317006 525779 549986 70880 572524 292002 365711 163647 189650 494845 436069 613867 440461 348477 390255 306838
399330 545631 258911 409205 669395 289169 511115 305248 396636 303141 120949 435283 683868 705047 724757 362434 527532 759272 251193 138524 999999999 314764 369911 708522 274762 648753 378594 527305 470012 640607 395736 665423 307286 284856 591359 432253 522522 414922 3259 80224 370599 277643 458453 372703 330883 547593 60471 350333 284287 686228 540550 396585 496880 380722 523919 616796 530566 422013 86573 311374 463499 312203 516807 649055 573130 766974 427756 560098 194866 338004 327516 334019 254398 429279 318647 375897 373144 266039 506981 605190 406949 412119 501863 401122 185154 449619 411611 184389 438649 156724 279229 106403 236335 360270 466602 648871 480711 348870 385724 367042
199481 860387 170938 300291 929142 529035 630681 555055 610034 613824 297774 748572 831419 938980 920367 643656 696033 1069099 552756 302751 314764 999999999 60271 899793 587650 962032 64269 801681 652975 950611 560544 978706 239826 570406 889689 149543 467935 411762 313489 266608 642969 461415 689604 679409 137995 794562 262870 432731 599018 991415 555796 655961 800193 551952 835220 921074 845312 708682 339650 506276 560750 367839 767912 893467 875162 973938 251193 401867 490911 583998 638602 480944 60779 323913 508883 543235 662624 543307 550880 729314 462858 687526 385691 673115 348704 762354 600547 369492 670206 353389 234342 413629 491453 485166 738364 916613 743208 49258 682450 119693
224158 915121 225405 336569 989357 589285 684626 594104 669590 670954 340730 801262 885975 998527 978018 703579 752977 1119309 601998 363021 369911 60271 999999999 957236 644053 1014430 20475 842327 711031 1001093 584619 1031090 245642 615875 936043 142827 504691 411893 368851 315936 684781 492633 749463 737436 130105 854646 315553 487129 653515 1039781 600098 716231 858847 577444 892360 979700 900114 768481 398918 537443 613769 383257 828087 953402 922742 1032127 276168 420334 539629 621744 695654 538644 119226 359075 568183 568347 722226 587559 598757 782635 514130 729454 414747 714478 384214 814651 627706 429636 703645 393190 247102 470820 551655 505263 798582 976883 803479 24702 741614 142608
803244 657114 732854 693839 250907 420785 296571 882244 311895 558364 828287 688867 136471 149769 23369 413552 205156 886341 739590 619639 708522 899793 957236 999999999 585628 769465 952060 947028 248145 816550 1038675 777747 1006631 799960 883182 911863 597452 1122462 706483 786252 869211 938312 260409 514011 991435 225065 759303 477169 634010 889378 473192 346191 477989 1022026 559447 502901 650399 402918 627076 952175 368360 1017609 251908 186578 850677 85753 776854 766830 748474 905782 556803 418873 852794 685742 400308 1021661 432737 813592 433676 227576 470036 881420 695417 885111 882842 701886 1027773 549097 989709 849444 979831 626937 475389 1037322 334368 284919 300744 948857 456255 850823
637373 277060 498193 607295 460875 232295 509934 300277 319856 34842 348849 188566 615283 528478 594528 172117 466675 512936 155958 325677 274762 587650 644053 585628 999999999 391912 651835 390360 407842 397470 464040 408199 553386 214939 387314 692854 663340 607238 275576 341672 285392 380362 331007 108727 600264 373740 332586 444656 51383 456310 626705 240800 232401 447703 249380 348129 261832 200031 260643 382659 499296 501704 342184 464337 360287 618196 652197 755889 181520 321447 55206 374383 526902 620747 316325 449041 157371 231761 578028 576392 499653 303409 683991 304305 368832 205446 446287 300648 404396 335709 525631 174852 199755 480828 265916 430598 294158 623418 147008 623937
1028693 128103 888609 997488 538332 585733 826624 489542 628642 378265 685010 213520 856791 645271 766341 456999 746011 128125 417510 717460 648753 962032 1014430 769465 391912 999999999 1025001 326980 700918 61186 631457 16675 871846 423464 183560 1078711 1038378 861727 650393 699136 398720 617380 590039 345592 947201 554178 699306 816930 366861 125600 980837 515564 301888 620714 217251 275535 141255 415616 650755 590789 840044 773443 536718 588435 162365 757211 1044101 1144169 479847 481942 355648 735608 902354 1009842 670620 627779 423013 456182 928598 861536 866544 366836 1070358 383322 671566 199778 585423 689983 485143 647204 847360 561153 573556 694361 464923 498649 497224 991851 387106 1011126
207339 924208 219244 321912 989374 589778 676719 609748 667546 678087 354933 811635 878349 996313 973057 706621 747409 1131046 614071 364276 378594 64269 20475 952060 651835 1025001 999999999 857626 706676 1012681 603316 1041671 265784 629492 949431 122551 489710 432349 377382 327718 699667 510035 748098 743635 150543 853991 325701 479800 662733 1052359 587465 717247 864256 595924 899486 985140 909153 771849 403491 554894 605335 402841 827881 952182 935634 1027775 259061 401660 551903 637753 702860 534056 125039 344015 565730 586880 726064 601594 587616 774234 504819 744324 398014 729516 400549 825251 645946 429548 720723 408430 266717 477888 553607 524440 800322 977693 804350 43014 746269 126605
924768 344508 785793 933053 763228 621403 900180 248745 708966 405777 503941 261379 996541 856774 951349 546630 853685 357211 286252 645269 527305 801681 842327 947028 390360 326980 857626 999999999 796175 273151 335892 337413 645316 242527 149568 941367 1024175 587079 530135 541754 159407 366251 708835 434376 744742 722756 555749 816107 339563 260651 1006228 618270 486690 329665 424451 534827 341320 544439 572561 326702 886256 519503 695120 792390 164764 961429 955003 1084966 333517 223738 399199 756478 749239 951562 703061 338523 520411 263054 960223 965475 873914 115724 1022204 128847 459934 251068 283804 651191 176852 449204 626595 486338 582625 413817 612660 724727 646407 817781 492532 882919
570276 574205 488029 470529 333209 194615 129477 682300 88388 390411 590909 559335 217974 302013 267900 255542 60780 828144 547735 372387 470012 652975 711031 248145 407842 700918 706676 796175 999999999 733595 826742 713384 761609 608985 767458 674469 412953 884820 467687 545264 689220 718586 114620 375193 743364 203047 517178 242269 459224 804394 311891 187742 402823 810187 485444 484064 562852 285437 385672 738500 169987 781971 196460 275025 736397 321120 550473 570001 542082 709720 398677 172677 604989 467122 153953 808460 287077 615787 259979 169545 252258 710698 493017 710524 650453 575296 823588 302312 802823 618277 735262 400191 248398 814304 242126 341273 215496 701878 321468 610543
1028688 161757 887538 1004623 590892 605588 856922 455295 657581 388970 666291 210214 898483 696665 814552 483701 781381 118672 399524 719826 640607 950611 1001093 816550 397470 61186 1012681 273151 733595 999999999 588726 66647 846327 396940 125787 1072664 1055008 825562 642504 685166 361062 583963 625284 367324 927243 597671 687958 833881 365551 72913 1004072 546379 342264 578943 258217 330239 171475 448708 650748 554373 865682 741290 578163 638200 109324 808239 1047011 1153336 462163 444365 368313 755427 891807 1018217 691535 586487 450094 429107 952499 897350 885532 325418 1081059 342429 646746 194089 540834 698086 437918 624590 822823 559578 588127 655660 503027 551012 536293 977956 414406 1006348
729430 597344 610074 778216 922947 632164 892932 167920 741700 496781 301256 472587 1044576 992298 1050103 631484 887369 687618 309539 533988 395736 560544 584619 1038675 464040 631457 603316 335892 826742 588726 999999999 645278 350800 257259 477022 709960 911391 254512 398949 357859 236469 118391 778414 562397 465220 836050 385232 745477 424261 591932 936280 693827 667779 16657 640800 759151 587356 663886 476692 88423 853147 209617 804100 928336 481720 1078857 771894 920221 290279 158606 507865 719581 522975 801009 689529 19891 620969 233672 902149 980625 802533 264622 874569 248250 229451 474376 53421 575655 159419 245439 340802 429701 578560 86188 729801 890653 757052 560417 609958 666686
1045111 142171 905088 1013460 544407 600507 839516 504682 641921 394207 701511 230195 866848 651817 774185 470860 757834 114806 433975 733799 665423 978706 1031090 777747 408199 16675 1041671 337413 713384 66647 645278 999999999 887992 439387 191871 1095334 1053387 876743 667061 715776 413293 632692 602015 360400 963678 563909 715977 831961 383453 123626 994933 528587 313093 634721 228711 280987 155764 428315 667222 605685 853795 788953 547107 595777 172663 763846 1060360 1159950 496347 496601 371451 750299 919030 1025711 685193 641881 436859 472079 942604 873187 881296 380720 1086009 397325 687725 216441 598826 705948 497849 663503 863571 577698 588974 708944 476346 504878 508341 1008504 400977 1027721
435641 793785 359088 520800 976183 592970 776692 400792 696272 586552 204805 668062 966276 1011635 1024220 667659 815154 960329 457795 391173 307286 239826 245642 1006631 553386 871846 265784 645316 761609 846327 350800 887992 999999999 449503 760588 383946 681536 172468 308524 227109 497683 279426 763222 660393 117605 854724 250237 587099 543537 872089 747895 703865 785375 346377 796257 901226 779909 724559 381180 321318 715693 142119 824046 956238 753737 1069526 485781 638297 398114 422097 608590 604538 228147 545133 607669 336797 675367 417221 730684 875684 632304 540937 613271 524282 200290 678010 398672 459730 487497 226589 28257 408751 541948 266985 772744 954636 787808 223498 683495 358764
683135 359143 543569 691060 667647 418789 696276 89358 520834 245068 275487 230330 822585 741421 809260 386826 669370 511972 61354 404917 284856 570406 615875 799960 214939 423464 629492 242527 608985 396940 257259 439387 449503 999999999 320272 704999 788078 447122 287662 305228 89777 201243 543023 306621 532451 588300 316159 587325 170024 426746 780476 454107 410724 241759 388598 505817 347006 411597 332843 186573 671311 352444 556909 676767 308548 832980 712608 842837 91396 106692 253238 537392 515033 709923 491874 244943 371687 32789 737583 773308 645903 127989 781109 118820 249820 236733 233136 417469 193838 228827 425884 251145 371303 292708 479317 634522 508583 591859 356805 644229
989129 235887 847580 979728 674690 614866 883434 360707 684841 389977 595757 208629 950858 775910 884095 511931 820484 210624 340430 689783 591359 889689 936043 883182 387314 183560 949431 149568 767458 125787 477022 191871 760588 320272 999999999 1020827 1049314 722070 593718 623392 263552 487816 667192 392289 850674 658958 631242 831801 343900 115160 1013124 580885 406261 468821 329888 425432 238341 491917 617596 453476 881772 645136 635179 713986 32517 885304 1013087 1131116 400143 343866 374967 760880 833247 995708 700719 477030 480715 349635 963617 935850 886966 222124 1062679 239339 565087 192313 426820 680293 321191 547532 739087 526140 586906 549575 554776 634935 589101 912081 447430 957626
114132 969689 203890 235724 979898 589170 623440 697481 650004 714848 439027 865860 824191 973429 933961 718732 707216 1191298 680755 377178 432253 149543 142827 911863 692854 1078711 122551 941367 674469 1072664 709960 1095334 383946 704999 1020827 999999999 395854 553144 430267 400133 782007 609254 733215 773881 271653 841898 389693 434952 711989 1118191 506619 717115 888286 701190 933420 1008191 954468 784882 433186 654001 550158 516408 818809 935648 1004074 991858 158202 286006 620751 727416 739662 504366 193001 253842 548090 692537 742577 679911 516035 716553 446680 826190 294669 812520 495082 880696 749398 431022 816367 496763 381543 518846 562612 634644 803248 973067 802035 161733 767323 70404
285370 911840 322939 168242 745711 453443 306099 825220 441310 666787 611516 850655 481104 701087 620820 589903 415031 1165205 738216 386840 522522 467935 504691 597452 663340 1038378 489710 1024175 412953 1055008 911391 1053387 681536 788078 1049314 395854 999999999 848574 519272 554196 877768 793448 514960 693094 602529 615161 526206 221457 705436 1117861 128414 549173 769334 897499 841131 871987 897777 646268 456396 831024 244115 773010 604610 684892 1023258 683080 237656 170710 697891 857914 686741 305178 456217 145695 371071 891549 623079 777099 164020 373647 175040 914481 109397 906764 684537 867706 932457 373137 959353 665953 665096 538156 466976 860772 629182 754026 611561 510427 657799 363252
608096 806264 525705 690733 1058682 701821 916867 372305 810875 642057 294331 677448 1097326 1108328 1138080 749614 941860 931166 477292 527760 414922 411762 411893 1122462 607238 861727 432349 587079 884820 825562 254512 876743 172468 447122 722070 553144 848574 999999999 417184 340685 464508 246210 868383 715602 281832 948912 370006 735962 583310 837135 907186 797603 835846 258206 829267 942949 794065 798222 499474 271257 861134 106973 917061 1048680 722610 1177926 658111 810703 429384 381210 660327 740549 399471 715053 732581 249015 750012 415165 885661 1013930 785399 501596 784246 484350 244132 683567 307931 590601 412607 278522 184243 499044 647573 173290 855203 1032285 875628 391474 750282 531042
396738 546900 256209 406141 668390 287338 508294 308414 394589 303730 123372 436951 681378 703590 722778 361715 525118 761164 253634 135280 3259 313489 368851 706483 275576 650393 377382 530135 467687 642504 398949 667061 308524 287662 593718 430267 519272 417184 999999999 81590 373530 280842 456757 373040 330969 546259 60821 347175 285654 688345 537334 395347 497091 383945 524636 617094 531823 421526 83844 314619 460509 314653 515526 647745 575383 765159 424968 557081 197557 341173 328155 331170 253052 426180 316165 379108 372705 268994 503816 602470 403761 414987 498739 404040 188009 451345 414867 181440 441843 159739 280503 106354 234668 363302 465733 648029 479635 347923 385573 364889
388570 603685 257252 422199 749274 368296 577725 301914 474469 372465 57506 486479 756694 785176 802904 441514 601620 803430 286364 191012 80224 266608 315936 786252 341672 699136 327718 541754 545264 685166 357859 715776 227109 305228 623392 400133 554196 340685 81590 999999999 382352 240927 538045 444350 258593 627814 30387 404695 342998 724860 588116 476795 569395 344507 590517 688173 588908 499959 159646 281227 525132 241752 597030 729279 608565 846043 424961 567977 224329 333388 396084 400763 209953 444467 392295 338112 450887 279780 559474 673944 458376 426318 518106 412981 130584 499451 383038 250335 428932 113227 199023 183272 316061 308371 546151 728291 560745 292945 461593 341313
766302 361588 628104 778687 718890 502232 781208 97167 600834 310886 345216 239549 899970 800059 877004 456206 749078 468650 145608 493967 370599 642969 684781 869211 285392 398720 699667 159407 689220 361062 236469 413293 497683 89777 263552 782007 877768 464508 373530 382352 999999999 224789 616385 361969 591433 651878 396687 676779 235522 376874 869701 525990 450040 224201 411875 530424 352145 471919 422192 193319 758635 382431 621394 734930 259821 896525 797581 930183 180271 83404 313495 625283 590028 797929 577916 230553 436839 104675 826355 855511 735312 44675 869500 30739 305248 239605 196666 507215 122540 291747 476880 340882 456790 295656 541080 683509 572327 660339 416841 723555
619628 560266 495778 662697 840738 524810 779083 128693 635405 414786 185329 431505 936519 902379 951025 539320 778848 693296 236763 415722 277643 461415 492633 938312 380362 617380 510035 366251 718586 583963 118391 632692 279426 201243 487816 609254 793448 246210 280842 240927 224789 999999999 678118 485590 383623 743924 267582 627746 348562 601607 818096 597136 600574 104064 587012 702649 548231 578954 359630 44898 737185 157675 711755 839707 484554 983397 660183 806653 199004 144539 429872 604382 418260 685182 577329 98501 533178 169766 784433 868614 684578 265832 758813 248725 116387 437394 143444 458805 211590 127836 262057 318744 470333 100846 641679 810949 666435 467975 527180 561092
636994 464529 535522 549631 247518 170296 244073 623428 83602 307149 575688 461403 287713 251248 272975 162488 156149 716572 482072 390947 458453 689604 749463 260409 331007 590039 748098 708835 114620 625284 778414 602015 763222 543023 667192 733215 514960 868383 456757 538045 616385 678118 999999999 277217 762636 109128 513118 320339 381178 696925 422441 90994 289874 761761 373432 369699 453886 177053 382451 691787 277888 762470 90904 204113 635471 309545 624742 663585 488336 647929 310150 235177 636001 550101 185148 761317 189045 554997 369675 272068 345153 632582 585436 634590 626401 476566 768473 321195 734921 592567 735624 369897 222130 777418 127796 245915 101106 736984 220212 665623
707680 218761 573326 661845 361026 240141 493268 395400 293747 74292 455599 184664 564199 438132 519681 119766 428526 473084 253271 397929 372703 679409 737436 514011 108727 345592 743635 434376 375193 367324 562397 360400 660393 306621 392289 773881 693094 715602 373040 444350 361969 485590 277217 999999999 702319 291932 432334 471739 138398 435169 636920 188931 125228 546425 160215 244140 204698 111414 342342 484462 498520 610285 262671 373030 361212 535515 716076 804682 287993 412346 55738 390043 618759 672149 325247 548624 88667 328763 585213 543643 520951 369281 729312 374467 477538 200309 539597 356954 484408 444339 632477 267541 231655 585349 180733 328256 213504 717961 58157 703835
337303 858553 290149 436101 990699 594306 738880 496547 688491 630928 262296 737404 935959 1013850 1010685 689658 792044 1043732 529706 373434 330883 137995 130105 991435 600264 947201 150543 744742 743364 927243 465220 963678 117605 532451 850674 271653 602529 281832 330969 258593 591433 383623 762636 702319 999999999 861789 270544 542393 599831 959126 683330 715014 827085 459632 848961 946370 844024 751274 385810 427469 672393 258674 832756 962931 840786 1060526 389142 539218 467386 521205 654643 576280 151077 460044 592073 450217 702806 501661 673419 838479 580011 635742 523337 619754 286228 749112 511272 444293 594828 303644 124471 437283 548576 382898 791339 973321 801688 109949 716531 256566
746119 436569 643242 657909 138390 267790 326418 673944 192729 343407 660489 463888 303259 159505 228597 204893 220500 675800 529680 493500 547593 794562 854646 225065 373740 554178 853991 722756 203047 597671 836050 563909 854724 588300 658958 841898 615161 948912 546259 627814 651878 743924 109128 291932 861789 999999999 604875 428053 419104 670564 514192 151694 255965 819548 339455 303073 428794 180585 477421 752179 373012 842094 32178 101581 626487 244894 733618 768414 547393 694964 338420 343965 739731 657740 293857 820239 216615 605310 462748 325625 449323 661098 690582 665848 704943 476828 819992 425119 773707 670616 826748 451198 314164 844581 111207 139277 79768 841359 235292 774020
370326 599966 235412 397584 728341 342963 547733 320459 447810 361945 86974 485938 727704 761441 776253 422352 573075 806524 291689 160635 60471 262870 315553 759303 332586 699306 325701 555749 517178 687958 385232 715977 250237 316159 631242 389693 526206 370006 60821 30387 396687 267582 513118 432334 270544 604875 999999999 374337 338390 730221 558200 454507 556806 371520 581966 676474 585021 482344 132228 306686 494811 271892 574422 706441 615052 820237 404446 544955 231103 352515 386087 370897 203866 419424 363825 365411 433526 292758 529228 644182 428144 440038 493006 427421 159705 499571 408566 220643 449924 139827 222527 166825 291714 337867 526083 708419 539391 293577 446171 328070
328448 690500 262003 230242 565384 232576 198005 636123 238809 446320 460478 630709 398870 544112 499122 370990 272291 943759 533088 214459 350333 432731 487129 477169 444656 816930 479800 816107 242269 833881 745477 831961 587099 587325 831801 434952 221457 735962 347175 404695 676779 627746 320339 471739 542393 428053 374337 999999999 488747 897344 193958 336833 551889 730172 621334 658919 676390 429992 269510 659720 130041 644063 411014 513065 804937 556928 308559 347462 500448 668076 465784 88758 393871 229774 153202 725705 403610 580936 156688 297051 58684 710371 269215 704391 531450 647785 757920 172600 769309 505924 564253 336867 246369 709135 420976 566206 408322 481894 437795 373813
663439 261618 522625 641139 498714 282126 560619 257876 371228 75860 341605 155544 666231 571424 642268 220713 518026 483083 114891 354408 284287 599018 653515 634010 51383 366861 662733 339563 459224 365551 424261 383453 543537 170024 343900 711989 705436 583310 285654 342998 235522 348562 381178 138398 599831 419104 338390 488747 999999999 420085 673521 290575 252839 408214 252759 361214 246643 241581 285295 346132 548351 479642 388002 506744 318436 663978 681519 791275 153949 276602 83626 421532 538684 655792 365099 410297 202691 190593 625566 627744 544730 252232 721004 253512 351468 171462 403046 337490 355747 319986 516407 194614 246513 447708 309520 466518 339336 631869 186793 644268
1079625 234411 938027 1061213 662399 671306 926774 473768 727196 451097 701163 267782 971195 768632 887257 552917 852918 96560 438748 773796 686228 991415 1039781 889378 456310 125600 1052359 260651 804394 72913 591932 123626 872089 426746 115160 1118191 1117861 837135 688345 724860 376874 601607 696925 435169 959126 670564 730221 897344 420085 999999999 1070658 616867 415061 583896 331110 400517 243631 520077 703244 568081 933599 759159 650925 710592 118474 880346 1100272 1211100 500531 458186 431779 820679 933711 1075676 757522 592144 519576 457528 1019482 968933 950048 336484 1140028 353749 674829 250865 541392 756355 435275 655484 849918 611494 651030 664721 575392 622582 608784 1016156 484116 1053223
392839 852813 393594 271022 638285 399653 191052 830059 359122 623557 645161 807796 353450 584572 496530 524259 301999 1108884 725306 402426 540550 555796 600098 473192 626705 980837 587465 1006228 311891 1004072 936280 994933 747895 780476 1013124 506619 128414 907186 537334 588116 869701 818096 422441 636920 683330 514192 558200 193958 673521 1070658 999999999 472575 696445 921258 773815 789851 839632 573247 462300 851465 145112 821823 508214 574397 984912 558945 350657 298862 694211 862031 640449 252340 532634 253236 313352 916434 558249 774711 53168 247113 135350 902387 235596 896926 717505 824811 950503 366465 963264 694016 728053 530577 427147 895795 545021 650668 522791 601943 594061 463969
629903 388057 514299 556585 275726 128303 311115 536072 114119 216224 508802 373594 378367 310799 356550 71650 239636 643367 393516 353212 396585 655961 716231 346191 240800 515564 717247 618270 187742 546379 693827 528587 703865 454107 580885 717115 549173 797603 395347 476795 525990 597136 90994 188931 715014 151694 454507 336833 290575 616867 472575 999999999 223885 677207 302842 322990 376229 101138 329305 608201 328484 690877 120374 252732 549548 386266 625098 684097 403614 559675 219301 248128 599090 561010 184721 677226 100271 467404 419497 355015 374349 541670 605952 543830 553811 389190 681701 288751 645126 519540 675813 299515 166646 697333 86966 260705 87347 701367 133865 647544
815542 180747 685568 758930 276625 322358 530830 499917 337760 198829 580623 226198 556282 371914 478105 181548 445148 427233 364252 511112 496880 800193 858847 477989 232401 301888 864256 486690 402823 342264 667779 313093 785375 410724 406261 888286 769334 835846 497091 569395 450040 600574 289874 125228 827085 255965 556806 551889 252839 415061 696445 223885 999999999 652430 84707 120884 172854 123523 461077 594928 552310 731507 235915 308709 373756 479758 819364 895395 406531 512172 177412 464730 739790 766680 399022 655657 150845 436866 643378 560231 594347 447023 818164 455925 600500 235624 639378 462365 571120 567723 757507 391045 330877 698659 163306 238525 195336 839955 121481 817928
718543 584257 597826 765569 906851 615600 876757 152518 725096 480530 288255 458915 1028006 975886 1033467 614949 870824 679261 293424 519097 380722 551952 577444 1022026 447703 620714 595924 329665 810187 578943 16657 634721 346377 241759 468821 701190 897499 258206 383945 344507 224201 104064 761761 546425 459632 819548 371520 730172 408214 583896 921258 677207 652430 999999999 626373 744618 574071 647598 461190 72061 837298 206429 787588 911963 472554 1062287 760497 908288 273644 144805 491795 703613 513161 788242 673219 9730 604561 217663 886822 964268 787346 254035 861840 237405 217088 461058 52690 560062 154401 231699 335167 413367 562036 86347 713411 874675 740584 553121 593738 656803
867855 97672 733409 819740 345048 389064 612551 475276 416902 221420 593632 174016 640730 446233 558431 251445 529144 343148 351975 558022 523919 835220 892360 559447 249380 217251 899486 424451 485444 258217 640800 228711 796257 388598 329888 933420 841131 829267 524636 590517 411875 587012 373432 160215 848961 339455 581966 621334 252759 331110 773815 302842 84707 626373 999999999 118627 91978 201755 500900 575161 630714 728097 320351 385004 297660 556254 875673 960351 403400 482431 196708 535968 774447 829158 470092 630729 218059 418140 720970 644479 666752 401254 884056 412510 603355 178451 607006 516531 528656 572422 769056 421619 388788 681223 247699 305433 280004 872111 183542 863505
933425 191810 805076 872486 263615 434667 613496 593155 432299 315935 696909 291879 603410 371545 497376 294699 516687 384809 466372 631132 616796 921074 979700 502901 348129 275535 985140 534827 484064 330239 759151 280987 901226 505817 425432 1008191 871987 942949 617094 688173 530424 702649 369699 244140 946370 303073 676474 658919 361214 400517 789851 322990 120884 744618 118627 999999999 193577 230607 581935 692335 644738 840366 294524 317830 394641 483605 935441 1005255 514580 600894 292991 570497 860660 879010 505853 748843 267038 534706 736738 627041 697296 518881 927408 530521 712457 295014 725630 580519 646578 680489 873574 511306 448381 798037 244846 224321 268611 960741 240879 937799
