NAME : synthetic_000207
TYPE : CTSP-D
DIMENSION : 100
GROUPS : 8
RELAXATION_LEVEL : 1
EDGE_WEIGHT_TYPE : EXPLICIT
EDGE_WEIGHT_FORMAT : FULL_MATRIX
EDGE_WEIGHT_SECTION
999999999 470180 514276 229384 251272 547341 738876 793650 633454 470952 396486 20695 828290 535170 344547 542280 725248 685411 249338 223410 571126 758296 716684 407017 699802 608152 772247 584051 369994 659635 247215 692285 222008 662970 288519 302811 540543 641519 638522 663183 395839 558365 731729 285785 783529 664878 759857 557062 400949 227325 634952 160658 704017 478619 164166 375252 205803 527293 701039 630955 591581 504728 327059 769046 766151 264975 711150 124707 898233 864507 373007 441384 743829 211466 143678 390562 951788 816477 427574 636807 441228 554234 331680 682499 481192 557044 234842 555304 208525 974649 300487 749715 649904 311338 311261 605883 240416 106461 545475 32601
470180 999999999 456819 322571 287739 418963 289495 400984 343831 368071 419199 449857 358171 317252 170915 206203 428731 361629 388999 336138 156291 335535 258529 348561 535954 503336 411042 721803 362482 391749 691998 277828 440625 321194 625658 540213 364700 178602 720769 688127 835104 178000 374799 434790 490111 194875 551593 214290 141855 521130 451157 485853 436994 296036 349310 335389 674113 487670 270441 263145 500318 327690 318497 298961 305297 711261 427525 574136 478811 409574 305757 514062 395927 555312 409678 540860 501176 357690 74649 255860 197827 576643 583698 256969 459899 402361 695083 346481 493096 525753 707647 368457 556841 587241 162488 311180 710234 372151 83415 483773
514276 456819 999999999 302300 301159 830894 704296 846692 255909 88771 118862 506114 685718 174560 521055 301437 304807 818281 646432 582785 611092 478787 663968 128814 193161 94668 864802 1034870 704479 242749 581038 722833 663589 323404 795430 773135 788075 591157 1064541 1058489 671015 349227 830110 237869 340528 568688 263783 668794 542380 351740 155658 385194 264736 165335 364063 687748 674080 31243 459997 344191 906226 746217 645013 628451 695905 596273 284219 634292 904350 797864 663998 843118 369509 714184 370694 829149 887388 744728 385612 362064 616007 939293 317712 442321 40683 102059 616453 160552 346058 912656 534160 413307 968219 799796 394435 255376 670724 498121 457207 546198
229384 322571 302300 999999999 35331 578667 612005 709431 406007 245773 194368 216308 665088 306052 282828 328101 496611 635324 350123 289207 463926 551499 580703 182658 477562 392227 706170 736866 426795 430530 389669 591245 362267 440625 496709 471017 548238 500357 772221 774463 523888 353425 666393 131482 554338 507570 533735 485779 326605 198564 408279 169895 474659 249452 65931 415901 421478 321581 500387 415462 645376 506136 367848 603219 626398 408676 482111 354087 797440 731554 397581 552897 519607 414979 104054 531031 823477 679052 257080 424070 394044 655941 269026 480843 276169 330550 404855 325923 170729 848165 390369 531214 708126 497699 172744 379838 438600 195901 378026 258381
251272 287739 301159 35331 999999999 558749 577228 676744 382210 236260 201501 236339 629843 285378 257228 297318 474434 605730 345508 282436 430670 519615 545669 175694 468170 387579 674850 733844 413040 409522 423338 557829 363346 413188 507810 473971 525700 465283 765539 764073 558690 320689 635298 158029 533472 472240 520754 455296 298096 233558 395300 204718 454810 229212 88124 400121 448564 323098 467408 385338 627707 483378 353536 567995 591226 442421 460840 375523 763545 696462 380036 544837 493274 426065 136078 528049 788443 643892 221773 393203 367294 645077 300700 447964 279021 318381 437026 307289 205918 813165 425579 502291 690488 503750 141327 354691 468440 203440 342703 278420
547341 418963 830894 578667 558749 999999999 450551 381387 762498 746173 754336 531018 608765 724063 310081 624594 847358 238176 302286 326468 334027 718738 462534 704638 945336 896997 327856 368191 177725 810005 788199 360175 348610 738303 478478 360114 60311 440967 334812 281852 933013 596186 298997 709084 908184 495620 967939 246979 293425 731409 860403 668641 855751 689976 552455 173574 681264 858846 656187 678817 81547 91313 223793 578278 501096 804148 846482 571011 495469 548175 183806 205821 808941 458026 600213 281913 602070 526851 467810 669107 223436 191881 828457 649036 820740 801351 763466 753891 703342 615730 847828 772922 139197 407056 437318 729573 739326 455687 478669 534358
738876 289495 704296 612005 577228 450551 999999999 167685 508938 619642 692615 718182 161745 537079 397926 405576 558209 242968 590603 558663 170588 350621 41821 617002 724757 725414 216242 816540 507144 555155 972840 91731 649514 451638 830855 723909 392501 115851 784791 725308 1118530 357943 204392 722205 604318 139074 712262 223171 342548 810531 648272 773386 586760 539603 635376 479544 935158 735385 308747 397499 519896 381805 493230 150285 51595 991962 567706 827514 200054 125845 455816 629227 488719 775171 696267 686090 213910 83132 359110 379764 329938 642253 871782 314547 717258 625736 971029 560761 782369 237757 994428 433041 553759 775215 446900 486150 978080 634224 251516 746534
793650 400984 846692 709431 676744 381387 167685 999999999 669391 759374 819755 773400 308073 686685 452225 556075 723657 143233 601345 586705 247069 518191 207393 747510 884303 877112 63554 744917 493450 716721 1038084 124172 659819 615310 827097 711673 334407 261143 698397 628597 1186613 509884 82409 830958 771180 300214 875986 236614 397077 903907 805319 857664 750533 681503 719333 470142 974869 877933 475806 559150 432706 342509 499559 313650 208288 1056608 732276 862983 115744 192515 454253 582941 655792 785046 779662 652502 223961 198625 475572 542065 353325 566788 977329 480686 855004 775867 1028391 712353 874731 235333 1072625 600610 450384 762530 536931 644455 1024481 687271 389991 794593
633454 343831 255909 406007 382210 762498 508938 669391 999999999 209207 320729 618435 453004 105860 481795 137944 95199 679250 672415 608622 468509 226084 467124 257812 215865 234331 702021 1043309 685082 48983 773091 552500 709337 69727 876507 820309 708519 409380 1052680 1026822 886279 170916 674053 422532 157860 370422 211615 547092 475389 546063 143761 553695 93280 159904 469613 660978 826897 280952 220227 111766 843675 671322 631760 402113 487430 790760 87146 757710 703494 580217 632295 836962 121248 796207 506444 847615 664123 530173 300959 130070 539906 912116 546351 206068 288248 154262 798102 101001 529568 688651 746331 157671 900644 859098 383601 33578 839830 574829 298920 660436
470952 368071 88771 245773 236260 746173 619642 759374 209207 999999999 111666 459909 610173 108436 437210 221820 280917 729509 576212 511580 522561 418425 579827 63939 232148 155222 776527 963943 625752 213055 574698 635356 598540 269223 742218 709722 702033 505560 989579 979925 680562 268706 741619 220994 329596 485727 288912 580090 455873 344269 164196 362523 248613 80629 311179 607641 647619 119621 391128 277418 822523 660410 566720 551309 613584 591541 262451 594569 819573 716877 582893 767984 330035 660440 330921 759117 807393 663350 296903 293967 529325 860926 337201 372407 98050 86469 604296 108611 331431 832754 540895 364007 884160 740008 311957 198252 652253 439159 370699 501504
396486 419199 118862 194368 201501 754336 692615 819755 320729 111666 999999999 389114 701641 217974 446090 314942 391045 772160 544216 482465 575194 524618 654826 77464 310363 213516 829397 931232 614201 323673 469751 695978 556043 379111 679903 663595 716946 576822 965846 965559 570322 358467 792132 119967 436774 565208 377914 620045 477081 238748 260134 267147 356581 177086 251564 600422 555980 131104 492044 381690 825866 674538 554608 641048 692988 485892 371997 515681 890443 798341 579169 745724 441675 599121 252810 725398 890255 744416 344570 397014 550110 846576 225626 472698 84878 188031 502513 220277 229954 915651 431047 474421 888536 687630 319683 308212 554572 387402 441168 428624
20695 449857 506114 216308 236339 531018 718182 773400 618435 459909 389114 999999999 807920 521193 323970 524982 710754 665882 235196 205867 550453 739949 696017 396053 689869 599519 752388 579064 354088 645562 266568 671714 211757 646614 292154 298179 522902 620918 631362 653685 415323 540178 711841 281354 769512 644493 748748 536794 380365 231927 623566 164300 690357 464746 150507 358367 225372 520178 682297 613638 576915 486632 309685 748767 745496 284521 696984 139369 877764 843813 355211 430757 727778 213099 137093 382819 931098 795800 407998 619173 421194 543336 336731 663851 473976 545673 255258 541954 211111 953967 317202 732641 635785 310086 291393 590432 260978 86128 525483 42150
828290 358171 685718 665088 629843 608765 161745 308073 453004 610173 701641 807920 999999999 511212 505942 388790 476469 404115 715714 674604 298296 246665 146768 624207 662618 685459 366092 971825 647250 492320 1046872 253239 772979 385803 958134 857671 549680 195936 943559 885870 1187166 343423 361437 756293 510238 163444 634427 370875 455722 860034 596695 834030 512899 530593 701937 618796 1031650 715315 232803 345816 680158 535001 624502 62051 110185 1066151 490619 929587 284506 142715 592561 778842 396909 895647 760707 830131 213970 110836 410185 327147 462690 799670 904891 247496 707114 593655 1052213 528500 833943 237548 1055415 336063 715304 908225 519471 439345 1068405 728925 288065 841173
535170 317252 174560 306052 285378 724063 537079 686685 105860 108436 217974 521193 511212 999999999 425678 131533 191015 674199 597548 532655 462410 310398 495979 152110 221283 190675 710683 978043 625889 124482 667422 564378 629125 161182 788655 741018 674327 426936 994561 975885 780643 179167 678535 316722 248362 399334 251571 530927 430869 440210 136357 448658 169479 56608 371026 604152 724836 204147 286338 171073 803625 634516 569387 454294 525112 685029 176062 659845 736649 625511 576851 774970 226725 707425 404081 777395 714214 572817 256866 188432 501202 858556 443170 268281 198877 89184 693009 29828 423788 739403 640690 256455 863260 776772 312537 90242 735903 484334 298013 563340
344547 170915 521055 282828 257228 310081 397926 452225 481795 437210 446090 323970 505942 425678 999999999 347537 573886 358459 218516 169518 228041 506011 379965 394559 645041 589764 437413 562632 203300 525901 586392 347745 271831 474311 457731 369341 270879 311047 571314 550208 734677 333408 396767 413955 636895 345990 675800 216652 56411 462815 561102 410340 573634 385806 275276 179508 537334 548818 441090 420758 385355 228459 151976 451773 429930 605067 568774 429751 554196 523732 151448 355467 553841 390882 333288 373514 609019 478080 182191 416826 111799 433077 548244 427061 510727 496999 579067 455186 433420 631396 621149 533225 447189 416698 127312 448228 581493 238411 253856 349627
542280 206203 301437 328101 297318 624594 405576 556075 137944 221820 314942 524982 388790 131533 347537 999999999 226787 550733 546971 484840 338507 224602 364545 238114 336026 321158 582075 910144 550575 185558 715359 434545 588282 129721 762716 697409 570866 295710 916890 889508 842505 47909 551166 385667 289585 268150 345930 413143 338050 501907 253039 492991 231223 141828 384318 525750 744371 332097 180379 88675 705743 533450 498882 329537 394692 734064 223240 663307 605246 496453 496755 702956 212033 684422 432143 717693 586284 443291 165415 95971 401969 775389 528530 160581 319443 220455 732795 156292 479839 611601 704273 207915 762845 738896 260941 105015 765758 469093 170139 565766
725248 428731 304807 496611 474434 847358 558209 723657 95199 280917 391045 710754 476469 191015 573886 226787 999999999 748120 767260 703607 541270 231370 517039 337297 195223 253598 761915 1136206 777108 68188 854315 612601 804510 112228 971441 915423 791925 469450 1143676 1115549 961230 251195 737079 501031 63158 423956 157978 623716 564375 624703 157212 637922 44140 247506 561113 752468 915839 323495 251612 172645 928825 756045 724672 433966 529475 871481 20957 849790 744733 612919 723518 929346 83110 891005 595088 941691 690439 566588 392035 186564 626354 1001963 614098 243780 342571 206539 881835 175766 610467 713872 821697 143410 984459 954296 478481 127628 926223 669228 374330 752850
685411 361629 818281 635324 605730 238176 242968 143233 679250 729509 772160 665882 404115 674199 358459 550733 748120 999999999 474360 468691 212282 570595 268845 706058 886739 863149 94377 603033 359437 728158 932446 154178 531349 636061 691418 574547 192232 283668 559607 493116 1081198 509618 60929 763604 802482 336492 890750 152221 309169 821091 803553 768497 767905 657331 633613 338511 855349 849027 516813 576151 292545 204877 373766 389550 294137 950364 752943 742724 257944 318473 326683 440235 691100 654467 691703 511091 364895 306823 433125 561564 248578 424938 903815 516212 819837 761525 917995 702433 791683 377808 975334 642777 316796 624839 464784 650059 907914 580634 381319 682313
249338 388999 646432 350123 345508 302286 590603 601345 672415 576212 544216 235196 715714 597548 218516 546971 767260 474360 999999999 65078 422501 722734 580483 519295 803942 730532 567240 388451 125322 711756 486110 522406 59249 676586 242420 152050 304992 519838 422417 430472 630757 541371 528579 465480 830226 560029 847556 375984 261447 455206 724962 388346 759824 547750 301043 138307 384517 668581 658201 627571 342304 275351 101795 664701 629714 501915 759001 272324 714236 713432 147828 205817 758384 185571 332211 182967 791113 673491 387539 626059 261060 314933 558324 643464 624216 651935 461392 624902 429788 811067 548546 743954 400652 198245 288815 639632 440393 173995 472211 233235
223410 336138 582785 289207 282436 326468 558663 586705 608622 511580 482465 205867 674604 532655 169518 484840 703607 468691 65078 999999999 388329 666583 544631 455209 738933 666114 558739 452534 152153 647451 469173 497489 105341 614558 289520 212572 317140 479036 483390 486295 616896 481308 518844 408922 766479 515435 782514 353724 219300 410023 659884 345032 695478 482693 244480 153048 388279 605446 602632 566804 378046 281601 103833 621119 594441 486275 695014 276281 696576 683463 149643 263710 696670 221389 282108 247574 764895 640616 327983 566053 235557 368603 510879 587204 561446 586921 450739 559921 383132 785984 523027 684162 439026 255212 225215 576000 439412 129705 419526 215362
571126 156291 611092 463926 430670 334027 170588 247069 468509 522561 575194 550453 298296 462410 228041 338507 541270 212282 422501 388329 999999999 386556 158081 504846 674533 652005 254792 682963 349000 517488 808891 127437 480998 429084 664138 560559 273879 109622 663812 615778 955951 298091 219077 584003 597997 162547 680120 88112 172226 660203 591272 617299 558493 448004 478453 320515 765339 642134 325832 368626 413059 249258 327762 255047 207219 827857 544664 657174 334988 296091 294341 484105 490305 606046 539350 532285 381043 252293 230721 355353 164765 517409 730882 320995 615633 550224 804645 490426 631273 403616 835885 447536 460479 611449 292410 438663 809286 465655 169690 577473
758296 335535 478787 551499 519615 718738 350621 518191 226084 418425 524618 739949 246665 310398 506011 224602 231370 570595 722734 666583 386556 999999999 312552 451460 422473 459166 564916 1050806 694995 256828 939788 421381 771900 156507 954493 874571 659105 288688 1041719 999293 1066843 200136 546851 607448 263786 234358 388857 474664 474897 725690 364803 717512 270142 347969 605129 667105 962788 505402 65288 143550 798817 630652 653657 210714 313295 958539 246954 875887 523117 386326 637607 844407 150418 880251 655328 875706 460277 343533 341866 130283 517217 895341 746061 79379 507771 378775 956336 318613 704137 483326 928289 89411 847032 920573 457484 223555 987173 676109 254737 779399
716684 258529 663968 580703 545669 462534 41821 207393 467124 579827 654826 696017 146768 495979 379965 364545 517039 268845 580483 544631 158081 312552 999999999 578779 682938 683973 252421 825059 504358 513385 947177 114683 638849 410046 822217 718142 403199 80504 797335 740937 1091833 316812 236528 687950 563830 97358 670731 224625 326031 779223 606496 744216 545216 499591 607013 476189 915504 695004 268414 355708 535109 388273 485658 120893 49966 966372 526306 809384 240709 151061 450970 632874 448401 763558 667669 685980 242775 100105 325543 338006 322300 653098 837754 273576 677610 584501 947154 519417 751382 267526 965837 393455 572592 769158 418815 444353 956696 613217 213832 725887
407017 348561 128814 182658 175694 704638 617002 747510 257812 63939 77464 396053 624207 152110 394559 238114 337297 706058 519295 455209 504846 451460 578779 999999999 294922 211915 759599 907674 575698 269116 517120 623444 539013 310746 679362 649638 663520 501363 936107 929678 628534 281136 723095 164797 389070 488361 352841 554591 419347 288493 228084 301554 307918 103901 247712 559163 584847 154764 416379 307987 779044 621385 516213 563586 616282 534420 319884 530647 815497 721441 535694 714601 378831 597622 267186 702224 813234 667533 274427 322580 493025 810481 294763 396883 116612 150253 544788 161640 273232 838636 488580 406395 841260 678711 267376 240801 590994 377247 365497 437605
699802 535954 193161 477562 468170 945336 724757 884303 215865 232148 310363 689869 662618 221283 645041 336026 195223 886739 803942 738933 674533 422473 682938 294922 999999999 101765 914983 1189641 842823 171294 773345 765936 829102 277951 974228 940665 895486 623559 1210498 1194831 857509 378138 885577 430231 196232 586093 76286 747771 652081 544772 85063 577504 153031 260150 542559 822189 866339 193443 431075 327563 1024809 855777 785176 614896 702933 788227 176931 822030 919124 793902 795522 989653 278066 892467 557438 986222 875713 744737 478027 345696 722464 1076861 503819 418942 232647 152013 809449 191457 539133 899829 722906 337125 1084533 971838 527093 239922 863860 671283 505702 731006
608152 503336 94668 392227 387579 896997 725414 877112 234331 155222 213516 599519 685459 190675 589764 321158 253598 863149 730532 666114 652005 459166 683973 211915 101765 999999999 901305 1118627 780665 204353 672105 755014 750920 303827 887626 861426 850823 616851 1144798 1134743 755926 368039 868919 332384 274996 586780 176339 717623 604612 444352 97153 479651 209805 208923 455495 762161 768483 91701 453364 339896 974433 809744 721751 632217 710434 686827 232770 728687 924159 807920 737016 923201 329774 806152 464737 913498 894292 756290 437380 358637 677322 1015827 402144 437975 132400 101845 708824 164919 439864 919147 621144 382356 1035605 889755 465946 246264 764177 587971 488678 639919
772247 411042 864802 706170 674850 327856 216242 63554 702021 776527 829397 752388 366092 710683 437413 582075 761915 94377 567240 558739 254792 564916 252421 759599 914983 901305 999999999 687181 453610 750178 1018610 149670 624663 651679 785793 668901 285458 293182 638243 567155 1167424 537482 40699 831434 812035 338601 911273 221758 384639 896855 834103 847166 786335 700676 710242 432261 946483 895939 518368 593763 374066 299248 466115 365943 261862 1036791 769203 833989 168915 255753 419415 532141 697554 748299 769597 604309 285191 258538 485302 577474 331608 509310 975166 521373 870252 799534 1006001 737514 867490 294792 1058047 644430 388772 719143 533642 675329 998126 666573 412716 770717
584051 721803 1034870 736866 733844 368191 816540 744917 1043309 963943 931232 579064 971825 978043 562632 910144 1136206 603033 388451 452534 682963 1050806 825059 907674 1189641 1118627 687181 999999999 360331 1086051 757677 727295 377559 1036591 337947 281241 424323 792582 85490 163333 873991 894553 662888 844880 1199291 844650 1229521 602033 579969 810845 1109024 743353 1134087 931044 683234 386619 602218 1056797 985825 981785 313327 436952 411572 936182 866250 766905 1130443 526176 856078 916349 416202 207886 1115181 386259 703563 205898 967910 894354 744822 976423 533902 178141 915524 974971 1012178 1037761 714918 1006422 789965 980246 841898 1090260 312999 281827 665514 1009827 662412 548384 797502 555241
369994 362482 704479 426795 413040 177725 507144 493450 685082 625752 614201 354088 647250 625889 203300 550575 777108 359437 125322 152153 349000 694995 504358 575698 842823 780665 453610 360331 999999999 728973 610585 429322 176237 676380 333688 219705 181052 455602 368805 354218 755843 534222 416612 552922 840075 503042 877057 284452 220791 561812 759945 497140 776785 582673 390566 28704 508450 729869 629734 621460 225969 155430 59652 602652 551349 626651 772074 396809 608454 624475 57510 152558 754853 295695 432710 184298 695553 589993 385161 616244 186029 235174 661827 617811 688155 692540 586649 655030 534614 713722 670428 730705 287307 271077 315969 651518 565136 281758 440392 356633
659635 391749 242749 430530 409522 810005 555155 716721 48983 213055 323673 645562 492320 124482 525901 185558 68188 728158 711756 647451 517488 256828 513385 269116 171294 204353 750178 1086051 728973 999999999 786129 600577 746655 106786 910274 858136 756424 457274 1097185 1072729 893574 219854 722542 432885 123957 417139 162645 595976 521604 556582 108288 569891 48132 181078 495479 705356 848678 264062 260104 157750 891058 718920 674791 443715 532013 803303 51640 784298 748275 622635 676915 880381 127700 829392 528008 888741 704904 573462 346376 175401 587086 957458 547595 247665 278977 141949 813716 107656 542279 729154 753944 178008 948368 895643 423352 80580 858413 606788 347903 687702
247215 691998 581038 389669 423338 788199 972840 1038084 773091 574698 469751 266568 1046872 667422 586392 715359 854315 932446 486110 469173 808891 939788 947177 517120 773345 672105 1018610 757677 610585 786129 999999999 932940 445854 818750 421454 491658 785498 869129 826401 866609 148817 742905 978010 353705 904271 885365 844787 801592 642343 231063 729823 222490 823310 613736 345128 618747 165046 580732 889940 800878 825328 750754 571990 985733 995610 19281 836560 235191 1140303 1097307 618670 657033 892788 375953 287943 591720 1186729 1047255 636982 810941 687120 768609 281881 870342 540904 657022 50935 678759 243890 1210315 91516 912640 880550 477311 529559 752268 119619 352063 758993 254563
692285 277828 722833 591245 557829 360175 91731 124172 552500 635356 695978 671714 253239 564378 347745 434545 612601 154178 522406 497489 127437 421381 114683 623444 765936 755014 149670 727295 429322 600577 932940 999999999 581655 502109 758830 648414 302975 143520 693816 633677 1080612 389174 125886 710243 663487 190480 761603 146675 291362 787638 685608 744325 636685 557754 605499 402744 881777 754068 371456 444095 428399 295373 422204 235389 143268 951780 619655 771662 208123 195524 381338 543818 549588 707972 666322 604062 268709 167147 352232 427843 262598 552046 857713 373328 730858 653494 926776 590575 758699 288904 962207 497873 462090 699861 419844 526117 928144 586052 266783 696462
222008 440625 663589 362267 363346 348610 649514 659819 709337 598540 556043 211757 772979 629125 271831 588282 804510 531349 59249 105341 480998 771900 638849 539013 829102 750920 624663 377559 176237 746655 445854 581655 999999999 717955 186011 111970 357284 577043 422636 441957 587301 586119 586322 467339 867097 616047 876559 435225 317685 441285 752464 373462 794466 577186 306151 193329 332966 683772 707888 671210 379688 330161 160580 721162 688206 460591 795119 222427 773019 772547 205691 219376 800298 126324 326995 174314 850362 732334 433083 670837 320188 332250 545895 692523 638436 677595 417155 655433 418049 870308 514202 788982 434786 150629 327567 677127 390717 170833 524039 199958
662970 321194 323404 440625 413188 738303 451638 615310 69727 269223 379111 646614 385803 161182 474311 129721 112228 636061 676586 614558 429084 156507 410046 310746 277951 303827 651679 1036591 676380 106786 818750 502109 717955 999999999 891549 827125 682124 358664 1040318 1009303 937426 143390 625990 473396 170274 315096 260755 511903 459842 595617 211592 597113 135246 207707 501303 650795 861608 349376 153344 60534 819844 647057 626188 336957 426501 836884 117562 785775 642744 515965 621478 828937 82654 812761 543696 846180 598148 467090 292473 74596 518959 897176 604014 141063 354013 222610 840740 164551 577018 622433 797631 95654 874649 868556 390500 70985 878690 595294 262779 688068
288519 625658 795430 496709 507810 478478 830855 827097 876507 742218 679903 292154 958134 788655 457731 762716 971441 691418 242420 289520 664138 954493 822217 679362 974228 887626 785793 337947 333688 910274 421454 758830 186011 891549 999999999 118466 504325 762254 411562 462939 536460 764725 749613 573437 1033002 801940 1028555 612268 503433 509288 903074 445821 957237 734014 432270 357961 264288 810969 891062 848037 481945 486549 337672 906897 871193 429807 960309 197381 942141 952199 377566 288815 974201 81792 429167 208797 1026889 913939 613538 849043 500968 385084 610348 875171 764737 825918 377425 812814 494183 1045793 508001 967017 523124 73914 502622 845457 324714 304830 709040 256013
302811 540213 773135 471017 473971 360114 723909 711673 820309 709722 663595 298179 857671 741018 369341 697409 915423 574547 152050 212572 560559 874571 718142 649638 940665 861426 668901 281241 219705 858136 491658 648414 111970 827125 118466 999999999 386292 662774 339139 374951 621317 693067 633286 569546 978143 705825 988508 502620 408629 529730 864339 462361 906012 689156 412268 245683 350827 792485 809926 778990 366784 369900 233173 809148 766299 503373 906343 256468 827076 843104 268110 176558 909203 116917 426025 101594 915205 807008 539330 777794 395876 281704 634346 795346 746834 789300 454088 767387 509270 933426 570645 895774 411459 51447 437494 787907 412256 276220 623178 274181
540543 364700 788075 548238 525700 60311 392501 334407 708519 702033 716946 522902 549680 674327 270879 570866 791925 192232 304992 317140 273879 659105 403199 663520 895486 850823 285458 424323 181052 756424 785498 302975 357284 682124 504325 386292 999999999 380656 394308 342140 932365 540787 252849 679595 852264 435327 915574 186682 246335 711297 810434 650884 801639 642656 528032 167502 689230 816714 596842 622313 139811 42434 213602 518307 442652 802222 791674 577270 449820 493607 167748 248654 751566 474696 579309 318921 551447 470064 417470 612100 173606 250031 805181 590039 780066 753670 764301 704120 682616 566321 839850 714469 192549 435650 397593 675867 745383 443044 421210 530975
641519 178602 591157 500357 465283 440967 115851 261143 409380 505560 576822 620918 195936 426936 311047 295710 469450 283668 519838 479036 109622 288688 80504 501363 623559 616851 293182 792582 455602 457274 869129 143520 577043 358664 762254 662774 380656 999999999 772610 722757 1013106 249022 267679 607622 521314 55414 618101 194053 259914 698841 544191 664454 493166 425993 527694 426943 842326 622342 233183 300585 518552 358160 429684 147084 126764 888359 476223 737925 314465 231203 399753 593308 408426 699872 588192 639618 323191 179088 245049 284339 269725 626388 757387 232781 602838 516054 870336 451944 671065 347999 886233 359125 562937 713081 339927 383638 881883 539399 135906 652111
638522 720769 1064541 772221 765539 334812 784791 698397 1052680 989579 965846 631362 943559 994561 571314 916890 1143676 559607 422417 483390 663812 1041719 797335 936107 1210498 1144798 638243 85490 368805 1097185 826401 693816 422636 1040318 411562 339139 394308 772610 999999999 83174 947692 897099 617669 886819 1206375 826353 1245835 579012 580492 862873 1128143 795027 1144849 950474 722926 391829 675028 1088080 977498 983536 267280 414559 425428 912443 835601 836676 1139437 592347 806158 877150 420385 221609 1116630 451189 749103 248747 922354 859514 751876 976627 526135 146605 967677 968133 1044503 1059501 785510 1023609 840349 932979 908199 1087453 252407 349247 683454 1019102 735930 591190 792039 611547
663183 688127 1058489 774463 764073 281852 725308 628597 1026822 979925 965559 653685 885870 975885 550208 889508 1115549 493116 430472 486295 615778 999293 740937 929678 1194831 1134743 567155 163333 354218 1072729 866609 633677 441957 1009303 462939 374951 342140 722757 83174 999999999 994271 865988 549328 894926 1177594 777467 1225587 528822 551477 882369 1111183 814713 1119792 934952 730313 372955 721933 1083545 936096 951071 205828 368654 413517 858503 776647 878232 1112748 631420 733621 811589 399309 224901 1083124 491179 762453 275838 852243 797230 726371 942805 490579 119211 986562 928090 1041306 1045508 828517 1005387 858166 861721 944704 1050285 178401 394855 669309 993362 783379 603883 754600 638679
395839 835104 671015 523888 558690 933013 1118530 1186613 886279 680562 570322 415323 1187166 780643 734677 842505 961230 1081198 630757 616896 955951 1066843 1091833 628534 857509 755926 1167424 873991 755843 893574 148817 1080612 587301 937426 536460 621317 932365 1013106 947692 994271 999999999 873607 1126821 464226 1006470 1026991 932038 950197 790477 342033 825341 354000 926731 729900 486058 765183 272767 664687 1020358 925344 966758 898268 719158 1125601 1139814 130874 942304 368528 1288228 1242412 766111 792351 1007364 504403 426540 722761 1332423 1191780 777052 936832 835917 902085 353900 1000576 630353 757559 170183 788134 362706 1356224 139954 1032640 1020321 599988 673184 868641 211775 500880 899138 401664
558365 178000 349227 353425 320689 596186 357943 509884 170916 268706 358467 540178 343423 179167 333408 47909 251195 509618 541371 481308 298091 200136 316812 281136 378138 368039 537482 894553 534222 219854 742905 389174 586119 143390 764725 693067 540787 249022 897099 865988 873607 999999999 507497 422258 312184 220279 382311 376216 316612 535157 296622 521465 262591 188284 405343 508267 762669 379938 147056 87361 677670 504876 485350 283440 346800 761832 251170 676795 557487 448774 478844 686732 220654 688165 456729 706619 538843 395528 153879 84748 375827 753800 567668 127437 366571 267827 757714 203137 511796 564183 736521 202866 733303 736491 262709 140572 787305 478492 128412 579944
731729 374799 830110 666393 635298 298997 204392 82409 674053 741619 792132 711841 361437 678535 396767 551166 737079 60929 528579 518844 219077 546851 236528 723095 885577 868919 40699 662888 416612 722542 978010 125886 586322 625990 749613 633286 252849 267679 617669 549328 1126821 507497 999999999 792162 788783 316275 884357 181387 344154 856558 803889 806619 759951 666621 669823 394548 906807 861173 497333 567248 351252 263401 427196 354461 253426 996210 743528 794384 197066 264007 380785 501085 675217 710489 729092 571516 305206 258367 448669 551487 290960 484748 935416 499006 834588 767078 965593 705814 827183 317451 1017351 623756 371712 683833 494014 646505 958154 625991 381168 730402
285785 434790 237869 131482 158029 709084 722205 830958 422532 220994 119967 281354 756293 316722 413955 385667 501031 763604 465480 408922 584003 607448 687950 164797 430231 332384 831434 844880 552922 432885 353705 710243 467339 473396 573437 569546 679595 607622 886819 894926 464226 422258 792162 999999999 550580 606703 497739 612806 456098 123776 378550 147342 469606 265740 164619 543910 436241 245821 565949 464420 774273 637541 494868 694367 730916 370604 483034 400598 913559 837015 526954 671037 543399 494285 144973 640812 929510 783510 363126 477207 524778 777521 149887 546116 200833 304067 384116 325926 110914 954626 324326 568793 836907 588276 298871 404415 434847 296590 477101 318364
783529 490111 340528 554338 533472 908184 604318 771180 157860 329596 436774 769512 510238 248362 636895 289585 63158 802482 830226 766479 597997 263786 563830 389070 196232 274996 812035 1199291 840075 123957 904271 663487 867097 170274 1033002 978143 852264 521314 1206375 1177594 1006470 312184 788783 550580 999999999 473437 137471 681712 626712 673625 185509 690618 81156 304916 619388 815334 971527 354932 295579 230570 989704 816895 787776 472917 572280 921036 72819 908207 785433 650003 786333 992362 115814 952350 651089 1004842 723313 606108 454943 242723 687902 1064371 655934 290804 380139 248943 933564 229628 660976 745940 867617 174788 1044807 1016717 541421 190642 979886 730103 432929 811654
664878 194875 568688 507570 472240 495620 139074 300214 370422 485727 565208 644493 163444 399334 345990 268150 423956 336492 560029 515435 162547 234358 97358 488361 586093 586780 338601 844650 503042 417139 885365 190480 616047 315096 801940 705825 435327 55414 826353 777467 1026991 220279 316275 606703 473437 999999999 575786 248645 298590 704683 509217 675079 450321 405194 541043 474338 868233 599597 181219 259394 573585 411794 473567 105998 128108 904644 432149 766567 337476 233140 446418 643714 359179 736823 600522 687338 325224 179211 250680 242037 317135 679955 756460 182910 583733 487600 889611 422372 677769 350594 896976 307647 618308 755534 356730 347146 905050 565587 130089 677763
759857 551593 263783 533735 520754 967939 712262 875986 211615 288912 377914 748748 634427 251571 675800 345930 157978 890750 847556 782514 680120 388857 670731 352841 76286 176339 911273 1229521 877057 162645 844787 761603 876559 260755 1028555 988508 915574 618101 1245835 1225587 932038 382311 884357 497739 137471 575786 999999999 758142 676803 615012 125534 644363 125520 299852 599490 854880 932523 267357 408413 317520 1048533 877241 820852 591566 685614 860056 145251 883325 901423 770680 827224 1026501 238872 946796 619202 1028303 848394 723877 500977 334097 744532 1108870 578157 399239 304124 203195 879638 223124 607802 871781 796632 300027 1106797 1022064 564066 242075 932486 724051 510503 790396
557062 214290 668794 485779 455296 246979 223171 236614 547092 580090 620045 536794 370875 530927 216652 413143 623716 152221 375984 353724 88112 474664 224625 554591 747771 717623 221758 602033 284452 595976 801592 146675 435225 511903 612268 502620 186682 194053 579012 528822 950197 376216 181387 612806 681712 248645 758142 999999999 162967 675172 663443 625549 638569 509991 488484 257254 740625 699312 413736 451380 325300 165371 275544 334370 269202 820076 625950 629449 343261 340493 234951 408259 575887 561548 547901 463028 415285 305725 283188 439092 118243 433114 754755 408458 668999 616612 791838 559880 645795 435083 837799 534619 372379 554048 314011 516067 789028 450665 249479 558459
400949 141855 542380 326605 298096 293425 342548 397077 475389 455873 477081 380365 455722 430869 56411 338050 564375 309169 261447 219300 172226 474897 326031 419347 652081 604612 384639 579969 220791 521604 642343 291362 317685 459842 503433 408629 246335 259914 580492 551477 790477 316612 344154 456098 626712 298590 676803 162967 999999999 512768 567226 462582 568449 396835 325726 193547 593188 571380 409609 403222 372759 205137 179726 403487 375961 661070 561284 484987 498034 468241 163913 372208 536504 439959 384959 400941 552966 423325 175847 396945 73707 437668 594709 397258 535930 508105 635420 460692 483367 575225 675626 510303 432580 457699 159254 441965 637774 294821 220166 405908
227325 521130 351740 198564 233558 731409 810531 903907 546063 344269 238748 231927 860034 440210 462815 501907 624703 821091 455206 410023 660203 725690 779223 288493 544772 444352 896855 810845 561812 556582 231063 787638 441285 595617 509288 529730 711297 698841 862873 882369 342033 535157 856558 123776 673625 704683 615012 675172 512768 999999999 498874 67858 592794 388364 187542 559040 331061 353946 681052 583640 787754 670903 508511 798001 824710 247478 606585 319384 994665 930014 547946 657950 666753 436370 132031 614155 1021998 877392 454895 595492 574055 769330 104831 661211 312183 425996 264714 449699 29410 1046708 202706 690705 849007 538173 367794 527265 320485 282022 574714 257740
634952 451157 155658 408279 395300 860403 648272 805319 143761 164196 260134 623566 596695 136357 561102 253039 157212 803553 724962 659884 591272 364803 606496 228084 85063 97153 834103 1109024 759945 108288 729823 685608 752464 211592 903074 864339 810434 544191 1128143 1111183 825341 296622 803889 378550 185509 509217 125534 663443 567226 498874 999999999 523705 114005 178012 474080 738858 810628 169533 363893 254089 939981 770765 702715 545755 629246 745821 136280 758723 844785 723507 711921 907731 232639 821307 495084 906550 807839 673028 392985 272724 637455 993480 472840 349814 195839 77911 762406 106535 489373 832393 687549 285911 999599 897233 444782 162264 813015 598661 423142 665302
160658 485853 385194 169895 204718 668641 773386 857664 553695 362523 267147 164300 834030 448658 410340 492991 637922 768497 388346 345032 617299 717512 744216 301554 577504 479651 847166 743353 497140 569891 222490 744325 373462 597113 445821 462361 650884 664454 795027 814713 354000 521465 806619 147342 690618 675079 644363 625549 462582 67858 523705 999999999 609469 393824 138845 495579 288899 392205 668506 578390 723077 611156 445086 772295 791118 241100 621030 260735 952266 895269 485854 590423 672348 371177 78046 546303 986488 843543 424484 588491 520200 702010 172652 648828 347781 447783 244406 462242 48361 1010823 221982 690573 783959 471974 326698 531566 289732 216032 546296 191817
704017 436994 264736 474659 454810 855751 586760 750533 93280 248613 356581 690357 512899 169479 573634 231223 44140 767905 759824 695478 558493 270142 545216 307918 153031 209805 786335 1134087 776785 48132 823310 636685 794466 135246 957237 906012 801639 493166 1144849 1119792 926731 262591 759951 469606 81156 450321 125520 638569 568449 592794 114005 609469 999999999 225662 539999 753035 890769 281963 284132 192710 936944 764558 722767 467917 560570 840140 24126 828724 776585 647220 724515 928304 125401 876213 570524 936873 726682 599641 393601 208890 633185 1004801 577415 274213 303393 169424 852427 149072 579910 750441 787615 184099 993833 943287 471470 126511 898776 653361 389500 732506
478619 296036 165335 249452 229212 689976 539603 681503 159904 80629 177086 464746 530593 56608 385806 141828 247506 657331 547750 482693 448004 347969 499591 103901 260150 208923 700676 931044 582673 181078 613736 557754 577186 207707 734014 689156 642656 425993 950474 934952 729900 188284 666621 265740 304916 405194 299852 509991 396835 388364 178012 393824 225662 999999999 314496 562157 668456 196570 315365 204728 768322 601879 525087 471321 532996 631557 232669 603306 739617 636250 535696 729849 279068 652608 347707 728870 726810 582722 228545 219928 469056 816820 398615 296182 178675 111451 638227 78823 370689 752177 590043 303228 828942 723817 267020 138924 680167 429358 291877 506896
164166 349310 364063 65931 88124 552455 635376 719333 469613 311179 251564 150507 701937 371026 275276 384318 561113 633613 301043 244480 478453 605129 607013 247712 542559 455495 710242 683234 390566 495479 345128 605499 306151 501303 432270 412268 528032 527694 722926 730313 486058 405343 669823 164619 619388 541043 599490 488484 325726 187542 474080 138845 539999 314496 999999999 383470 360588 381465 551189 472653 614175 486887 333602 640681 654457 364394 546986 288820 813423 757964 368822 506458 581365 350696 60995 478166 848817 706678 291880 479975 386555 613014 277157 531991 335473 396295 354269 391475 158153 873010 359054 590100 676496 436284 188479 442531 382048 136093 413944 192626
375252 335389 687748 415901 400121 173574 479544 470142 660978 607641 600422 358367 618796 604152 179508 525750 752468 338511 138307 153048 320515 667105 476189 559163 822189 762161 432261 386619 28704 705356 618747 402744 193329 650795 357961 245683 167502 426943 391829 372955 765183 508267 394548 543910 815334 474338 854880 257254 193547 559040 738858 495579 753035 562157 383470 999999999 522796 713728 601867 595384 230721 137126 50531 574003 523375 635268 747836 410493 584692 597605 29634 178752 728792 316039 428552 213000 669709 562487 360440 589824 157334 254672 657475 590134 672721 672575 596862 633471 531295 688203 675528 703797 293157 297129 296411 627400 578313 282114 412631 364199
