NAME : synthetic_000497
TYPE : CTSP-D
DIMENSION : 100
GROUPS : 8
RELAXATION_LEVEL : 1
EDGE_WEIGHT_TYPE : EXPLICIT
EDGE_WEIGHT_FORMAT : FULL_MATRIX
EDGE_WEIGHT_SECTION
999999999 435992 344229 264622 340834 481504 205614 428867 144406 462526 288700 342645 115693 188358 384495 536313 524755 269905 228479 547814 687547 574964 366154 157490 357979 578933 300815 633158 346389 309366 384172 510866 61082 384256 251825 294895 84095 414489 303031 161925 326001 173915 398536 561609 410629 754513 555990 474361 276662 68863 325164 234987 547376 380744 442865 424592 601247 275293 573326 135946 685644 435141 365595 449095 309166 412757 240576 603049 311603 651925 682876 200409 508000 98066 507583 375913 522266 401824 427411 15843 547547 639370 298494 397190 505962 284077 451881 441802 503472 386845 358525 213766 199102 285459 449211 456899 394083 581850 343595 419304
435992 999999999 327104 623151 639437 198844 610310 723030 547502 875783 694625 94461 363188 298171 51673 893751 234780 691797 612649 774162 605614 935453 231317 579351 416348 283902 475390 1000594 645037 579807 555486 704354 496364 612272 628985 464593 456424 610050 263513 410853 680729 316548 712303 624764 618947 679513 848220 833825 161625 429416 693607 661962 472383 304896 868346 860154 913326 710054 161104 529101 1030733 479616 351347 491734 713936 845332 544233 975285 270682 979780 707762 615555 803301 504920 241007 737217 200528 251115 665413 451550 178516 503170 435702 803923 763092 719716 162010 818462 455469 254819 538293 599253 567232 688369 814149 530323 781161 730487 619610 621841
344229 327104 999999999 379823 354841 498999 411853 762894 488525 649644 480276 266544 228775 367155 301004 614379 240483 500536 572707 452124 359536 655394 99852 495564 575808 598084 173077 721616 359486 629241 667734 379612 380840 693280 595977 164018 298475 290512 75938 204306 422818 373073 424752 307235 713453 432117 540150 818584 280225 288290 669343 562528 212505 46779 663938 713008 609502 580998 369842 479779 736956 156807 539466 170417 495122 662591 287246 701040 447401 679712 407582 428644 499035 442251 540686 475456 516122 493264 743258 352677 310777 296835 131175 575929 448601 566562 458123 785160 173972 486689 222767 384462 541340 626175 793366 205464 736420 403603 327351 302967
264622 623151 379823 999999999 104071 719940 92740 613949 325533 269867 110023 531482 267700 444480 576779 278919 617722 150261 390125 314067 616025 319590 458134 295144 621739 822039 222369 382241 107401 531489 629159 303597 227317 610901 412298 227137 191726 236738 392725 212524 62437 433000 139074 429029 640850 666024 294828 595095 487006 220099 470737 308372 509639 426589 287649 370822 336718 282929 722891 334960 425760 365711 629591 373807 119943 297542 92801 354831 569036 388180 546542 117032 247846 306523 751668 117007 755584 655072 643295 253702 675473 612100 256685 196107 261383 243639 685096 547966 465144 641142 226296 59984 391060 395609 568497 355450 496519 388424 127478 233711
340834 639437 354841 104071 999999999 760549 196344 715306 422532 321135 200498 553143 310979 505347 597544 260133 594761 248273 491177 213585 535083 301511 446127 395419 697334 864126 182100 367728 5927 626664 718648 199616 315236 705766 513840 190835 258949 141909 387434 240128 92735 496735 72887 336826 735042 579075 221303 699160 521008 283447 573897 412372 444144 399751 355926 462462 278205 385812 718566 429906 391369 299928 697029 304855 203125 379180 106032 346304 627631 341373 450277 220909 173167 398454 795621 129866 792124 708091 740619 332884 663866 545322 223677 253837 165907 344244 723168 651938 402307 695355 155300 161328 488855 499481 672567 278204 600536 284886 33256 136242
481504 198844 498999 719940 760549 999999999 682692 639476 548933 943954 767744 232456 453508 297185 202192 998742 432236 751393 591814 924013 802837 1039529 413434 590157 296934 103749 620030 1101751 766441 507317 444929 860373 540722 514773 601557 609215 532162 760747 426136 520496 781679 314724 831327 805282 511942 877118 979529 774518 240598 503052 652723 670480 666263 486739 922817 879266 1038730 730844 321102 528167 1143784 655724 225684 669069 788134 887540 656759 1073447 193330 1099919 896608 680757 932256 516967 42751 836935 46351 111582 563917 496935 363903 701706 585283 877459 903454 753938 40880 771292 645459 125996 687974 682147 544893 671293 759723 704206 744077 898200 747199 771384
205614 610310 411853 92740 196344 682692 999999999 521862 238040 265897 85507 516169 247218 393610 560977 333959 639756 88941 298467 406588 686074 371348 475660 204500 552432 782076 278189 428082 199932 444296 546619 395290 155231 523670 320269 279833 154627 322468 407664 216521 138972 379515 227381 509968 554094 740682 378341 503577 461517 182932 378002 216232 568889 457835 261208 305393 411934 196852 726580 249604 483726 429020 568097 439079 105690 251429 149356 397687 517211 455202 629891 24935 333111 225266 710840 178555 721603 607102 553960 191705 686457 670651 303927 195795 352978 164942 650789 457141 523332 592255 299766 37354 302200 303154 476908 427045 405483 479280 217061 320971
428867 723030 762894 613949 715306 639476 521862 999999999 299117 643820 558592 654406 538035 436645 678083 807958 895878 507425 224136 927914 1114892 834198 759444 320090 345317 690917 726168 870514 719508 144042 204265 909535 418198 128532 201650 721275 502035 823263 707572 590537 657602 421486 748256 986894 143542 1182882 892548 157120 581014 496103 153165 318228 972200 792879 585095 445547 912908 374651 883858 298435 946504 864006 414897 877933 572000 523212 638112 838364 462091 939057 1108978 498838 850208 336182 636050 683964 684819 528027 94073 425756 885780 1059592 727058 619285 874835 426864 636480 182843 929422 514349 777625 554542 233876 235262 156244 884441 194881 989140 730712 825258
144406 547502 488525 325533 422532 548933 238040 299117 999999999 437340 297125 458949 260097 258588 496177 559741 663042 255848 84595 636117 827730 593216 507855 45722 343417 635434 429339 642393 427178 206322 311268 612673 119725 285738 108469 425151 205751 524480 446318 298981 376982 239654 463987 689142 316067 892993 616379 330111 386211 204735 181407 121557 689715 525088 398352 330632 648089 184869 695984 20930 707711 571834 378257 585242 315129 351547 339703 610347 358593 686580 811450 218768 570962 47321 565888 413879 593738 450583 318171 136235 677726 783010 433846 387496 586133 218004 527241 297647 645289 434478 478775 265627 66570 145003 304844 588606 250745 690911 435048 526801
462526 875783 649644 269867 321135 943954 265897 643820 437340 999999999 181160 781811 512605 649630 826719 194348 887368 193111 455728 441319 853345 205298 726686 392029 779923 1041230 487732 228650 319237 619756 737325 476398 404336 692913 468052 493789 420509 456997 660285 473306 233156 633780 280074 647430 724200 892214 336194 558750 727192 448650 491971 342008 764820 696396 66914 228584 318449 274909 987097 456107 308956 620181 808409 625707 162078 128304 362421 197262 769897 317300 750249 263966 316741 448327 969884 192783 984201 861854 706444 447225 942710 866316 524673 74006 381844 226449 913566 507415 722280 846415 475472 277931 483527 411559 536505 599108 466545 559559 354390 448431
288700 694625 480276 110023 200498 767744 85507 558592 297125 181160 999999999 600684 331457 477057 645626 262673 713918 53237 342176 389737 725651 297040 551160 256646 627023 866715 330483 349792 201785 499101 608309 395085 234499 577414 361045 334434 239893 340941 483819 294363 113703 462381 202382 535273 608536 774528 334726 516283 546897 268357 407877 240831 619287 526920 183873 262796 355755 196866 807538 312229 411227 475613 647022 483813 20468 187775 198494 318516 599897 389890 650502 88743 294420 294391 795424 125851 806904 690510 602124 274161 765058 721744 362507 110291 331135 149184 736105 466688 574598 675481 336070 98339 355931 327271 490376 465157 416881 481694 229821 336290
342645 94461 266544 531482 553143 232456 516169 654406 458949 781811 600684 999999999 269248 219627 45305 804482 254095 597360 527690 699674 585066 846102 184228 488843 374023 332250 396844 910817 558857 510364 501939 633034 402689 551375 545303 385951 362095 535398 194283 320008 589994 236702 625768 573037 561854 660069 766039 755905 74958 334985 612331 571087 442764 256055 773907 767174 829362 617408 237891 441278 943602 423277 317882 436663 620099 750998 455140 884910 226780 894410 666871 521166 720159 415118 274248 646477 251468 241139 604836 358087 231383 491775 359367 710197 684140 625922 191579 737388 417816 238723 462731 505807 483368 601677 735058 471816 697942 667041 535207 546634
115693 363188 228775 267700 310979 453508 247218 538035 260097 512605 331457 269248 999999999 200437 314263 545772 416700 330450 344045 497049 576954 586823 254612 270464 407389 556366 213582 649914 316905 410047 466803 447174 159355 479901 367232 205226 94889 345765 189306 76122 328763 195770 379739 467005 503389 645687 532168 589961 219485 71440 440606 343287 434487 265119 506702 517297 587783 373418 483340 251004 690277 330725 394613 345232 350852 488256 205324 622470 318659 647146 585609 253674 484121 213561 486763 384552 488168 397149 526976 125266 449177 524690 199860 440975 465346 371017 417876 557411 391410 384561 279773 236970 312861 400099 564875 358906 509404 507926 302481 353333
188358 298171 367155 444480 505347 297185 393610 436645 258588 649630 477057 219627 200437 999999999 248930 721115 460292 456549 316181 697318 725750 760551 335925 296677 212808 391825 409670 819985 511219 292897 304351 647191 245300 341587 331462 400362 252845 545479 297607 276556 506870 19028 570426 650805 356731 798988 726139 536917 145093 225035 395442 378766 578064 384530 626116 585639 777418 435884 455118 238616 869582 504679 194176 519559 497523 590382 399518 790268 124627 832315 763970 388710 677840 222056 320539 559393 340099 213509 394464 203074 450491 651783 388639 585348 664081 456990 271384 520339 541089 198660 477742 398747 270036 393592 516609 541460 483217 705261 500236 553389
384495 51673 301004 576779 597544 202192 560977 678083 496177 826719 645626 45305 314263 248930 999999999 849539 251419 641649 562143 740569 603553 891175 211633 527756 381679 297821 438799 955956 603232 534360 516423 672757 444964 570249 578828 427921 406714 576200 231805 365212 635225 267014 670249 605020 578520 678258 809418 785568 110073 379368 644188 610340 464781 285304 818163 808540 873253 658407 206654 477905 988275 456761 320291 469667 665097 794404 500110 930120 234002 938673 694490 565625 763794 453393 244844 691713 215276 230374 623613 400084 212068 505754 400478 755239 726503 668336 161840 769167 443275 230994 503757 550964 516987 637469 765490 506336 731204 703863 579110 587643
536313 893751 614379 278919 260133 998742 333959 807958 559741 194348 262673 804482 545772 721115 849539 999999999 853484 306665 600088 282188 737625 41731 706247 518599 886245 1100947 441308 107678 255217 760143 870794 337938 489132 837706 617041 450455 469528 357261 646847 484823 217078 708599 189791 524012 868993 763880 156412 740420 764287 498294 654876 491728 676948 658677 260569 420458 124580 433633 978516 574875 149767 539641 901258 540772 244736 318479 349550 87702 845710 131179 609238 346530 156274 555861 1030585 162159 1033940 933049 859412 523507 923957 772774 483266 190180 230810 381285 963601 688975 639925 918871 402666 322750 617438 572743 716645 505229 644312 410155 287133 345568
524755 234780 240483 617722 594761 432236 639756 895878 663042 887368 713918 254095 416700 460292 251419 853484 999999999 728529 741725 667509 388442 894193 164633 682158 628008 507851 412666 960309 599263 752732 754509 590692 575521 800291 762452 404038 505852 515585 232804 423664 662877 474604 663694 461472 812759 459230 769541 982268 319930 487189 833898 758685 276402 195011 897668 931083 840625 789789 165657 649076 971592 343059 570025 350014 729990 890906 525884 940522 480428 912091 517418 653487 731388 615933 473576 715874 426978 481004 853568 537437 94964 279407 371242 813414 674454 783857 396607 957093 277253 482293 454914 616212 701956 807738 959309 392998 912761 590818 566406 528382
269905 691797 500536 150261 248273 751393 88941 507425 255848 193111 53237 597360 330450 456549 641649 306665 728529 999999999 293869 442403 764336 338331 564300 213012 593082 848233 361492 386554 250144 453539 565426 445403 211249 531051 311709 364136 235833 386308 496231 305032 165359 440669 255153 579262 562331 815761 387216 463054 538964 262383 355972 189224 652294 546623 176551 222130 405651 143660 812582 272604 452900 510345 617759 519516 64575 162495 229662 354541 576912 436087 696292 76875 347451 259463 776895 178550 792088 668776 553712 254463 773973 754498 389881 133208 384080 96938 721600 413510 607030 653364 374928 118040 311129 274906 437139 503903 363649 531759 275764 382565
228479 612649 572707 390125 491177 591814 298467 224136 84595 455728 342176 527690 344045 316181 562143 600088 741725 293869 999999999 703925 912076 630151 589114 96104 351012 670629 511734 673553 495397 164028 282496 685781 202264 238678 24249 507943 289203 601111 528830 383293 435605 297302 525571 770438 270073 976998 672839 245918 453393 289244 96825 113790 774306 608697 406835 306670 697902 182510 765580 93740 744378 655657 399026 668939 357600 351736 415740 641176 398511 729926 892830 276009 629292 130485 603582 465596 637735 486889 259992 220782 751586 867522 517618 417217 651317 229299 574714 215672 729856 470867 558813 330552 47064 79479 220979 671265 171492 766100 506767 602606
547814 774162 452124 314067 213585 924013 406588 927914 636117 441319 389737 699674 497049 697318 740569 282188 667509 442403 703925 999999999 469127 308460 551974 608471 898918 1027270 304004 362237 208997 839955 929662 77666 527424 918931 726280 314840 464018 164369 510660 421084 277588 691411 187368 257538 947995 486928 132991 903848 684634 485286 784345 620105 438089 486468 496692 634765 200711 585544 817085 643323 337109 325102 891423 319896 384626 538671 307238 358420 814580 270763 328534 430355 127798 611318 962500 273501 949568 887480 954184 541491 752665 522579 340307 396499 60642 538921 884374 855099 410643 876318 236943 373381 702432 707792 877566 277457 804517 128927 204511 153046
687547 605614 359536 616025 535083 802837 686074 1114892 827730 853345 725651 585066 576954 725750 603553 737625 388442 764336 912076 469127 999999999 770044 404684 825372 931231 888481 410949 828439 536090 985432 1027267 401295 711007 1051635 936136 411747 623778 396348 428585 528784 627398 732353 575160 213855 1072474 75032 600923 1154643 622743 623095 1008490 879181 147739 342957 891009 986310 669837 879624 550069 822539 805874 259691 889100 248108 732885 911419 536826 820768 795601 739308 172460 708981 583373 784134 845483 660648 805594 825966 1100861 692740 480642 111849 396240 788595 509261 850980 763764 1116054 186544 822581 389747 650206 886511 954278 1128451 260586 1065143 345580 502275 405147
574964 935453 655394 319590 301511 1039529 371348 834198 593216 205298 297040 846102 586823 760551 891175 41731 894193 338331 630151 308460 770044 999999999 747633 551201 922879 1141578 482320 66244 296528 791538 903663 369024 526557 868470 646268 491561 509554 394724 688444 526367 258060 747764 230648 556193 899826 793735 177523 760462 805539 538416 681042 520091 713701 699501 272181 433869 129359 459575 1020013 608943 114573 577808 939311 578477 278291 332964 391236 50731 885080 112091 636923 382718 186684 591268 1071112 202613 1074965 972863 888520 561890 965206 808476 524346 214953 261078 407491 1004565 708987 677449 958583 442339 361853 649438 599021 737323 542120 665797 437323 328052 382783
366154 231317 99852 458134 446127 413434 475660 759444 507855 726686 551160 184228 254612 335925 211633 706247 164633 564300 589114 551974 404684 747633 999999999 523426 531270 509086 267201 813855 451117 619444 640009 479239 413964 675660 610930 257273 341757 390158 68186 259285 506727 346449 517600 394245 692243 479645 638423 833131 218593 324095 683607 597837 259858 73951 734586 766692 707100 626410 273004 495510 832730 248323 485410 260428 567743 726567 367856 791993 391812 776697 483338 489008 596445 460534 455908 561265 426054 422780 727786 377874 218516 319196 225042 652683 547803 619424 372777 804700 233589 418613 321511 453081 552095 651295 809184 299188 758590 500129 420624 402552
157490 579351 495564 295144 395419 590157 204500 320090 45722 392029 256646 488843 270464 296677 527756 518599 682158 213012 96104 608471 825372 551201 523426 999999999 389116 678295 420435 599136 399718 242732 352462 589677 115440 321522 119507 417337 201983 505461 459502 298305 342923 278003 431867 677250 352448 888576 581603 329372 417728 207440 186452 82831 690798 534554 352631 289298 610338 141143 724211 65814 665771 567103 423583 579960 273904 306184 320130 566986 401280 646534 799617 183179 537111 75137 608351 376485 634530 493652 349680 145617 702341 786541 429344 343511 556525 172372 567175 291426 645721 477584 464826 235317 99451 130716 303099 579997 241492 670110 410680 506767
357979 416348 575808 621739 697334 296934 552432 345317 343417 779923 627023 374023 407389 212808 381679 886245 628008 593082 351012 898918 931231 922879 531270 389116 999999999 346443 620019 976787 703012 224326 148117 853584 397734 218581 352121 611081 438386 752734 503226 482660 682178 212838 756507 863610 215087 1005345 913955 488493 315168 414632 385220 454524 783659 588282 741641 657445 958386 523181 574503 324040 1035977 717085 71449 731957 646661 692991 594038 945360 147912 1006599 976339 540169 865930 333683 290875 729419 341286 187210 266998 368099 592812 850466 600818 726263 860955 560887 299533 492927 748873 175490 687077 567889 309506 425708 476959 754267 474469 915183 697060 759841
578933 283902 598084 822039 864126 103749 782076 690917 635434 1041230 866715 332250 556366 391825 297821 1100947 507851 848233 670629 1027270 888481 1141578 509086 678295 346443 999999999 723265 1203389 870023 568489 488766 963043 637020 562933 677907 712432 633131 863778 526532 624027 883971 408308 934756 902839 554723 961883 1083250 834583 344337 604052 722941 756642 756263 582936 1017572 965863 1142276 819437 374444 614511 1246514 754351 280409 767379 887157 979864 760129 1174793 277016 1203178 990457 779071 1035948 606915 71352 938967 83487 184913 607930 594087 428966 783975 688077 975943 1007127 845552 142897 836650 738357 201037 790976 782923 624400 749685 822209 803547 813955 999245 850928 874516
300815 475390 173077 222369 182100 620030 278189 726168 429339 487732 330483 396844 213582 409670 438799 441308 412666 361492 511734 304004 410949 482320 267201 420435 620019 723265 999999999 548545 186605 610145 677579 242604 309737 684252 535982 10894 224175 141257 214018 141978 255960 407368 251686 261044 709708 470190 373866 749064 381066 232007 606357 469112 290936 217660 509918 582758 441065 469053 540187 427891 565530 151690 602295 162842 342111 517991 132333 528050 519552 509942 382860 299992 330387 389987 658686 305918 645788 587134 728189 301490 483289 393027 42218 415330 287844 442695 580370 708351 245562 576803 69345 244054 492641 546731 722549 159610 656958 295591 154293 151473
633158 1000594 721616 382241 367728 1101751 428082 870514 642393 228650 349792 910817 649914 819985 955956 107678 960309 386554 673553 362237 828439 66244 813855 599136 976787 1203389 548545 999999999 362761 836555 950925 427215 582679 912217 688232 557799 570503 458753 754520 590876 321513 806671 296864 614751 943613 849136 229277 787021 869048 599511 717868 561421 776723 765669 292890 453015 168103 497659 1086184 659050 84023 642214 995857 642486 330136 355902 456394 32385 944266 120585 690135 437444 246330 643702 1132701 265392 1137781 1032913 929428 619623 1031450 870377 590581 256544 319425 446592 1067239 735771 741221 1018427 507951 421504 695941 636490 765019 605437 695193 490872 394267 446631
346389 645037 359486 107401 5927 766441 199932 719508 427178 319237 201785 558857 316905 511219 603232 255217 599263 250144 495397 208997 536090 296528 451117 399718 703012 870023 186605 362761 999999999 631511 723855 196729 320369 710649 517987 195468 264626 141935 392673 246033 92555 502576 67374 336737 739976 579437 215386 702344 526874 289212 577702 415773 446511 404263 354998 463302 272325 388394 723648 434715 385827 302507 702850 307184 203825 379195 111940 341571 633531 335617 449478 224394 167244 403441 801530 127385 797983 714016 745306 338352 668741 547504 228311 252570 160666 346357 729044 654970 404914 701277 158075 165259 493452 502988 675773 279894 603626 282331 35593 135784
309366 579807 629241 531489 626664 507317 444296 144042 206322 619756 499101 510364 410047 292897 534360 760143 752732 453539 164028 839955 985432 791538 619444 242732 224326 568489 610145 836555 631511 999999999 120496 812194 313840 79431 153629 604053 389643 719716 570256 470010 583262 278128 670180 870731 109872 1055202 822623 267336 437025 378224 165131 277786 840625 656603 570195 459034 852993 346049 740417 196862 906019 740260 288148 754610 515883 513773 538062 804205 323057 888835 991622 424518 777282 229130 508562 618978 553384 395961 118046 309858 741739 924780 605854 580021 791311 393324 500562 268679 799051 381322 667136 471697 143282 221963 253790 765113 251527 887275 637014 723346
384172 555486 667734 629159 718648 444929 546619 204265 311268 737325 608309 501939 466803 304351 516423 870794 754509 565426 282496 929662 1027267 903663 640009 352462 148117 488766 677579 950925 723855 120496 999999999 895015 403642 75978 273762 670150 468118 798319 600861 535618 684522 295619 768147 933807 67017 1099609 923417 356273 434948 451043 281242 396080 879972 688076 689329 579330 958317 465005 715693 297413 1018231 794771 219560 809528 626067 633646 623195 918671 285028 997843 1051935 528945 876903 322698 437153 724244 488967 335272 119565 388853 728456 955963 666662 694599 884520 511017 447272 369666 841357 323224 739712 570460 255039 342382 349032 825520 361859 965333 725188 803385
510866 704354 379612 303597 199616 860373 395290 909535 612673 476398 395085 633034 447174 647191 672757 337938 590692 445403 685781 77666 401295 369024 479239 589677 853584 963043 242604 427215 196729 812194 895015 999999999 498415 890183 709012 253088 426904 102040 441440 371258 281654 642928 201232 187536 918228 426086 201362 898641 622877 445003 771344 611520 361437 412052 525705 651736 272415 585028 741787 617527 409610 247884 841120 242361 393976 560761 274138 419712 760738 343995 275072 420043 182398 583226 899734 292949 884054 829716 928493 506492 676697 448158 275117 422516 107998 542134 820278 851544 333151 819289 173386 359344 679221 698292 872020 199832 800116 86745 179319 93841
61082 496364 380840 227317 315236 540722 155231 418198 119725 404336 234499 402689 159355 245300 444964 489132 575521 211249 202264 527424 711007 526557 413964 115440 397734 637020 309737 582679 320369 313840 403642 498415 999999999 392195 226502 305745 87253 407312 348372 183023 285815 229539 365553 569422 420824 775136 522104 443772 337564 92584 297871 184000 575505 420716 382544 365322 562254 217326 631394 120397 638893 453661 413179 466830 254825 351685 224282 551936 366342 608927 691725 145797 474898 84823 565692 331726 582043 457815 430176 45249 603154 671102 315638 340939 481001 223374 511864 406786 530517 442510 359429 170889 184381 246071 417721 469144 356929 574513 323615 410340
384256 612272 693280 610901 705766 514773 523670 128532 285738 692913 577414 551375 479901 341587 570249 837706 800291 531051 238678 918931 1051635 868470 675660 321522 218581 562933 684252 912217 710649 79431 75978 890183 392195 999999999 224865 677757 465957 796807 630734 543118 662641 329492 749610 944046 31396 1122476 901975 280634 480822 453001 217454 351376 905600 717820 641033 520909 931856 418120 773305 276155 982818 810615 289218 825134 593886 582873 616153 879837 344819 966850 1064251 503755 856690 307729 509376 697969 559574 403883 53464 385881 781198 986579 677944 655891 870578 467008 514312 296004 865094 390892 742749 551122 222159 286912 274246 837446 292023 964417 715687 800735
251825 628985 595977 412298 513840 601557 320269 201650 108469 468052 361045 545303 367232 331462 578828 617041 762452 311709 24249 726280 936136 646268 610930 119507 352121 677907 535982 688232 517987 153629 273762 709012 226502 224865 999999999 532190 313410 624862 551213 407357 456656 312758 546987 794637 256171 1001158 693085 222969 470713 313201 73376 126825 798132 631597 416969 308654 716745 193348 783135 116370 760222 679843 403428 693141 375870 360154 439498 655847 408304 747314 917030 297426 649959 153758 611780 485271 647674 495144 242379 244473 770581 891084 541807 432425 673245 242258 585850 194659 753744 479227 582934 352927 61935 73589 198415 695514 152649 789615 529887 626251
294895 464593 164018 227137 190835 609215 279833 721275 425151 493789 334434 385951 205226 400362 427921 450455 404038 364136 507943 314840 411747 491561 257273 417337 611081 712432 10894 557799 195468 604053 670150 253088 305745 677757 532190 999999999 219591 151914 203446 134854 262714 398336 260997 266717 702982 472100 384477 746323 370349 226226 602929 467611 289079 209051 514785 584891 451492 469166 530277 423216 575523 152082 592706 163887 346556 521640 135951 537030 509588 520208 388129 301170 340836 385170 647914 313418 634914 576726 722076 296063 473792 390842 32844 421092 298693 443894 569536 706073 243499 566466 79722 246348 487989 544346 719862 163461 654795 304996 163683 162230
84095 456424 298475 191726 258949 532162 154627 502035 205751 420509 239893 362095 94889 252845 406714 469528 505852 235833 289203 464018 623778 509554 341757 201983 438386 633131 224175 570503 264626 389643 468118 426904 87253 465957 313410 219591 999999999 331208 274213 96640 254154 241846 319827 484892 493024 687929 476862 530921 307027 29111 385072 264215 488918 340345 412275 425396 525441 285265 578141 203716 617287 366492 440331 379736 259790 393430 156885 541690 377342 579486 606943 159239 428633 165865 562294 307426 569718 463586 507426 80118 542799 585348 228453 350096 423171 278371 498904 493358 443771 449536 277699 150003 268471 332076 504808 383035 443107 498758 260087 335692
414489 610050 290512 236738 141909 760747 322468 823263 524480 456997 340941 535398 345765 545479 576200 357261 515585 386308 601111 164369 396348 394724 390158 505461 752734 863778 141257 458753 141935 719716 798319 102040 407312 796807 624862 151914 331208 999999999 346546 270092 234470 541523 180096 194923 824156 437662 254070 823674 522244 347319 690286 536208 319954 327730 496158 603599 325588 518304 658840 527537 458999 183679 739292 183770 344716 521065 185371 444416 658698 397550 309986 347336 218114 491893 799672 264341 785604 728027 836934 411295 596561 417463 176068 393055 159191 480366 720897 778486 282747 717478 72811 285195 590643 621030 796919 148321 726669 167611 111128 12799
303031 263513 75938 392725 387434 426136 407664 707572 446318 660285 483819 194283 189306 297607 231805 646847 232804 496231 528830 510660 428585 688444 68186 459502 503226 526532 214018 754520 392673 570256 600861 441440 348372 630734 551213 203446 274213 346546 999999999 191199 443184 305246 459809 382364 649366 502330 587883 774054 204289 257499 624330 532371 280850 87282 667009 698772 654822 559241 332287 435094 777147 231437 464770 245413 500661 658446 303810 731666 372277 723091 483480 420847 544214 399109 467379 498405 445495 417391 681823 313941 282758 355930 173148 586320 500573 551483 385338 743880 245807 410754 274977 385607 493688 588475 749620 278526 696861 472793 363955 358374
161925 410853 204306 212524 240128 520496 216521 590537 298981 473306 294363 320008 76122 276556 365212 484823 423664 305032 383293 421084 528784 526367 259285 298305 482660 624027 141978 590876 246033 470010 535618 371258 183023 543118 407357 134854 96640 270092 191199 999999999 270038 271706 310936 400954 568174 594227 460239 626640 281591 94745 479760 360175 392500 247940 476611 510740 518249 376699 513795 294486 626005 273704 470730 287483 312015 467287 136820 564908 393926 579891 521612 229844 412533 256066 555512 326533 552712 470294 587941 165036 470793 488710 136578 399763 390483 363682 483373 589730 347496 458198 205623 196063 358956 428625 600667 295211 539631 433536 228837 277425
326001 680729 422818 62437 92735 781679 138972 657602 376982 233156 113703 589994 328763 506870 635225 217078 662877 165359 435605 277588 627398 258060 506727 342923 682178 883971 255960 321513 92555 583262 684522 281654 285815 662641 456656 262714 254154 234470 443184 270038 999999999 495278 91435 429291 693048 671808 239420 626364 547611 282532 510367 344369 532405 469193 263856 371991 276475 308009 775065 388153 363371 387604 691369 393675 112716 286645 139435 294960 631441 326109 541414 159825 194222 362106 813710 56497 816913 717493 692591 314588 725090 634277 294483 163061 220300 262252 746541 577515 489453 703575 243222 114993 441093 432049 600142 369309 526996 368350 125151 228259
173915 316548 373073 433000 496735 314724 379515 421486 239654 633780 462381 236702 195770 19028 267014 708599 474604 440669 297302 691411 732353 747764 346449 278003 212838 408308 407368 806671 502576 278128 295619 642928 229539 329492 312758 398336 241846 541523 305246 271706 495278 999999999 560753 652026 345835 805188 717019 519333 161878 214681 377185 359975 584829 392458 609300 567086 767167 417482 472914 219639 857403 507242 200587 522120 482834 572859 391234 776741 137700 821125 766401 373832 668713 203535 337124 547193 357999 228338 382008 188223 467052 660520 388105 570172 656848 439227 289623 502152 547013 213156 474814 385926 251247 374613 498792 542690 464669 702766 492763 549087
398536 712303 424752 139074 72887 831327 227381 748256 463987 280074 202382 625768 379739 570426 670249 189791 663694 255153 525571 187368 575160 230648 517600 431867 756507 934756 251686 296864 67374 670180 768147 201232 365553 749610 546987 260997 319827 180096 459809 310936 91435 560753 999999999 367433 779681 612236 157457 717393 592399 346142 601629 435787 497441 468902 325472 451819 208058 398533 790362 473878 318482 355951 760092 358788 197596 359582 174689 276984 693816 269173 471521 249588 109602 445568 865833 91748 863563 776084 781114 388937 734764 596548 293750 221878 129087 351564 794308 668304 457849 762997 214839 198531 529045 523476 691239 326995 617987 287345 97404 170338
561609 624764 307235 429029 336826 805282 509968 986894 689142 647430 535273 573037 467005 650805 605020 524012 461472 579262 770438 257538 213855 556193 394245 677250 863610 902839 261044 614751 336737 870731 933807 187536 569422 944046 794637 266717 484892 194923 382364 400954 429291 652026 367433 999999999 968844 244803 387980 1003138 585382 492901 863702 718070 196401 320299 689659 798063 457835 706820 624300 688479 594587 151064 835997 136950 539545 715931 363706 606916 746627 528298 122396 534392 369518 650755 847265 456129 820065 799021 988736 562530 554707 268060 267150 586126 295446 671664 764414 960145 184341 791662 213223 472713 753154 799866 976434 109355 908346 142391 305778 201232
410629 618947 713453 640850 735042 511942 554094 143542 316067 724200 608536 561854 503389 356731 578520 868993 812759 562331 270073 947995 1072474 899826 692243 352448 215087 554723 709708 943613 739976 109872 67017 918228 420824 31396 256171 702982 493024 824156 649366 568174 693048 345835 779681 968844 999999999 1143823 932433 299528 492838 479158 246539 382737 925944 736609 672099 550641 962776 449370 779609 305919 1014184 833834 286513 848431 625085 613738 644389 911233 349306 998061 1088584 534389 887001 336678 503969 728809 555974 402170 53283 412906 790234 1005280 702250 687286 900100 498356 513977 318709 886015 389974 769098 581155 253022 317518 295348 861741 318061 991748 744436 828312
754513 679513 432117 666024 579075 877118 740682 1182882 892993 892214 774528 660069 645687 798988 678258 763880 459230 815761 976998 486928 75032 793735 479645 888576 1005345 961883 470190 849136 579437 1055202 1099609 426086 775136 1122476 1001158 472100 687929 437662 502330 594227 671808 805188 612236 244803 1143823 999999999 619919 1217909 697572 688912 1072999 939274 221712 417233 933685 1036801 685904 936102 618574 888664 819506 321517 963791 308641 780277 957958 591464 844192 870330 752894 163605 764226 607845 850234 919723 700656 879179 900991 1171212 758985 549970 179923 459500 830344 533192 905013 838195 1178140 258260 897613 441355 704136 952988 1016378 1191544 313831 1126893 358790 547081 444970
555990 848220 540150 294828 221303 979529 378341 892548 616379 336194 334726 766039 532168 726139 809418 156412 769541 387216 672839 132991 600923 177523 638423 581603 913955 1083250 373866 229277 215386 822623 923417 201362 522104 901975 693085 384477 476862 254070 587883 460239 239420 717019 157457 387980 932433 619919 999999999 847075 739193 502727 742528 575452 559818 579875 398100 549462 72327 528875 909960 627512 209008 434521 916829 432143 323354 448652 327310 226624 848811 144736 461022 398489 48307 600746 1015387 208887 1009676 929316 931183 546357 849215 649085 415059 307134 97398 478109 941511 796483 528159 916635 317422 352965 680219 661980 821751 391898 748176 261619 232347 241274
474361 833825 818584 595095 699160 774518 503577 157120 330111 558750 516283 755905 589961 536917 785568 740420 982268 463054 245918 903848 1154643 760462 833131 329372 488493 834583 749064 787021 702344 267336 356273 898641 443772 280634 222969 746323 530921 823674 774054 626640 626364 519333 717393 1003138 299528 1217909 847075 999999999 680967 533650 149725 287663 1018821 854541 494264 338057 855433 319442 992003 339326 867646 896464 554768 909275 524921 431145 640920 755943 587919 870409 1125171 478725 809525 376402 775722 640384 820641 663254 251193 466265 985012 1112960 758711 550929 846480 369116 766658 51481 974043 648527 789941 540114 281081 203298 26760 908368 99424 982854 720601 823232
276662 161625 280225 487006 521008 240598 461517 581014 386211 727192 546897 74958 219485 145093 110073 764287 319930 538964 453393 684634 622743 805539 218593 417728 315168 344337 381066 869048 526874 437025 434948 622877 337564 480822 470713 370349 307027 522244 204289 281591 547611 161878 592399 585382 492838 697572 739193 680967 999999999 278591 537443 500358 476596 282153 714970 699580 799176 549226 312447 368088 907201 434341 266830 448635 566817 688566 418378 841835 173235 861458 687733 464003 692078 343321 278000 603661 271164 213651 534203 292405 305400 536942 348175 657122 662952 560724 202329 662505 446079 206523 449711 455167 408783 528020 660100 479331 623318 665862 506846 532530
68863 429416 288290 220099 283447 503052 182932 496103 204735 448650 268357 334985 71440 225035 379368 498294 487189 262383 289244 485286 623095 538416 324095 207440 414632 604052 232007 599511 289212 378224 451043 445003 92584 453001 313201 226226 29111 347319 257499 94745 282532 214681 346142 492901 479158 688912 502727 533650 278591 999999999 385931 275699 485246 328216 438934 445870 552545 302601 553956 199759 645821 368428 414102 382159 288356 418126 179407 570751 349323 607390 614320 186267 454440 161333 533239 336153 540637 434991 496268 70373 520589 579668 231006 378625 446326 299598 469819 498124 440656 421043 289950 179112 264212 338148 507904 388669 448745 514311 282474 352632
325164 693607 669343 470737 573897 652723 378002 153165 181407 491971 407877 612331 440606 395442 644188 654876 833898 355972 96825 784345 1008490 681042 683607 186452 385220 722941 606357 717868 577702 165131 281242 771344 297871 217454 73376 602929 385072 690286 624330 479760 510367 377185 601629 863702 246539 1072999 742528 149725 537443 385931 999999999 167077 871083 704940 434801 304525 760814 221486 849696 189724 793452 751532 443834 764678 420474 373924 505341 685660 460967 786004 986070 354007 701197 227104 659340 533654 699065 543618 218244 317606 839553 964332 613506 466121 729559 273709 640172 125063 826582 528070 651219 412607 131959 82134 125617 765966 91367 853396 592043 691018
234987 661962 562528 308372 412372 670480 216232 318228 121557 342008 240831 571087 343287 378766 610340 491728 758685 189224 113790 620105 879181 520091 597837 82831 454524 756642 469112 561421 415773 277786 396080 611520 184000 351376 126825 467611 264215 536208 532371 360175 344369 359975 435787 718070 382737 939274 575452 287663 500358 275699 167077 999999999 749730 603601 293498 209225 594700 69571 805748 142382 633810 619521 495376 631498 253796 240022 354629 529037 479975 622450 839623 191500 534239 157918 687288 366580 715233 571738 368514 221527 782258 847916 483853 305819 564293 115687 648493 242465 704143 555619 505000 252529 146276 87727 260939 626798 190611 695356 433076 535615
547376 472383 212505 509639 444144 666263 568889 972200 689715 764820 619287 442764 434487 578064 464781 676948 276402 652294 774306 438089 147739 713701 259858 690798 783659 756263 290936 776723 446511 840625 879972 361437 575505 905600 798132 289079 488918 319954 280850 392500 532405 584829 497441 196401 925944 221712 559818 1018821 476596 485246 871083 749730 999999999 195536 794414 873694 631936 756716 442008 683166 768806 144830 742375 139336 629377 807053 422717 763763 649003 704134 241465 590198 531780 644942 709014 573894 672829 682565 955310 553727 371343 102462 267348 695423 462718 732893 626374 982223 45776 678468 289356 534990 746394 820981 992968 171725 932020 336592 411003 331430
380744 304896 46779 426589 399751 486739 457835 792879 525088 696396 526920 256055 265119 384530 285304 658677 195011 546623 608697 486468 342957 699501 73951 534554 588282 582936 217660 765669 404263 656603 688076 412052 420716 717820 631597 209051 340345 327730 87282 247940 469193 392458 468902 320299 736609 417233 579875 854541 282153 328216 704940 603601 195536 999999999 710627 757970 650003 624329 331188 515227 779008 175335 547067 187008 541846 708816 333984 745608 453828 720782 410827 474224 539917 478296 529098 521514 499962 491478 768753 390210 269354 268760 176282 622695 486761 611231 445993 822525 164047 486339 262859 430883 575485 664793 829663 226618 774446 428367 371548 340398
442865 868346 663938 287649 355926 922817 261208 585095 398352 66914 183873 773907 506702 626116 818163 260569 897668 176551 406835 496692 891009 272181 734586 352631 741641 1017572 509918 292890 354998 570195 689329 525705 382544 641033 416969 514785 412275 496158 667009 476611 263856 609300 325472 689659 672099 933685 398100 494264 714970 438934 434801 293498 794414 710627 999999999 161789 384137 224325 987754 418151 374431 649668 774814 656462 168988 63196 379686 262159 742991 384205 796846 253061 375087 415344 946422 234297 964509 835610 651448 427133 947280 896658 544065 103743 436412 181004 894400 443103 750664 819872 506213 281525 438533 356121 472577 633123 403738 610606 388797 488730
424592 860154 713008 370822 462462 879266 305393 445547 330632 228584 262796 767174 517297 585639 808540 420458 931083 222130 306670 634765 986310 433869 766692 289298 657445 965863 582758 453015 463302 459034 579330 651736 365322 520909 308654 584891 425396 603599 698772 510740 371991 567086 451819 798063 550641 1036801 549462 338057 699580 445870 304525 209225 873694 757970 161789 999999999 542507 150590 996563 351515 535439 732325 702391 741611 259522 102092 451499 422941 689182 545812 912735 285689 520724 363582 896492 361716 923779 780956 521913 409287 966200 975696 609314 242475 574200 147298 856453 287892 828268 764836 596687 338706 348459 237160 318299 725783 254403 738388 492476 598633
