NAME : synthetic_000403
TYPE : CTSP-D
DIMENSION : 100
GROUPS : 8
RELAXATION_LEVEL : 1
EDGE_WEIGHT_TYPE : EXPLICIT
EDGE_WEIGHT_FORMAT : FULL_MATRIX
EDGE_WEIGHT_SECTION
999999999 469635 604662 119750 491974 697393 553200 646402 308223 477225 865456 580076 572894 837425 771012 559395 549008 241386 317639 438459 802763 569193 947730 1001005 320936 421152 330794 194356 242823 476303 627963 647953 412313 554614 316737 457396 522093 520975 654245 748818 430823 674011 521473 837082 269678 909522 373528 960279 713562 317499 696541 884663 856532 413951 205687 518588 694869 269596 326560 483692 319125 371046 354871 537857 690201 631965 530166 415079 814299 974320 415967 723743 82225 494704 399866 631635 766979 846983 906772 424220 904978 635208 927763 524629 504010 603705 321353 779183 730884 1051419 451092 832963 856285 927804 508248 775872 709847 23764 656144 1139312
469635 999999999 135029 432369 22790 844951 351561 813696 640589 238604 773655 546267 703924 580865 762435 453685 761697 314771 694719 31215 937205 819389 589214 750660 576887 168021 248278 275431 538898 239067 526031 296591 634579 153756 157479 114515 423221 339875 338595 665925 41612 309996 566167 881538 202102 623699 540170 611776 530486 156172 606065 788711 913641 223872 614246 589987 490306 222501 319936 35808 540602 342443 715199 88340 842689 704843 722351 502269 507425 764376 563817 389118 405140 695475 416413 210429 650834 768986 920415 399311 618727 519440 632070 611555 213487 231156 514111 857861 746388 1067598 609153 452905 917132 842654 747622 648522 462414 463657 551822 769222
604662 135029 999999999 564303 112766 928686 391801 902943 763719 299911 799070 608404 791473 561770 812819 507530 862033 439049 821331 166224 1014351 924159 520930 721476 693668 258242 360407 410452 662647 300806 570609 273412 743024 154695 290977 196492 484474 391182 326888 701952 174757 274448 645889 939370 336705 588084 646498 547206 546508 289837 645217 811891 973240 310645 745385 673431 503338 352616 428055 126341 655206 439997 839433 92966 927575 779573 820814 598091 472730 750005 664850 355979 539564 796901 509525 155786 677659 798947 968398 485688 583310 560433 591387 696482 258557 214682 626822 925308 804218 1110584 708391 383386 977521 866081 853257 671867 461539 598596 592486 686618
119750 432369 564303 999999999 455133 591933 448226 542975 237810 386180 745783 460547 461794 728467 652147 443739 451553 145578 273586 401859 697378 481998 852209 888844 221017 428927 241801 176081 148126 385138 510346 561450 310451 486992 298623 392552 407318 415601 560510 629329 390985 588670 402241 721873 234108 802812 258968 862557 599883 298560 577559 765002 742628 437365 182167 400488 583737 276344 220038 454162 210042 260279 302350 485861 585367 516140 427603 295759 712774 858936 301215 630082 63147 392405 281866 563278 648313 727240 790009 308091 798408 518253 822064 407682 517585 524868 207089 666347 612706 935884 339273 744910 742723 808054 415706 657581 603179 96372 538188 1043192
491974 22790 112766 455133 999999999 861510 359378 831069 662593 248927 780709 558851 720920 579906 773579 464523 780685 336719 717108 53844 952830 839057 579962 748497 598065 175385 268165 297870 560937 249479 535604 292759 654641 149746 178676 125800 435178 349545 337263 674501 64239 304304 581692 894059 224802 620101 559824 603226 535250 177457 614998 795423 926482 231375 636984 606161 494373 242342 339423 30284 561455 360241 737347 77344 859422 719823 741029 520242 503514 764750 582704 384691 427848 714567 433732 199635 657836 776784 931398 415445 615147 528383 627641 628004 211430 227146 534671 871888 758716 1077931 627827 442887 930103 849504 767367 654935 463962 486187 560831 757892
697393 844951 928686 591933 861510 999999999 558357 54422 416733 629170 409013 338961 142539 644411 258344 441119 161336 585054 460310 826482 105501 192699 858865 709368 376575 937329 606208 720306 454825 628230 410513 731988 285293 780587 796576 739376 452387 547329 686461 369390 811399 754233 282874 204127 729448 718670 340548 848196 512715 795175 381453 422672 201349 968694 543789 255763 541772 815414 535518 879843 381903 503982 423830 836666 9810 159580 168203 347729 712199 633021 302378 725224 654345 203397 429246 823964 420512 382065 284329 446172 717251 427322 743034 233521 1021972 752471 388817 129573 217932 393330 257839 837322 197187 427106 211144 438307 601460 674653 407046 1002495
553200 351561 391801 448226 359378 558357 999999999 542594 533135 117213 422212 222826 432929 286260 421069 119144 528806 311979 606212 347837 634108 599772 411370 455331 439807 500299 232040 415932 453369 117138 179103 176900 446416 237127 396814 238140 107960 32656 141711 315300 334844 201979 282578 548010 364150 356357 356748 418289 187534 394668 256305 437530 582194 550405 580635 314935 154382 455094 228310 386334 398215 190634 606116 307867 559023 401425 485331 281951 265468 444315 353396 202294 471214 471516 209193 267427 299497 417503 577207 172769 351794 170046 374644 339049 562989 195155 367277 537983 413280 721239 385407 326080 586675 491319 536236 297972 156940 533878 202469 599659
646402 813696 902943 542975 831069 54422 542594 999999999 362663 605037 438209 329670 111643 653075 286601 428307 106920 543785 405920 793900 157114 143893 864251 730104 325489 899238 571200 676627 403594 604041 407089 718433 234123 757684 757645 710903 435046 528702 675438 385067 778857 741847 261221 251520 689497 729693 296193 855398 515636 756327 388734 453236 252362 928692 489805 230864 541195 773352 499614 848118 333371 471348 369587 810334 45546 158768 116240 312319 714489 656789 260308 718517 605724 151699 397347 805014 435382 411092 332445 417631 727925 424342 754193 207169 984988 734446 342523 176841 241787 446617 214500 834015 248703 462924 156795 453185 599586 623873 407545 1014942
308223 640589 763719 237810 662593 416733 533135 362663 999999999 520902 689365 435538 320317 771639 560917 472886 257233 325882 74622 612271 518702 263922 940059 907102 95760 662638 406160 410566 101735 519716 512196 689348 149525 656164 526276 573409 448881 503443 670190 588029 599294 717322 345658 589392 457193 852369 189203 943076 625746 525835 552881 708271 600795 674346 127238 324459 626164 512494 347247 667694 135592 358220 76694 676204 408180 400940 251390 268321 787577 856756 215877 734892 296301 218768 324145 726330 623333 665442 667262 360599 848793 526209 875051 316725 751892 671791 166005 521136 513793 799434 221782 858170 598829 739402 210403 637495 665392 289101 532900 1122746
477225 238604 299911 386180 248927 629170 117213 605037 520902 999999999 537833 311766 493396 386926 524680 215606 571822 240994 589296 232175 714536 637962 470586 559309 435522 383178 146627 317633 428382 1189 287469 175910 465565 153106 282430 124093 187416 101429 177086 427944 218725 203571 346296 646263 257204 448383 369042 483885 303887 280263 367815 553576 679168 433204 542649 374578 268173 343804 177608 274087 393826 163997 597176 209055 628280 479809 529356 308491 343068 555970 379115 246521 395531 508713 220686 210759 415509 531861 682472 191455 443530 281278 463392 397972 447547 150969 362789 627506 510772 829163 419499 358740 683019 607094 569170 414681 257304 460680 313561 662169
865456 773655 799070 745783 780709 409013 422212 438209 689365 537833 999999999 285754 392996 309106 151647 335931 509183 655366 757510 769774 410544 572821 519911 311774 604770 919880 613123 790099 666027 537581 257939 534294 542704 647684 804942 660323 373998 437256 478728 118652 756515 543866 352584 247255 758397 361028 516552 500409 253352 802902 177361 19333 278674 967874 795201 367053 296907 853989 569599 808204 580091 520730 734090 723651 416808 304480 480840 454757 406505 229423 479460 478497 793599 497919 470054 652757 122873 27117 217998 453880 361561 259529 382652 372686 985081 585426 563048 297342 197451 328019 467617 552063 285873 69322 550463 127203 347024 842155 228969 624883
580076 546267 608404 460547 558851 338961 222826 329670 435538 311766 285754 999999999 226620 350433 220806 103747 339144 373006 508873 534542 411311 412607 547418 472339 342565 670886 343957 511149 392647 311054 84783 393449 304620 455203 542948 433052 124407 217530 347523 168795 519896 415329 94946 335278 488363 431492 248699 542800 202914 541068 120561 304864 367663 713393 525995 125629 218567 583887 290663 582075 310555 243216 494307 519791 340553 180013 297441 176143 393634 421779 220080 388853 507854 295393 185265 490251 192577 268669 377975 173791 428627 101772 455501 145709 746036 417967 288386 316959 200202 527648 227845 505406 371379 350015 360728 204812 273667 556886 98944 713884
572894 703924 791473 461794 720920 142539 432929 111643 320317 493396 392996 226620 999999999 565603 249814 320892 121197 443875 379212 684852 243133 192528 770947 660830 258023 794842 463801 580732 334579 492402 308405 609397 172629 646051 654254 599975 325057 417960 567927 315135 669779 633371 150528 270701 587457 644745 204327 764371 422464 652835 304707 410510 285785 826608 442018 119407 443571 674411 392993 738601 253770 362148 350025 698937 139280 88610 87961 205190 618493 594242 163748 613891 522897 107516 287621 693898 361947 366761 347274 306515 642497 325808 669216 95577 879434 623620 255124 207052 201237 483663 122529 731796 284870 432644 157838 379165 500010 549529 313494 930115
837425 580865 561770 728467 579906 644411 286260 653075 771639 386926 309106 350433 565603 999999999 409986 299847 684363 597064 846231 588397 680969 757322 217741 172786 675978 746183 517942 700508 709081 387375 266169 290587 652232 430804 666329 483182 329105 317563 242645 279658 578745 287353 445050 537206 643915 81312 582775 204188 148002 664155 264345 312689 571996 800612 842281 476023 147360 730069 510924 610075 638181 468204 836798 508126 649327 494511 644415 503335 102928 188279 562657 206712 755860 645206 461401 406021 229481 323857 524474 428052 78241 250005 105090 495302 791063 354822 610371 565967 434765 634472 576978 247563 578687 359544 709953 212752 130365 817371 253869 364703
771012 762435 812819 652147 773579 258344 421069 286601 560917 524680 151647 220806 249814 409986 999999999 309080 361313 585457 625003 752543 272960 422650 627718 453150 483905 891425 564213 725933 552442 524112 242308 569909 411588 658124 763580 648199 339689 425028 516662 132717 738119 586014 250267 133284 707805 476998 403802 612848 303206 761715 174026 166756 168962 934198 674922 253341 342338 802947 507720 798148 465748 461757 598172 728172 265844 162175 336248 356661 493250 375109 363008 536201 706204 357036 397158 680488 180802 124536 158058 392065 476348 253494 500668 251432 965510 608756 454293 157204 48610 306971 341564 631937 174802 182967 404852 197241 402002 747278 222443 755213
559395 453685 507530 443739 464523 441119 119144 428307 472886 215606 335931 103747 320892 299847 309080 999999999 424820 330153 547503 444926 515056 497521 473949 448338 377126 588842 277826 458282 409684 215045 77994 290927 362625 353486 469441 339294 39092 116685 247211 219743 430766 313699 173432 432251 422726 379973 285085 473824 158666 467422 159226 353428 465838 634811 543402 206862 153349 518185 241420 489331 338637 192768 540147 420545 442224 283090 381655 205388 319254 415215 269831 294495 481034 372804 165038 386560 219534 325692 466881 135661 376276 79067 402362 230393 659295 314243 310551 419269 296864 613975 292615 415227 470038 404741 438731 224287 195732 537534 107169 651513
549008 761697 862033 451553 780685 161336 528806 106920 257233 571822 509183 339144 121197 684363 361313 424820 999999999 472104 299024 739167 261534 73463 886442 782015 230683 831284 514123 597371 307113 570729 423168 705362 142125 724478 688876 666292 421823 509302 668277 436089 724372 730783 251633 351237 619026 764097 224108 881118 539487 687762 425293 526004 355962 856244 384464 218157 557707 697158 442023 794748 246638 422405 263019 769110 152300 206313 43477 264317 732775 714924 198011 719240 514698 66459 353062 779526 483136 482478 432004 380368 761714 440452 788511 195214 918989 711876 262335 277969 313143 552241 153644 839789 352852 543583 50170 500362 612117 527125 430972 1049065
241386 314771 439049 145578 336719 585054 311979 543785 325882 240994 655366 373006 443875 597064 585457 330153 472104 999999999 382343 286812 686996 520804 709214 762663 265782 359280 96345 141279 224271 239973 404241 415938 334584 345884 216898 254730 291364 279906 416460 536728 273587 443111 341258 676826 146929 668334 249301 720645 478204 215844 479719 674002 702845 385245 313749 351505 456439 230541 89051 342597 233228 137386 400892 354035 580488 474931 437814 243627 573242 740698 283496 486114 159274 406251 188742 421132 546666 640379 735595 201515 663765 408671 686424 366456 447423 379850 211141 632878 553137 885447 329350 599690 704348 721663 449190 553193 468800 222723 433496 900590
317639 694719 821331 273586 717108 460310 606212 405920 74622 589296 757510 508873 379212 846231 625003 547503 299024 382343 999999999 665447 557995 287969 1014076 980864 170379 702458 468216 449667 161911 588115 586314 759770 214835 720407 570910 634614 523301 576140 742232 658753 653147 787795 417882 643712 503959 926980 263646 1017351 700225 570703 625331 776229 652209 708963 113111 395227 700786 549294 413455 719944 209798 428150 41238 735916 451170 463436 302350 342899 861854 929461 288832 807553 324746 273218 397611 792099 695299 733052 723065 434022 923409 600474 949671 385841 790947 739769 239770 572968 577174 849972 290651 930550 649640 805402 249197 709767 739823 302474 606637 1197166
438459 31215 166224 401859 53844 826482 347837 793900 612271 232175 769774 534542 684852 588397 752543 444926 739167 286812 665447 999999999 920188 795617 607181 759469 550374 157840 225046 244228 510538 232493 518946 309056 610194 168552 127429 110134 412855 333463 347580 660001 15086 324638 549712 869424 170958 634577 516630 628860 530354 126022 599735 785300 901009 212347 583860 572427 491282 193898 297167 56226 514770 322721 686526 112443 823933 689066 700394 481802 518976 769798 541645 401753 374005 672807 397282 231722 647228 764035 910599 382268 629592 513313 643996 593505 215376 244506 488881 843437 734714 1058642 587308 472064 904297 838979 723746 645765 466953 432442 545506 789442
802763 937205 1014351 697378 952830 105501 634108 157114 518702 714536 410544 411311 243133 680969 272960 515056 261534 686996 557995 920188 999999999 277401 898490 721402 481872 1036108 703067 823588 560097 713666 472353 802849 390528 863451 896311 829008 531788 626870 754175 401345 905111 823246 371137 168925 830128 749730 444835 884686 561870 894842 427687 420318 148225 1069066 645940 347883 595916 917535 633490 972493 487338 599238 520008 923400 112580 234797 273002 446636 758835 639953 405786 786137 759730 308368 524452 901503 451626 385349 236417 538034 748979 487992 773499 327584 1119613 829261 493728 115770 247026 313105 362041 891816 141576 411195 309836 468705 656542 780068 463132 1027855
569193 819389 924159 481998 839057 192699 599772 143893 263922 637962 572821 412607 192528 757322 422650 497521 73463 520804 287969 795617 277401 999999999 959892 852095 263771 879412 571114 638538 334045 636846 496607 775907 186419 789871 737331 727803 493365 579304 739893 505518 781031 801634 324630 395134 666871 836853 279237 954486 612776 736365 497234 588955 394045 901027 387439 291182 631170 740012 499641 851601 288738 484261 247957 831467 182889 274047 115948 329471 806237 783377 259785 791762 544622 129505 417710 847025 553444 545851 475935 446925 834524 513897 861293 268460 968010 780345 309783 320340 375469 584097 218549 912668 389865 602786 71934 570840 685515 548678 504154 1121999
947730 589214 520930 852209 579962 858865 411370 864251 940059 470586 519911 547418 770947 217741 627718 473949 886442 709214 1014076 607181 898490 959892 999999999 269345 845059 755342 616946 781821 864252 471488 463305 307796 836571 439010 714047 522684 492377 443292 293505 497151 602329 286238 638592 754245 712985 160442 756253 30375 348984 711993 477417 520651 788790 811311 991972 671331 328973 783368 633706 609059 804467 600819 1010599 502639 863331 705552 844856 677218 154900 339766 743681 224176 865875 841328 616896 380616 447191 537271 737567 580686 159195 445998 142116 692717 776697 366328 774308 783636 651936 837739 765476 138032 795564 562218 907151 430492 278307 930814 457852 191586
1001005 750660 721476 888844 748497 709368 455331 730104 907102 559309 311774 472339 660830 172786 453150 448338 782015 762663 980864 759469 721402 852095 269345 999999999 812901 917026 687327 871070 854953 559730 395573 456358 775715 598798 839115 655341 482549 485535 412166 346754 750220 448936 565574 558948 815977 134846 718593 241037 289845 836941 361143 304617 589730 971814 989283 592558 306296 902731 674957 778766 778125 630011 966579 674958 716131 578563 746234 641475 248754 85653 692303 366760 920246 753959 613363 566406 298885 336197 521436 582684 139343 382686 138220 607830 958805 521724 752689 606890 491456 595758 698096 366210 596981 331072 815209 281760 302088 980193 374229 319639
320936 576887 693668 221017 598065 376575 439807 325489 95760 435522 604770 342565 258023 675978 483905 377126 230683 265782 170379 550374 481872 263771 845059 812901 999999999 619872 333262 375268 78258 434334 417542 599987 91378 576658 478924 499395 353391 410812 578318 499433 536528 627816 255475 527999 408350 756660 94308 847723 530334 478137 461309 623908 543799 638838 191277 237726 530408 477178 268034 606534 42064 271551 166316 603601 369297 329133 209269 172761 692237 764329 125694 641983 284155 173804 230633 644089 532466 581830 602603 267038 753071 431254 779312 233760 709035 586328 73427 464857 438492 741575 143030 765579 542800 658092 195398 546065 569852 298389 438968 1027196
421152 168021 258242 428927 175385 937329 500299 899238 662638 383178 919880 670886 794842 746183 891425 588842 831284 359280 702458 157840 1036108 879412 755342 917026 619872 999999999 334468 252939 564040 383315 665167 464428 693564 321767 142409 266085 554019 482715 504928 807327 168315 477989 671949 1001923 212582 791196 607818 778572 685391 143531 746694 936030 1031852 56018 604353 690289 647252 154497 402662 146511 590836 439797 730752 252725 933587 811670 796291 589798 675129 927502 639722 557039 381249 765275 513523 374891 798111 912536 1048861 506467 786218 661173 799909 709129 89387 399100 570232 969145 869282 1198396 685982 618166 1034528 989203 808042 797751 624574 423828 692833 932317
330794 248278 360407 241801 268165 606208 232040 571200 406160 146627 613123 343957 463801 517942 564213 277826 514123 96345 468216 225046 703067 571114 616946 687327 333262 334468 999999999 185036 306795 145675 355600 320213 386479 253065 199875 167287 239252 202069 323488 495585 210272 347193 337513 669329 145505 585479 291910 629616 411067 198084 435801 630900 698505 372381 407524 356139 383771 241296 72189 280733 295019 105423 482611 270760 603066 477202 475495 259003 485436 672898 316714 393040 248959 447762 179169 326969 497184 601421 719950 173466 580768 356318 602264 375544 416587 283601 267244 634762 538468 870192 362524 504512 700972 681494 499344 501046 387892 314059 384933 808523
194356 275431 410452 176081 297870 720306 415932 676627 410566 317633 790099 511149 580732 700508 725933 458282 597371 141279 449667 244228 823588 638538 781821 871070 375268 252939 185036 999999999 313674 316962 534950 475294 456015 367495 126433 270782 419218 386720 491054 671593 236469 499450 482536 818032 76268 765301 380445 797582 596039 126791 613148 808399 843829 264697 354217 492321 568628 102443 220903 290934 351300 269484 477854 344509 715189 615590 566534 383881 660565 857928 417963 558696 133584 533202 328782 443812 677540 776415 876762 337707 760493 537332 780833 506609 341825 424112 335737 773212 694245 1026677 462693 658846 845241 857398 568612 682549 570152 188491 564410 972471
242823 538898 662647 148126 560937 454825 453369 403594 101735 428382 666027 392647 334579 709081 552442 409684 307113 224271 161911 510538 560097 334045 864252 854953 78258 564040 306795 313674 999999999 427207 460517 600464 169570 558571 426144 473673 380488 422159 585736 556266 497581 628512 313495 603365 356562 788396 149811 869570 567357 425624 513141 685318 620217 578341 134366 301095 561839 416091 251801 565964 86764 269353 176788 575811 447518 401858 287354 216603 714611 812104 189477 652463 210579 251896 249264 630199 585096 644267 676699 284653 784501 472492 810094 301012 653416 578457 104282 541628 508430 817413 215988 774431 619423 722342 268788 597430 595004 220448 484614 1050553
476303 239067 300806 385138 249479 628230 117138 604041 519716 1189 537581 311054 492402 387375 524112 215045 570729 239973 588115 232493 713666 636846 471488 559730 434334 383315 145675 316962 427207 999999999 287039 177006 464406 154155 282204 124552 186719 101049 177985 427586 219008 204678 345356 645600 256701 448969 367877 484743 303922 280038 367434 553349 678484 433267 541513 373602 268311 343453 176452 274570 392639 162809 595988 209886 627328 478948 528272 307375 343781 556216 377982 247440 394594 507604 219551 211923 415286 531553 681919 190364 444119 280912 464021 396986 447858 152158 361602 626734 510112 828657 418389 359777 682326 606848 568041 414509 257706 459732 313181 663073
627963 526031 570609 510346 535604 410513 179103 407089 512196 287469 257939 84783 308405 266169 242308 77994 423168 404241 586314 518946 472353 496607 463305 395573 417542 665167 355600 534950 460517 287039 999999999 332998 386763 415921 547258 411544 116362 186173 282458 142294 505069 351892 178919 371195 500649 347380 323264 458202 118325 545231 81630 275449 405971 711825 594855 210296 135166 596151 316290 561417 382567 267279 574038 486851 413245 251360 381818 245921 310156 352492 299033 315183 551362 380173 228490 439594 142697 248045 398105 204744 344409 17404 371256 230466 733984 367462 357495 368347 238276 542716 310944 427331 410831 326789 445497 149049 192530 605545 29461 629163
647953 296591 273412 561450 292759 731988 176900 718433 689348 175910 534294 393449 609397 290587 569909 290927 705362 415938 759770 309056 802849 775907 307796 456358 599987 464428 320213 475294 600464 177006 332998 999999999 617208 143136 407658 215905 284783 197019 55568 447606 301896 28047 459267 701823 405383 327368 524030 325907 281310 405569 396296 545625 737081 520046 717878 491772 237767 476491 352307 323039 557924 331628 764709 218601 733150 573455 661902 453389 210888 478162 525519 92714 567244 647164 372861 119807 416216 537219 719161 337979 322409 319018 335489 515873 502467 65618 526560 701218 570877 854740 560019 185021 742267 599355 711320 408063 189867 632685 348287 497448
412313 634579 743024 310451 654641 285293 446416 234123 149525 465565 542704 304620 172629 652232 411588 362625 142125 334584 214835 610194 390528 186419 836571 775715 91378 693564 386479 456015 169570 464406 386763 617208 999999999 614498 551325 546588 347418 421239 588047 445742 595725 644243 210261 443200 480982 733544 97073 835958 504290 550322 416103 561403 456934 716517 269389 183848 511774 556464 315825 666300 104767 305545 193043 650901 277949 251433 117930 164481 681824 719915 93592 646821 373527 82475 246200 676306 484424 518217 519825 279635 730392 402420 757137 172024 781962 613093 123452 377491 364317 655408 77849 770414 455535 590936 114635 499612 558306 389751 403564 1012028
554614 153756 154695 486992 149746 780587 237127 757684 656164 153106 647684 455203 646051 430804 658124 353486 724478 345884 720407 168552 863451 789871 439010 598798 576658 321767 253065 367495 558571 154155 415921 143136 614498 999999999 278982 97257 332003 237674 188326 548155 163321 156459 497956 784899 292335 470497 517471 460368 396819 277042 490929 661155 818887 377563 659542 526961 354371 348881 309372 180029 535939 309205 732854 78225 779999 628756 682176 460585 354011 616662 530374 235449 478572 660901 372161 77067 525536 646469 813785 344261 465536 405858 478453 550525 360327 77540 505717 772134 649874 956423 571696 305089 823239 715418 720449 520611 318374 542975 437980 623058
316737 157479 290977 298623 178676 796576 396814 757645 526276 282430 804942 542948 654254 666329 763580 469441 688876 216898 570910 127429 896311 737331 714047 839115 478924 142409 199875 126433 426144 282204 547258 407658 551325 278982 999999999 191753 432359 373690 435891 689147 123935 427842 535769 869007 70606 721933 465475 733342 584288 2175 628667 822050 897875 173368 479260 552304 550173 69899 264177 167332 448963 304699 596733 237373 792615 674756 653985 449675 609957 838383 497781 498025 260004 622879 376667 350342 685639 795124 919696 373323 716975 545589 734292 570311 230680 347817 427938 832873 738338 1069882 543999 582955 900211 873977 665862 687414 538249 313331 576008 900801
457396 114515 196492 392552 125800 739376 238140 710903 573409 124093 660323 433052 599975 483182 648199 339294 666292 254730 634614 110134 829008 727803 522684 655341 499395 266085 167287 270782 473673 124552 411544 215905 546588 97257 191753 999999999 309428 225416 246333 551689 98012 236468 458073 768262 196310 533891 450011 541653 420269 189664 491713 675666 800690 318958 568019 483632 381442 260735 232249 150059 460176 243917 649805 104507 737660 595319 625445 402958 420193 662121 468749 306601 381770 600892 314846 174240 537636 655118 806124 293491 528910 405111 545073 505993 324878 157155 431276 746497 632931 953132 512681 393305 804324 729455 656813 535894 359153 445956 437460 710463
522093 423221 484474 407318 435178 452387 107960 435046 448881 187416 373998 124407 325057 329105 339689 39092 421823 291364 523301 412855 531788 493365 492377 482549 353391 554019 239252 419218 380488 186719 116362 284783 347418 332003 432359 309428 999999999 95218 246531 257028 398440 309478 174635 459013 384406 407955 263894 494380 192851 430364 196833 391682 491780 599063 513264 206993 181749 479995 202519 458998 313552 154023 518366 395449 452670 297462 378357 185182 338930 452227 253834 300666 443212 366004 132334 371589 258469 363026 497745 100155 404033 118155 429609 231100 626188 300141 284271 440909 323584 646019 281797 423685 495607 442586 431329 263372 216522 500449 145738 673870
520975 339875 391182 415601 349545 547329 32656 528702 503443 101429 437256 217530 417960 317563 425028 116685 509302 279906 576140 333463 626870 579304 443292 485535 410812 482715 202069 386720 422159 101049 186173 197019 421239 237674 373690 225416 95218 999999999 167914 326552 319851 223482 267532 548934 337496 388552 329795 450607 211892 371568 266387 453317 582468 531439 548696 298884 181972 429839 195734 375245 369018 158123 577005 303861 547451 392665 465909 256943 298066 471757 328931 231455 439063 450331 180361 276711 315417 430717 582435 144224 384020 179870 407043 322983 548787 205746 337902 534465 413526 728423 363003 354819 586620 506569 514325 315519 188901 501526 212133 631970
654245 338595 326888 560510 337263 686461 141711 675438 670190 177086 478728 347523 567927 242645 516662 247211 668277 416460 742232 347580 754175 739893 293505 412166 578318 504928 323488 491054 585736 177985 282458 55568 588047 188326 435891 246333 246531 167914 999999999 392991 338807 69590 419020 649050 425203 287734 497579 307168 225806 433747 342740 490071 684438 559887 708183 452087 182290 503041 344456 367442 536412 316874 744321 266058 688063 527212 624826 423566 174092 428434 495099 69656 572443 612265 348171 174901 360853 481756 664727 312124 282749 267746 298776 476014 548446 113743 505184 650694 519261 799542 526802 188700 689751 543823 677303 352550 134914 637469 296027 485090
748818 665925 701952 629329 674501 369390 315300 385067 588029 427944 118652 168795 315135 279658 132717 219743 436089 536728 658753 660001 401345 505518 497151 346754 499433 807327 495585 671593 556266 427586 142294 447606 445742 548155 689147 551689 257028 326552 392991 999999999 646315 461459 244096 264782 641028 350440 408263 483594 172629 687134 60666 137304 300408 854118 687741 263633 213678 736744 450996 701037 471609 402164 638773 621896 375194 231809 401753 341763 360577 279345 373815 406793 676005 412592 351885 562239 51203 106002 271811 335232 349320 146689 374618 273740 875280 491983 452310 286617 155353 408943 368446 499515 306560 186034 471383 68942 271975 725657 114597 633198
430823 41612 174757 390985 64239 811399 334844 778857 599294 218725 756515 519896 669779 578745 738119 430766 724372 273587 653147 15086 905111 781031 602329 750220 536528 168315 210272 236469 497581 219008 505069 301896 595725 163321 123935 98012 398440 319851 338807 646315 999999999 318470 534660 854691 162014 626251 501980 623512 518171 122344 585982 772150 886218 221951 572775 557344 479454 192163 282352 70579 500683 307654 673779 113484 808855 674038 685523 466784 511038 759274 526789 394459 364807 658027 382204 229614 634069 750534 896169 367204 621265 499635 636122 578419 228966 238010 474611 828487 720046 1044333 572417 468025 889484 825754 709177 632816 456310 424127 531775 785789
674011 309996 274448 588670 304304 754233 201979 741847 717322 203571 543866 415329 633371 287353 586014 313699 730783 443111 787795 324638 823246 801634 286238 448936 627816 477989 347193 499450 628512 204678 351892 28047 644243 156459 427842 236468 309478 223482 69590 461459 318470 999999999 483583 718522 428562 317517 551391 305809 292344 425783 412027 554421 753935 533868 745784 516301 249182 497131 380235 334438 585753 359660 792638 228314 755617 595275 687309 480230 200887 475619 552309 82178 593566 673117 400321 118673 427814 548089 733270 365269 312617 337290 323776 540362 511741 80598 554389 720194 588850 866743 586302 159553 759271 607742 737498 418698 197113 659024 365611 474481
521473 566167 645889 402241 581692 282874 282578 261221 345658 346296 352584 94946 150528 445050 250267 173432 251633 341258 417882 549712 371137 324630 638592 565574 255475 671949 337513 482536 313495 345356 178919 459267 210261 497956 535769 458073 174635 267532 419020 244096 534660 483583 999999999 335914 473863 526205 164430 635209 297238 534110 207457 371889 363077 709055 443856 33478 309876 566581 272050 601533 227939 232154 401355 554044 282070 139942 208682 106499 484024 511641 130125 467920 455943 202738 159119 543808 277679 331211 395049 167542 523280 195408 550139 57041 752886 473257 210571 297273 213413 544476 133052 588159 365060 410261 268608 291914 361966 497788 193682 807834
837082 881538 939370 721873 894059 204127 548010 251520 589392 646263 247255 335278 270701 537206 133284 432251 351237 676826 643712 869424 168925 395134 754245 558948 527999 1001923 669329 818032 603365 645600 371195 701823 443200 784899 869007 768262 459013 548934 649050 264782 854691 718522 335914 999999999 808915 599719 463599 737681 436343 867263 306918 254953 35692 1041690 712507 326651 475622 902260 606876 917346 519757 564318 610838 852782 213792 205894 341388 435750 624150 475787 421161 669484 780378 371365 493837 810744 310522 223869 80993 495972 599548 383684 622660 315440 1079465 738655 515780 74818 135509 214397 387690 764260 41805 242405 400710 325894 535252 813427 353592 871037
269678 202102 336705 234108 224802 729448 364150 689497 457193 257204 758397 488363 587457 643915 707805 422726 619026 146929 503959 170958 830128 666871 712985 815977 408350 212582 145505 76268 356562 256701 500649 405383 480982 292335 70606 196310 384406 337496 425203 641028 162014 428562 473863 808915 999999999 705124 396071 729900 549319 69788 581139 776074 836863 239284 416115 488537 518486 95802 202040 220899 378411 246135 528568 268409 725234 611677 584620 383866 597227 808464 429288 491387 203047 553176 315109 368267 641643 746897 862417 315769 700241 500769 719448 505625 301196 351611 357666 770043 680206 1012765 475387 587389 838916 826878 595466 644900 513907 262219 529894 902776
909522 623699 588084 802812 620101 718670 356357 729693 852369 448383 361028 431492 644745 81312 476998 379973 764097 668334 926980 634577 749730 836853 160442 134846 756660 791196 585479 765301 788396 448969 347380 327368 733544 470497 721933 533891 407955 388552 287734 350440 626251 317517 526205 599719 705124 999999999 663664 139403 229296 719771 341518 360931 633654 846551 921150 557021 226766 787771 583815 650374 718572 542759 917899 545243 723986 571632 724523 584136 116716 186735 643902 235755 827567 725929 539947 433703 299323 379580 579011 505957 4987 331286 24520 576068 829058 392984 690481 634094 505613 677302 658250 233708 640574 401800 790481 281800 199787 890034 334395 285594
373528 540170 646498 258968 559824 340548 356748 296193 189203 369042 516552 248699 204327 582775 403802 285085 224108 249301 263646 516630 444835 279237 756253 718593 94308 607818 291910 380445 149811 367877 323264 524030 97073 517471 465475 450011 263894 329795 497579 408263 501980 551391 164430 463599 396071 663664 999999999 757779 436579 464305 368077 535819 483731 634470 279486 151410 437958 477542 220424 572524 63550 208471 255095 554202 335101 258514 188552 79705 602499 670453 42441 558711 319138 157753 151314 579796 439572 494571 533652 186156 660154 337082 686522 152968 695181 517397 52182 407419 360866 677902 82794 682566 483772 572532 207569 452808 479451 349851 344697 936377
960279 611776 547206 862557 603226 848196 418289 855398 943076 483885 500409 542800 764371 204188 612848 473824 881118 720645 1017351 628860 884686 954486 30375 241037 847723 778572 629616 797582 869570 484743 458202 325907 835958 460368 733342 541653 494380 450607 307168 483594 623512 305809 635209 737681 729900 139403 757779 999999999 341924 731266 467223 500281 771910 834582 998563 667590 325433 802351 643213 632576 807562 608658 1012649 525888 852951 696635 839998 678378 155500 313629 743576 238886 878225 837735 621162 404466 433066 518701 718374 585208 138889 441053 118862 688460 801957 386332 777753 769422 638840 815315 763710 163824 778768 540377 903350 416010 278369 942880 450877 181371
713562 530486 546508 599883 535250 512715 187534 515636 625746 303887 253352 202914 422464 148002 303206 158666 539487 478204 700225 530354 561870 612776 348984 289845 530334 685391 411067 596039 567357 303922 118325 281310 504290 396819 584288 420269 192851 211892 225806 172629 518171 292344 297238 436343 549319 229296 436579 341924 999999999 582145 134186 265509 472034 736538 701406 328532 43580 641647 389433 563858 493499 342880 689725 473928 516621 357161 498760 357592 199494 262715 415145 234216 633681 498194 323595 399422 135496 255977 443108 292916 226230 102009 253046 348330 743811 332340 466619 450510 316147 574414 428981 330402 477976 319632 563307 126754 99357 692282 108993 511004
317499 156172 289837 298560 177457 795175 394668 756327 525835 280263 802902 541068 652835 664155 761715 467422 687762 215844 570703 126022 894842 736365 711993 836941 478137 143531 198084 126791 425624 280038 545231 405569 550322 277042 2175 189664 430364 371568 433747 687134 122344 425783 534110 867263 69788 719771 464305 731266 582145 999999999 626648 820002 896163 174984 479329 550723 548015 71845 262581 166422 448049 302965 596407 235750 791232 673135 652800 448209 607810 836214 496507 495910 260331 621744 375015 348502 683570 793108 917865 371542 714814 543539 732139 568773 231650 345777 426921 831235 736538 1068042 542734 580954 898509 871943 664874 685328 536074 313939 573972 898789
696541 606065 645217 577559 614998 381453 256305 388734 552881 367815 177361 120561 304707 264345 174026 159226 425293 479719 625331 599735 427687 497234 477417 361143 461309 746694 435801 613148 513141 367434 81630 396296 416103 490929 628667 491713 196833 266387 342740 60666 585982 412027 207457 306918 581139 341518 368077 467223 134186 626648 999999999 195366 342485 793453 646286 232304 170026 676787 393054 641283 430508 344067 608356 563746 385941 230260 387482 296698 332214 304211 337031 363433 622156 393281 297435 508476 72023 166482 324249 278359 339573 86636 366038 246759 814945 437358 408864 316636 182304 465515 338264 464413 348047 245759 455564 84757 230474 673634 54256 627092
884663 788711 811891 765002 795423 422672 437530 453236 708271 553576 19333 304864 410510 312689 166756 353428 526004 674002 776229 785300 420318 588955 520651 304617 623908 936030 630900 808399 685318 553349 275449 545625 561403 661155 822050 675666 391682 453317 490071 137304 772150 554421 371889 254953 776074 360931 535819 500281 265509 820002 195366 999999999 285156 984336 814402 386208 308923 871599 588025 823112 599354 539115 752575 737477 430656 321922 498252 474086 411708 220872 498645 487474 812680 515820 488984 664513 138081 43758 219760 472492 361728 276470 381924 391642 1000517 597848 582365 308350 213498 322117 486500 557547 292417 54264 567759 140699 357331 861374 246317 620148
856532 913641 973240 742628 926482 201349 582194 252362 600795 679168 278674 367663 285785 571996 168962 465838 355962 702845 652209 901009 148225 394045 788790 589730 543799 1031852 698505 843829 620217 678484 405971 737081 456934 818887 897875 800690 491780 582468 684438 300408 886218 753935 363077 35692 836863 633654 483731 771910 472034 896163 342485 285156 999999999 1070850 725396 351559 511295 929617 634901 949445 538000 593245 618012 886218 211160 228851 350399 460427 659524 505901 441417 705157 801987 382040 521819 845566 345877 256213 88516 525464 633571 418688 656435 338693 1110175 773408 535807 79664 169022 198679 405707 799847 7300 268241 405998 361103 570942 832974 388803 903344
413951 223872 310645 437365 231375 968694 550405 928692 674346 433204 967874 713393 826608 800612 934198 634811 856244 385245 708963 212347 1069066 901027 811311 971814 638838 56018 372381 264697 578341 433267 711825 520046 716517 377563 173368 318958 599063 531439 559887 854118 221951 533868 709055 1041690 239284 846551 634470 834582 736538 174984 793453 984336 1070850 999999999 606410 725650 699090 162256 437543 202353 612487 477612 739483 308719 964512 848119 822866 622507 730622 981024 668418 612703 384481 790837 549980 430808 846698 959712 1091008 545736 841570 708585 855482 743533 94181 454808 594004 1006212 910289 1240967 714437 674074 1073263 1037171 830330 846930 678036 419733 739907 987884
205687 614246 745385 182167 636984 543789 580635 489805 127238 542649 795201 525995 442018 842281 674922 543402 384464 313749 113111 583860 645940 387439 991972 989283 191277 604353 407524 354217 134366 541513 594855 717878 269389 659542 479260 568019 513264 548696 708183 687741 572775 745784 443856 712507 416115 921150 279486 998563 701406 479329 646286 814402 725396 606410 999999999 428302 694936 449948 365587 636329 216177 391975 152438 664802 535300 518386 377593 350348 844298 946231 315777 776285 223123 344134 381231 734349 718113 772605 789166 415760 917180 606857 942555 425027 691560 689219 237897 645770 629114 924056 333459 896435 723699 849263 337317 730790 726198 192077 618798 1179857
518588 589987 673431 400488 606161 255763 314935 230864 324459 374578 367053 125629 119407 476023 253341 206862 218157 351505 395227 572427 347883 291182 671331 592558 237726 690289 356139 492321 301095 373602 210296 491772 183848 526961 552304 483632 206993 298884 452087 263633 557344 516301 33478 326651 488537 557021 151410 667590 328532 550723 232304 386208 351559 725650 428302 999999999 342449 579701 288161 625103 214433 251605 376492 581178 254263 123506 175237 109100 516891 536082 112552 501357 456623 170145 177019 574534 300741 344303 390564 190725 554193 227071 581073 24131 772616 504407 201093 281782 212302 538416 106000 621636 352920 421475 235839 315794 395089 494827 223290 839459
