NAME : synthetic_000150
TYPE : CTSP-D
DIMENSION : 100
GROUPS : 8
RELAXATION_LEVEL : 1
EDGE_WEIGHT_TYPE : EXPLICIT
EDGE_WEIGHT_FORMAT : FULL_MATRIX
EDGE_WEIGHT_SECTION
999999999 384942 667409 285128 606608 588191 568454 518489 470096 456147 494298 621390 639699 602198 162740 397394 216010 529496 518732 418304 215890 136026 360234 109280 658232 445412 415614 74205 588136 254692 328590 386978 454416 513377 428940 347566 419203 396247 299796 613156 540973 281809 502594 257596 446015 177929 872199 213269 109591 626735 638111 310829 159989 490337 560294 634339 713394 382754 370922 570850 556150 315344 341957 609970 719042 102909 580979 663345 642178 394943 184238 153606 602905 169289 599514 430272 642902 618093 486273 680176 636019 625169 354111 300508 777306 662001 193359 591227 181682 343050 199908 395890 251709 381216 612604 98927 413345 214501 584706 470147
384942 999999999 329785 654462 468522 534451 248105 451874 254677 303835 409440 309654 811413 256780 465511 712329 595588 441368 665686 377971 599715 399636 274380 446565 438836 411283 336197 455373 231010 574998 91971 637529 644988 861625 679570 366562 474247 529583 570423 522222 436355 578580 601439 219747 609837 213304 732289 571833 408249 378252 751353 312262 265299 151568 253826 613005 644873 529651 478266 249484 762579 399524 663156 729595 500804 284299 872620 537809 276766 438029 217113 349285 340612 383143 407000 623361 771734 250321 789235 642983 635952 761889 694286 594008 660443 744996 257612 811468 541868 292267 188179 767466 135764 711091 279348 310849 92256 197361 431804 205179
667409 329785 999999999 893683 731519 825219 431746 748272 236896 595533 705745 66387 1138657 393837 780021 1031959 852884 731492 992765 691807 865843 626542 367389 692080 654975 722488 646273 726317 103360 782683 421533 965383 974659 1172276 1007894 691905 797183 858193 745354 799603 720682 769344 924713 549423 938878 491868 957640 874099 718556 586428 1072161 639790 583351 376246 452379 907517 918075 858905 806426 430902 1092193 728537 980398 1051988 703671 580222 1198431 796227 89742 761499 532486 670198 548560 705505 650646 953124 1094488 108346 951809 929254 935540 1085964 1006338 779364 907708 1060312 486438 1141223 842701 615300 496400 1063162 428425 1026762 425389 573547 384977 452925 693802 205827
285128 654462 893683 999999999 872637 832652 852996 773884 667074 734268 756865 837557 757637 885086 341492 420056 79540 789491 676816 678957 103329 267751 536314 208636 936722 700582 685452 211312 830844 134300 609589 495293 595586 436968 523078 604144 647957 591879 213403 866791 803992 172098 693473 541415 609152 441234 1125770 259607 339649 909238 797792 579587 444155 772346 845274 862589 952329 574158 587325 855360 660283 557484 377967 769793 995761 385541 586802 922954 886969 633475 468488 414671 886804 412202 876029 576062 791653 865606 259395 910266 855419 771229 349232 178219 1028151 836808 413140 675741 254916 616903 479261 286454 518774 384615 896709 343618 694506 462377 855091 687893
606608 468522 731519 872637 999999999 126403 306404 112897 723057 172920 116430 740459 539994 355688 541183 668573 793951 88771 421785 194168 777977 711811 724788 713999 128492 177799 191231 671574 631807 861117 406718 537244 465456 836051 558630 269375 265963 360763 897384 77411 70132 885585 336062 369210 418179 545678 275345 655959 532990 174063 431856 295982 456728 357957 283665 200937 186779 376918 328494 307911 550137 322389 648059 425129 153175 532220 743559 69342 647206 260075 462363 459545 200085 460656 88316 459229 463034 624275 1092881 206626 236829 465484 698700 904173 193097 394510 628150 600099 642064 265166 481629 821406 507737 691954 329736 609352 378549 571970 37916 670942
588191 534451 825219 832652 126403 999999999 415124 83663 786501 232645 125174 826626 415245 467589 491870 577093 753112 94203 304475 179308 732904 708021 768079 697468 254748 146635 206183 644800 722981 840479 458160 442400 358385 740603 457397 241628 188135 270475 887174 55832 105077 869862 221215 385604 312733 565190 294692 596056 498430 297677 305560 288332 456092 449204 391731 82734 126144 288584 252773 417001 432074 276749 564449 299610 271248 531464 632320 118536 744889 199191 475236 434787 319202 425993 210502 356325 336897 720472 1068526 108836 114827 339947 616212 888551 196362 268574 648409 480632 587552 274063 502730 743536 543578 604537 444514 611418 451602 599293 153084 739603
568454 248105 431746 852996 306404 415124 999999999 350088 474322 214783 311972 449861 788668 54702 588669 799949 783961 327271 649082 332316 780149 621445 520467 654217 224065 352175 286852 642657 336988 794959 248924 692113 660155 965191 727230 371316 450190 536894 802849 379807 311354 805333 567527 321795 615404 427720 528107 709418 548156 155629 698748 343931 413594 96538 23428 497335 492547 545362 486573 2667 769031 428431 761188 684404 277176 467540 926979 367501 344605 421082 384513 471463 117044 494457 221308 644429 726272 323425 1019212 511172 529739 722911 803516 822115 476066 673892 491890 821030 684433 302173 376944 903007 357654 810311 46356 521085 168969 428625 269929 415021
518489 451874 748272 773884 112897 83663 350088 999999999 703233 152915 42842 747182 448652 404132 437041 555686 694582 27600 319945 101280 676640 633559 684693 627506 229274 73618 122873 578938 645466 772625 374598 424650 356209 723268 447016 171574 153068 248185 815402 94668 49263 800108 233904 304276 308697 484293 354143 548512 435467 254701 350539 211554 379335 373752 326751 161410 205579 264131 215884 352208 447462 217345 535465 338535 264586 455262 634880 149501 669910 148934 395216 366662 267635 362489 171539 348513 379390 644943 1002723 192396 187325 378172 586270 818802 258842 323805 567650 498552 536433 192795 421300 709774 460447 579131 384179 534802 370652 517246 118127 656900
470096 254677 236896 667074 723057 786501 474322 703233 999999999 557840 661338 174291 1025942 461581 607175 859023 633702 694353 883226 622282 650357 404051 132305 473402 685389 656652 584002 518350 213731 550321 329580 815833 847438 983466 859581 597027 705780 744046 509215 776462 690281 534539 829441 433728 819620 311446 984032 683173 543379 620994 980962 539486 429736 384768 486858 863335 899094 739955 696414 474849 963623 616152 804667 956961 745075 401167 1036571 792296 263919 669670 380955 514188 581940 550128 658953 823883 997856 253828 714981 895305 884175 985589 822545 543853 914537 981459 277546 1008518 651501 529979 341566 861633 274468 847479 491299 371414 344964 265264 686169 60908
456147 303835 595533 734268 172920 232645 214783 152915 557840 999999999 110241 594471 574838 269294 423946 604308 657940 138572 434370 117859 646511 549582 552576 559607 202523 138094 74339 525992 492626 707327 235047 487413 447163 772569 519719 167974 235620 324616 736698 218653 132521 728275 353515 204559 401703 375532 447518 545335 400113 182082 489354 161503 298760 222417 192906 313577 341260 334501 275937 217248 554531 228625 571468 473199 262908 371674 718258 241227 518074 207771 296215 321687 171697 332926 143614 432563 515511 492831 939386 340260 340230 510880 617881 746613 365400 469795 457162 606552 525515 119585 311738 729054 334869 619512 255898 445553 219025 399816 140584 508816
494298 409440 705745 756865 116430 125174 311972 42842 661338 110241 999999999 704359 480452 366404 424784 562441 678014 36883 346706 77932 661711 604803 645329 602623 214292 64100 85712 557517 602864 748980 333288 434724 374916 731089 460500 153048 163490 259984 788539 125031 47151 774909 261737 269308 327542 449224 378996 540105 417265 229068 386831 183866 349466 331743 288808 204185 243050 274197 220855 314184 472465 206405 538268 373139 258235 425518 652893 169091 627804 149635 361553 345008 237039 344697 152123 364756 414704 602722 980164 233969 230025 412164 588124 793567 286848 363008 532580 524126 525786 159104 385681 708707 421875 583549 347915 504323 327824 480517 107443 614545
621390 309654 66387 837557 740459 826626 449861 747182 174291 594471 704359 999999999 1120775 418219 742321 995331 799846 732434 975157 683201 814263 571672 306235 638864 673815 715278 639107 677057 113777 723571 401120 935758 951765 1130801 978830 676150 783477 838432 683497 805132 723387 708660 910845 525734 918136 449160 977959 831115 679750 605475 1060271 621843 549557 382503 468711 908031 925691 837754 787470 449392 1069424 708201 942707 1038894 726100 539058 1165802 807059 131530 747345 498519 636698 566649 672512 663285 929521 1081126 138979 887972 932780 934227 1071476 966127 718115 922375 1051915 435392 1117397 799508 601210 460871 1017076 391570 988080 450121 525362 377583 407552 702545 152145
639699 811413 1138657 757637 539994 415245 788668 448652 1025942 574838 480452 1120775 999999999 843366 478959 351871 689787 475413 145893 460015 658713 774628 957070 727159 668203 436776 507113 654398 1036472 830210 719684 265886 186002 455993 234573 446935 345055 283030 903790 470132 495917 871178 221327 596952 206519 728162 623222 503392 531218 702630 119871 499258 600969 788368 766085 359808 444788 286013 333339 791041 98466 413069 382406 116660 685899 650589 282790 526963 1072768 379305 646762 524684 716092 491766 617201 210420 88262 1046197 1016944 387596 324378 77401 421666 887501 542951 175431 795146 106533 518237 524131 685833 538124 751518 390353 827135 716473 756762 774428 560341 996865
602198 256780 393837 885086 355688 467589 54702 404132 461581 269294 366404 418219 843366 999999999 632668 849319 818204 380914 703651 386642 816101 645504 521080 682881 262869 406833 340914 676267 304445 820421 275941 743733 713851 1013538 779452 423743 504507 590481 823203 430449 364498 828233 622211 363084 669340 452133 563945 752390 589357 194853 753227 393858 451173 113366 77609 549442 540558 598602 539850 52361 823253 479966 809354 739021 309836 499972 979329 414239 304921 475037 418056 514093 159192 538864 268817 697818 780852 285929 1041098 561639 582364 777571 850659 844487 518176 727872 510234 875234 726498 352914 406172 947232 378498 858574 31903 547925 191596 447669 320068 401033
162740 465511 780021 341492 541183 491870 588669 437041 607175 423946 424784 742321 478959 632668 999999999 253178 262084 454964 364939 347508 241034 295958 510293 249958 620887 364926 363087 179347 690125 370366 386142 224370 295137 396119 266692 272541 306466 256728 434816 528195 471297 407226 362366 270844 292403 296420 785882 122037 63818 605823 486570 262443 200213 530453 574694 521583 610843 240353 246408 591295 393677 219762 200484 458118 675355 206091 429711 586532 740103 293014 249447 120068 591134 94314 557619 271480 488180 714203 586651 569171 515923 469539 228776 425046 687890 516325 341016 428527 102012 304885 283821 314567 351704 246876 634987 250900 462239 341973 528265 596346
397394 712329 1031959 420056 668573 577093 799949 555686 859023 604308 562441 995331 351871 849319 253178 999999999 362690 580888 315631 497926 330023 512242 756659 448329 776364 498705 531768 377053 940188 514697 627825 135162 234518 168976 133185 436335 402626 308811 595459 627759 601648 557855 371196 503137 271606 549233 858812 195819 316444 780277 420765 456034 449122 757447 782362 569684 668702 291930 341640 802615 253744 375827 55501 396038 819206 458712 185401 692215 988732 412938 499691 363229 775567 329235 713177 227178 405268 962475 676043 614487 548061 384483 71640 571741 762854 471223 587878 259292 223321 498251 535615 189353 604210 38482 845733 494439 696852 594280 669079 849479
216010 595588 852884 79540 793951 753112 783961 694582 633702 657940 678014 799846 689787 818204 262084 362690 999999999 710414 602752 600086 32713 229769 506494 160985 860168 621347 607537 142086 783767 154502 544243 425097 522722 406513 455627 525156 568529 513768 237577 787365 725116 197840 616248 468401 533937 382961 1046269 187103 261081 834421 724385 501850 371983 706290 775199 783419 872880 496222 508141 786382 593557 478028 315876 696196 918647 318581 538333 843741 839380 553935 400191 337149 813068 333324 799010 502399 719608 816873 331668 831068 776669 699400 294478 210283 948627 761830 366867 612560 178489 539876 414670 259161 460099 329918 828361 287349 629114 409544 776947 648273
529496 441368 731492 789491 88771 94203 327271 27600 694353 138572 36883 732434 475413 380914 454964 580888 710414 999999999 347478 111461 693360 641189 680919 638073 201843 90130 122552 591817 629082 784097 367452 450570 383514 748810 473636 185419 178442 274246 824554 88186 21729 810492 261406 306176 335988 486060 343038 568346 450202 227497 375819 219696 385971 355805 303863 176035 207309 289836 240076 329315 475047 235391 559522 364554 238554 462033 662196 134134 651828 171305 398434 379225 241431 377370 143959 375509 405080 627191 1014974 201794 205017 404363 610059 829164 250215 347230 569407 526112 555228 195945 422476 732636 457942 603701 360052 540971 357595 517118 90775 646539
518732 665686 992765 676816 421785 304475 649082 319945 883226 434370 346706 975157 145893 703651 364939 315631 602752 347478 999999999 317754 574131 654757 819229 614515 547127 297241 364518 544243 890595 731234 574038 190386 84016 461105 182569 301093 200965 139199 799149 360186 368904 769952 86153 452268 72805 590329 557853 417213 409151 574107 122300 353460 462261 644335 626923 271130 368207 144972 188067 651523 128352 268217 325388 93856 573328 517086 330097 422418 927126 234292 506190 390857 583738 360306 491403 100900 124192 900525 934381 311008 242894 107133 374185 787304 466551 161288 660897 178748 424713 378393 544854 502555 609201 350944 689053 587310 611110 635914 436507 852663
418304 377971 691807 678957 194168 179308 332316 101280 622282 117859 77932 683201 460015 386642 347508 497926 600086 111461 317754 999999999 583829 532281 593230 527076 281232 34760 47162 480363 588473 672807 293176 375384 329636 666893 405423 75215 117875 207760 714391 195547 125036 699606 239158 206959 283928 386038 453910 463997 339386 282759 381407 110300 278203 329270 310668 245817 304747 218740 161000 334812 436749 130955 469898 362883 330758 354063 602635 245591 619587 90661 295929 267771 281485 266774 217326 315665 405486 593507 903549 284266 262871 399091 518646 718291 359639 368895 469184 488761 448848 96105 323944 636509 368063 516482 373757 433701 307005 421022 181371 580100
215890 599715 865843 103329 777977 732904 780149 676640 650357 646511 661711 814263 658713 816101 241034 330023 32713 693360 574131 583829 999999999 248120 525037 177201 848122 603789 593536 144440 793918 186850 544087 394611 493421 376302 424339 508663 547039 488870 269665 768662 708684 230220 590169 461667 506054 388714 1026823 157261 246972 824721 695422 488435 366719 705069 770488 760690 851366 471067 485599 782614 562170 459447 283512 667330 905680 318700 505744 826067 849154 533989 398426 324837 804653 317796 786316 473515 689985 826115 360554 808418 752851 669677 261771 242892 928890 733817 379437 580519 151605 527622 415798 230518 465016 297206 825052 295482 628617 418303 762245 662280
136026 399636 626542 267751 711811 708021 621445 633559 404051 549582 604803 571672 774628 645504 295958 512242 229769 641189 654757 532281 248120 999999999 277037 71702 746450 562304 521640 135563 563389 175527 372531 518302 589813 605127 559133 466556 547914 531167 187366 727609 650074 184192 637115 345068 582039 193795 983572 317664 245613 705809 774008 422079 255479 532387 618053 759973 834101 518120 503391 623543 689359 442325 457167 745902 809436 179630 697639 772966 619590 521026 254225 280623 676949 301945 692226 565771 778927 598612 398439 804680 764248 761173 459076 201469 891294 797099 147127 722483 288956 447144 248117 469936 267569 490233 661787 104539 454521 202490 685874 420968
360234 274380 367389 536314 724788 768079 520467 684693 132305 552576 645329 306235 957070 521080 510293 756659 506494 680919 819229 593230 525037 277037 999999999 347939 710416 627933 561901 399361 328521 418081 318139 728683 773459 870494 772296 553400 658812 681256 377988 767481 681002 402429 775623 389249 751293 229017 996244 572403 447156 651783 925747 496134 356968 424436 527724 839013 888216 674258 638052 521624 886395 559979 701416 899990 773233 310050 938539 793631 382976 624076 315015 433423 614608 467872 673342 749232 939061 368154 587092 875942 855000 924818 714113 412068 917778 933546 169340 928057 541128 497252 278224 742494 225174 741438 547249 262237 364329 183409 690183 167712
109280 446565 692080 208636 713999 697468 654217 627506 473402 559607 602623 638864 727159 682881 249958 448329 160985 638073 614515 527076 177201 71702 347939 999999999 760487 554545 522782 73632 624668 147748 407024 465781 544756 534788 504953 456775 527169 498555 191340 722171 649104 172613 605270 357051 541804 233862 980971 252585 210260 725267 735668 418844 260869 569585 648498 742948 822628 483944 476786 656469 638485 424086 393906 707279 822222 190875 633494 771714 680556 503726 273351 262801 699160 276439 703220 521281 738034 658611 379899 788990 743817 719477 392169 191311 886347 762917 206772 668632 225673 449402 277347 398383 311179 424317 696566 136126 491369 253773 691021 487305
658232 438836 654975 936722 128492 254748 224065 229274 685389 202523 214292 673815 668203 262869 620887 776364 860168 201843 547127 281232 848122 746450 710416 760487 999999999 277686 257923 728458 561053 908003 399796 648987 585322 945152 674067 351958 377219 473755 933801 203126 180116 927436 461021 403637 537791 563932 304217 740700 601284 68562 560293 360313 499798 301612 205340 326052 290948 488346 435002 224658 675284 411279 750604 553573 63959 570973 864000 164412 566887 363442 492263 523386 107178 532406 63961 576892 591518 546648 1139727 324185 362717 593924 799722 945591 255920 522066 641879 725835 722892 320511 502015 917464 510917 796615 232610 641924 346922 580805 111169 628454
445412 411283 722488 700582 177799 146635 352175 73618 656652 138094 64100 715278 436776 406833 364926 498705 621347 90130 297241 34760 603789 562304 627933 554545 277686 999999999 76285 505369 619128 699306 327344 371973 317108 667467 399069 98065 103405 198799 743035 168005 107718 727158 215474 241149 270262 419700 427689 478341 361914 287624 353129 141696 309524 356305 329831 211182 272637 212071 157379 354585 419724 145273 474171 335910 322314 385040 593539 222398 648898 85767 329223 293203 291034 288943 214787 305286 378381 623016 929207 250187 228163 373144 524033 745856 331981 337836 502703 471709 465099 130722 357957 644895 402761 519519 391811 464929 338279 455233 171521 614017
415614 336197 646273 685452 191231 206183 286852 122873 584002 74339 85712 639107 507113 340914 363087 531768 607537 122552 364518 47162 593536 521640 561901 522782 257923 76285 999999999 481608 542912 669981 254452 413365 373576 700379 445403 96437 164010 250669 706559 210733 128768 694375 286317 183641 328567 363514 462152 482799 346761 249806 428020 105981 266195 282160 265625 279695 327818 260247 201630 289384 482383 157270 500510 409821 312748 342041 643930 251424 573187 134263 276105 270866 243897 276096 194533 358551 452409 547203 901853 314351 300370 446185 547860 712971 371651 414041 446868 534346 465097 74524 299981 661923 337575 548100 329134 420175 261998 395068 169875 539888
74205 455373 726317 211312 671574 644800 642657 578938 518350 525992 557517 677057 654398 676267 179347 377053 142086 591817 544243 480363 144440 135563 399361 73632 728458 505369 481608 999999999 651444 196783 402163 392318 472884 472714 431342 407371 468444 432507 255869 673328 604547 230359 539058 330317 471747 244397 933058 182111 147968 698844 665917 375825 232911 564233 634423 685305 768566 417125 414588 645054 565141 368536 322187 637465 788547 176498 562439 725951 706324 447740 258406 212592 675781 219032 668817 449649 667265 682929 423980 732056 683868 648442 323633 248650 836965 694988 242076 595014 153758 410608 272737 343604 320576 354670 686803 153049 487029 275533 651391 524948
588136 231010 103360 830844 631807 722981 336988 645466 213731 492626 602864 113777 1036472 304445 690125 940188 783767 629082 890595 588473 793918 563389 328521 624668 561053 619128 542912 651444 999999999 728430 321805 868494 874267 1084934 910579 589562 694324 756780 700536 698583 618707 720103 821809 450484 837706 410360 865013 789463 630106 492595 968965 538144 491131 274786 356388 805112 817940 757980 704818 336425 991626 627527 889734 948929 612646 495541 1103157 697473 56309 658743 440887 577132 453971 611838 552699 853060 991453 40187 914026 827657 832780 983097 918087 731968 811161 956952 418051 1041046 758471 512689 406681 981737 341180 936911 336347 498645 281735 375918 593963 161770
254692 574998 782683 134300 861117 840479 794959 772625 550321 707327 748980 723571 830210 820421 370366 514697 154502 784097 731234 672807 186850 175527 418081 147748 908003 699306 669981 196783 728430 999999999 546204 564347 655288 558466 598534 601271 665227 626651 83506 867253 795665 43375 732666 504415 659777 368295 1126597 328931 344749 871804 853523 565493 408571 707161 790599 882076 964764 610601 610931 797117 736174 564828 465631 825056 969869 337493 692448 918008 784718 644217 418846 406215 844893 415449 850938 633262 852135 765208 232166 928785 880519 832563 447875 57553 1031283 885961 319895 759031 311978 596872 418893 409073 442992 483133 836032 274017 629102 377682 838560 577619
328590 91971 421533 609589 406718 458160 248924 374598 329580 235047 333288 401120 719684 275941 386142 627825 544243 367452 574038 293176 544087 372531 318139 407024 399796 327344 254452 402163 321805 546204 999999999 547963 553133 781226 589584 275920 384254 437657 554897 452173 365470 556496 511005 128901 517867 178883 678452 498257 332860 347624 661495 220805 188511 162826 246022 533978 574145 437682 386438 251037 670693 307564 580259 639257 463625 225726 784128 475680 365235 347942 146752 267113 314106 299189 357483 531614 681232 338512 770503 566975 554605 671001 614086 573375 599774 657029 247397 719702 469584 203407 130350 694972 112921 628815 289949 272628 84954 184418 372055 287223
386978 637529 965383 495293 537244 442400 692113 424650 815833 487413 434724 935758 265886 743733 224370 135162 425097 450570 190386 375384 394611 518302 728683 465781 648987 371973 413365 392318 868494 564347 547963 999999999 106397 299214 43780 321448 272287 176486 638502 493674 471729 605438 237137 419216 137686 505644 723851 238123 283956 657806 306129 351732 387982 660414 672940 434967 533917 160825 215036 694755 173082 263771 135315 279068 689100 419027 237915 558213 913192 286876 438557 301890 656419 265843 586626 94125 297151 886475 754548 480171 414294 276522 185275 621672 627735 351051 560596 204328 252369 391082 477361 314813 546818 165899 736878 473566 607570 552571 540028 797261
454416 644988 974659 595586 465456 358385 660155 356209 847438 447163 374916 951765 186002 713851 295137 234518 522722 383514 84016 329636 493421 589813 773459 544756 585322 317108 373576 472884 874267 655288 553133 106397 999999999 387277 103289 293918 213808 123482 725674 412501 405230 694968 140622 426131 47534 545055 628620 336178 345537 603689 202309 338224 419151 643016 639163 339227 438084 117674 175155 662713 117669 247351 241548 174546 618627 465520 278682 476653 914574 239411 466629 340173 608116 306555 525729 24443 197206 887778 853967 382479 315171 177357 290779 711945 534469 245023 610068 166907 345728 370657 505980 419677 573307 268715 702709 530512 600606 591686 474283 821770
513377 861625 1172276 436968 836051 740603 965191 723268 983466 772569 731089 1130801 455993 1013538 396119 168976 406513 748810 461105 666893 376302 605127 870494 534788 945152 667467 700379 472714 1084934 558466 781226 299214 387277 999999999 284610 604649 570377 475422 641943 792561 769735 601028 527716 660608 429667 681668 1015871 300451 454842 949163 549243 621864 596326 918337 948218 726504 825341 459141 510233 967858 367507 543949 204209 528382 987310 592229 190099 857125 1135664 581711 645198 514115 944028 482781 882051 385242 527369 1109919 667205 769471 701827 507751 167349 610895 921613 604321 706462 350197 332157 664584 678282 150527 744464 154966 1011220 612179 854416 723824 837479 981209
428940 679570 1007894 523078 558630 457397 727230 447016 859581 519719 460500 978830 234573 779452 266692 133185 455627 473636 182569 405423 424339 559133 772296 504953 674067 399069 445403 431342 910579 598534 589584 43780 103289 284610 999999999 355918 297024 200525 674258 510377 495117 640206 243208 460712 145204 549424 731632 270077 327038 686398 289451 389548 431521 698671 707561 442152 541106 187175 244447 729857 137990 300071 150464 263941 711429 462732 199937 574872 954789 315451 482013 345573 686904 309541 612607 101089 276332 928041 782415 485703 418456 255464 195274 656030 637044 338594 604075 163693 287293 427744 520886 321410 590302 169300 771530 516600 647578 596350 563980 840784
347566 366562 691905 604144 269375 241628 371316 171574 597027 167974 153048 676150 446935 423743 272541 436335 525156 185419 301093 75215 508663 466556 553400 456775 351958 98065 96437 407371 589562 601271 275920 321448 293918 604649 355918 999999999 108922 171207 645805 266068 200049 629367 235086 165124 252472 335173 525714 389964 264783 346241 385828 57797 217248 349110 351714 296564 367599 176623 118889 373942 408243 60891 404177 363344 403949 291384 555678 319279 626245 72677 243796 195139 339395 191967 288076 275988 405320 599599 831159 339556 306294 395331 451424 648066 430014 384488 416683 459421 374098 77664 276739 566068 330320 451919 415683 371423 310319 374499 255787 560498
419203 474247 797183 647957 265963 188135 450190 153068 705780 235620 163490 783477 345055 504507 306466 402626 568529 178442 200965 117875 547039 547914 658812 527169 377219 103405 164010 468444 694324 665227 384254 272287 213808 570377 297024 108922 999999999 96550 718492 231489 199479 697482 127559 272897 167206 436205 482693 407960 320486 390782 277243 166295 312092 443499 428504 216946 304388 111467 65084 452686 318911 106062 383194 255418 416983 381526 490258 294499 728798 36332 345581 267412 394322 250803 315585 201960 297701 702356 889438 264004 216826 288783 434343 716027 384298 276083 515481 370932 400065 182320 380797 559413 437497 426277 491463 460239 413174 477768 267768 669394
396247 529583 858193 591879 360763 270475 536894 248185 744046 324616 259984 838432 283030 590481 256728 308811 513768 274246 139199 207760 488870 531167 681256 498555 473755 198799 250669 432507 756780 626651 437657 176486 123482 475422 200525 171207 96550 999999999 688026 319496 295517 662513 106718 313931 81419 452702 559946 339571 288537 486391 247014 218698 324494 520180 516054 277392 373605 18668 52449 539461 237090 130244 293975 220079 512703 382785 395269 383780 795391 117104 367413 257666 488339 230314 412101 107962 258000 768650 842399 324882 265253 243582 345751 680589 462115 265942 525296 288215 337688 248534 405908 473489 470005 334610 579716 456067 480148 497848 364088 713943
299796 570423 745354 213403 897384 887174 802849 815402 509215 736698 788539 683497 903790 823203 434816 595459 237577 824554 799149 714391 269665 187366 377988 191340 933801 743035 706559 255869 700536 83506 554897 638502 725674 641943 674258 645805 718492 688026 999999999 909918 834405 41452 794677 532140 726914 376578 1167525 406396 400781 892570 921123 604864 440682 711153 800906 934086 1012720 672860 667823 804832 811214 615118 545305 892648 996803 365615 774631 957333 756344 694731 441591 453293 863091 467779 879513 702988 921488 738842 218982 979972 935157 902326 529633 38709 1074027 950844 313220 836099 386968 632268 434193 492423 445459 564715 841527 291877 634354 375535 872252 543696
613156 522222 799603 866791 77411 55832 379807 94668 776462 218653 125031 805132 470132 430449 528195 627759 787365 88186 360186 195547 768662 727609 767481 722171 203126 168005 210733 673328 698583 867253 452173 493674 412501 792561 510377 266068 231489 319496 909918 999999999 86703 894769 276498 394337 366349 574245 259775 636689 529204 251473 358805 305543 472856 423799 356705 123657 122651 337126 296545 381467 487878 309365 612792 354092 215849 548887 687502 64566 716894 236096 486471 461205 276754 456245 165368 409461 390515 693280 1097204 131369 159876 394357 664339 913463 164186 319023 657593 536463 626241 283841 510657 790498 545319 654103 405419 628148 435369 605145 110483 726882
540973 436355 720682 803992 70132 105077 311354 49263 690281 132521 47151 723387 495917 364498 471297 601648 725116 21729 368904 125036 708684 650074 681002 649104 180116 107718 128768 604547 618707 795665 365470 471729 405230 769735 495117 200049 199479 295517 834405 86703 999999999 821253 282794 311618 357702 490784 333513 585830 464405 206732 394997 230261 394599 344493 287926 187807 208971 310935 260461 313316 496581 252294 579638 384393 217581 470563 683912 122940 639929 190914 404489 392081 221983 391809 122504 397142 424599 615608 1026990 209400 218750 424338 630003 839897 243184 364880 573968 547584 572040 203220 426907 751986 459412 624102 342738 548908 350653 520317 69079 641292
281809 578580 769344 172098 885585 869862 805333 800108 534539 728275 774909 708660 871178 828233 407226 557855 197840 810492 769952 699606 230220 184192 402429 172613 927436 727158 694375 230359 720103 43375 556496 605438 694968 601028 640206 629367 697482 662513 41452 894769 821253 999999999 768888 524134 698134 377624 1153461 371065 377669 888721 892164 591055 430130 715420 802189 913938 994818 646835 644777 807406 777646 595575 508516 863683 989911 356695 735818 943984 776213 675180 435775 435080 860505 446842 871673 672666 891484 757749 214261 960301 913571 872068 491200 18699 1058949 923489 321163 801197 353184 620572 432068 451324 449740 526436 845245 287480 637851 381715 861767 565780
502594 601439 924713 693473 336062 221215 567527 233904 829441 353515 261737 910845 221327 622211 362366 371196 616248 261406 86153 239158 590169 637115 775623 605270 461021 215474 286317 539058 821809 732666 511005 237137 140622 527716 243208 235086 127559 106718 794677 276498 282794 768888 999999999 395715 99606 548953 488502 437241 395210 488296 151522 291229 421444 568223 545043 199004 298024 122078 138557 569917 214289 215713 369695 128264 488090 484221 411106 339710 855820 163523 460616 360959 498691 335501 405298 144054 170295 829446 946345 243296 177166 161308 421000 786904 393907 161022 624586 264900 438564 309827 497786 550791 558207 403035 606482 559416 540489 592720 350357 794856
257596 219747 549423 541415 369210 385604 321795 304276 433728 204559 269308 525734 596952 363084 270844 503137 468401 306176 452268 206959 461667 345068 389249 357051 403637 241149 183641 330317 450484 504415 128901 419216 426131 660608 460712 165124 272897 313931 532140 394337 311618 524134 395715 999999999 392725 180076 643605 389448 226508 369270 547236 107390 97608 259646 310214 452003 509831 312292 264303 324357 543800 184051 457599 523356 465825 167451 655806 433131 494077 237164 93178 151290 345466 178578 347623 404130 564470 467333 736092 491219 466296 552712 494554 542395 554802 548980 263456 592203 363421 111583 117129 584957 165257 506645 367707 241257 193968 214087 341554 400529
446015 609837 938878 609152 418179 312733 615404 308697 819620 401703 327542 918136 206519 669340 292403 271606 533937 335988 72805 283928 506054 582039 751293 541804 537791 270262 328567 471747 837706 659777 517867 137686 47534 429667 145204 252472 167206 81419 726914 366349 357702 698134 99606 392725 999999999 522283 587633 350030 336425 556419 194213 299845 394731 601194 594158 298246 397295 80434 133864 617942 155779 210360 271314 165744 571354 446795 326210 430680 876664 194323 440249 320498 561289 289032 478222 44624 196896 849911 865551 342883 276675 179307 322251 715599 492378 227899 591045 207148 355490 329905 479314 452018 545158 303536 657515 515770 561541 568344 426760 791446
177929 213304 491868 441234 545678 565190 427720 484293 311446 375532 449224 449160 728162 452133 296420 549233 382961 486060 590329 386038 388714 193795 229017 233862 563932 419700 363514 244397 410360 368295 178883 505644 545055 681668 549424 335173 436205 452702 376578 574245 490784 377624 548953 180076 522283 999999999 820942 382415 232825 518414 698135 280275 128208 338868 424760 629306 689800 445361 410709 429802 658960 334153 495551 672026 627700 90556 725274 611214 464259 402834 91381 205878 487582 241169 513895 520926 710671 440176 591625 669818 641208 696151 517134 394496 733791 708267 83381 701829 350932 291508 64057 571967 77552 539888 468017 97774 260850 46999 515706 300683
872199 732289 957640 1125770 275345 294692 528107 354143 984032 447518 378996 977959 623222 563945 785882 858812 1046269 343038 557853 453910 1026823 983572 996244 980971 304217 427689 462152 933058 865013 1126597 678452 723851 628620 1015871 731632 525714 482693 559946 1167525 259775 333513 1153461 488502 643605 587633 820942 999999999 890651 788878 372484 503626 562714 728105 603655 509546 289498 190537 578501 546994 528612 673495 568364 852065 512963 254630 804076 883868 210747 868866 492869 736764 720794 411388 715943 325337 632250 534970 849486 1356865 246898 314976 547621 903936 1172139 98406 447971 903488 713983 882205 536666 756886 1032779 782212 889134 532646 882313 640257 847167 307235 928688
213269 571833 874099 259607 655959 596056 709418 548512 683173 545335 540105 831115 503392 752390 122037 195819 187103 568346 417213 463997 157261 317664 572403 252585 740700 478341 482799 182111 789463 328931 498257 238123 336178 300451 270077 389964 407960 339571 406396 636689 585830 371065 437241 389448 350030 382415 890651 999999999 165468 727353 538263 383898 309758 648112 695914 615677 709515 321217 343870 712030 408011 333700 141940 510222 793887 294190 380909 697234 841589 400771 355062 238298 713095 215986 677127 316460 532746 816386 517814 663400 604824 512466 142428 386481 792252 577389 406610 430140 31706 426602 384740 196742 448292 172601 755669 312192 577525 423729 645360 681020
109591 408249 718556 339649 532990 498430 548156 435467 543379 400113 417265 679750 531218 589357 63818 316444 261081 450202 409151 339386 246972 245613 447156 210260 601284 361914 346761 147968 630106 344749 332860 283956 345537 454842 327038 264783 320486 288537 400781 529204 464405 377669 395210 226508 336425 232825 788878 165468 999999999 579680 528744 241469 144444 483505 535910 537377 621416 274357 267232 550733 449751 221694 263083 500553 658711 142380 493512 583988 680920 300394 191148 79010 561479 72979 539354 321286 533315 655276 570294 584197 536006 515584 288058 396110 692030 553667 278054 486999 137631 280881 223440 362209 290164 308433 594159 189610 412183 278211 515931 533084
626735 378252 586428 909238 174063 297677 155629 254701 620994 182082 229068 605475 702630 194853 605823 780277 834421 227497 574107 282759 824721 705809 651783 725267 68562 287624 249806 698844 492595 871804 347624 657806 603689 949163 686398 346241 390782 486391 892570 251473 206732 888721 488296 369270 556419 518414 372484 727353 579680 999999999 599942 343457 466822 236293 137470 374881 351302 499229 442855 156171 700879 407067 750216 590525 124109 534468 881037 223847 498414 371191 453192 500769 39372 514125 87186 592733 630167 478097 1102311 379110 410449 630622 797664 906566 323339 566032 593512 752324 707198 300998 458501 910657 460252 797607 165127 601501 287463 531271 144774 563316
638111 751353 1072161 797792 431856 305560 698748 350539 980962 489354 386831 1060271 119871 753227 486570 420765 724385 375819 122300 381407 695422 774008 925747 735668 560293 353129 428020 665917 968965 853523 661495 306129 202309 549243 289451 385828 277243 247014 921123 358805 394997 892164 151522 547236 194213 698135 503626 538263 528744 599942 999999999 442450 570112 709433 675624 243267 325276 257475 287695 700978 182861 366518 438450 28482 573306 629798 390515 412586 1000979 313554 610818 504505 616976 476001 513197 221986 32525 974861 1055886 268417 206949 44600 484703 909550 423186 57397 772041 214406 546633 459142 648402 610055 709518 458055 734378 702633 687233 742527 455638 946117
310829 312262 639790 579587 295982 288332 343931 211554 539486 161503 183866 621843 499258 393858 262443 456034 501850 219696 353460 110300 488435 422079 496134 418844 360313 141696 105981 375825 538144 565493 220805 351732 338224 621864 389548 57797 166295 218698 604864 305543 230261 591055 291229 107390 299845 280275 562714 383898 241469 343457 442450 999999999 167997 309143 326434 349171 414294 220829 166677 346596 454710 91229 418320 419420 417247 243780 589126 352929 576855 130235 189069 164933 330172 172142 297987 318361 461109 550092 797034 390485 361185 450430 462382 609710 469392 442171 362639 505019 364069 43419 220447 569458 272636 467230 389704 323492 262391 318304 275847 503670
159989 265299 583351 444155 456728 456092 413594 379335 429736 298760 349466 549557 600969 451173 200213 449122 371983 385971 462261 278203 366719 255479 356968 260869 499798 309524 266195 232911 491131 408571 188511 387982 419151 596326 431521 217248 312092 324494 440682 472856 394599 430130 421444 97608 394731 128208 728105 309758 144444 466822 570112 167997 999999999 342423 403781 513804 582157 317292 282982 416079 534420 207908 398711 543900 561368 76062 616266 517488 540332 280309 51049 87147 442981 122994 442368 395263 582466 514300 640631 556605 522470 567962 428988 448585 636175 581359 203810 578823 281130 191739 89383 506462 158903 446232 458763 155501 269063 173696 431835 409279
490337 151568 376246 772346 357957 449204 96538 373752 384768 222417 331743 382503 788368 113366 530453 757447 706290 355805 644335 329270 705069 532387 424436 569585 301612 356305 282160 564233 274786 707161 162826 660414 643016 918337 698671 349110 443499 520180 711153 423799 344493 715420 568223 259646 601194 338868 603655 648112 483505 236293 709433 309143 342423 999999999 103789 531678 543493 525561 467976 97933 756921 399509 714453 691837 360401 387757 898104 424754 296175 410294 306644 410642 197177 438000 282386 624709 734395 271390 928619 553044 560504 728344 753223 731813 541793 691919 398749 808320 621119 272735 293167 844209 265864 763697 130554 434559 78237 335794 320044 327066
560294 253826 452379 845274 283665 391731 23428 326751 486858 192906 288808 468711 766085 77609 574694 782362 775199 303863 626923 310668 770488 618053 527724 648498 205340 329831 265625 634423 356388 790599 246022 672940 639163 948218 707561 351714 428504 516054 800906 356705 287926 802189 545043 310214 594158 424760 509546 695914 535910 137470 675624 326434 403781 103789 999999999 473972 470032 524867 466072 25461 747410 409518 744428 661432 260621 460346 907150 345433 365838 399885 377060 458528 98241 480386 199244 623751 703248 344171 1016326 488073 506329 700022 787394 819200 455367 650547 491564 799426 671486 284147 371814 888617 356808 793460 63971 516584 169865 428232 247001 428217
634339 613005 907517 862589 200937 82734 497335 161410 863335 313577 204185 908031 359808 549442 521583 569684 783419 176035 271130 245817 760690 759973 839013 742948 326052 211182 279695 685305 805112 882076 533978 434967 339227 726504 442152 296564 216946 277392 934086 123657 187807 913938 199004 452003 298246 629306 289498 615677 537377 374881 243267 349171 513804 531678 473972 999999999 99050 296039 275279 499171 392768 319003 565004 243334 331987 587495 600547 170259 827503 239474 538220 481207 398836 467098 288285 342843 275688 803014 1106215 47770 37131 282540 616750 932523 195730 198413 711810 437591 611286 341897 568395 746197 613861 600636 525761 667428 531979 665960 231935 817864
