NAME : synthetic_000366
TYPE : CTSP-D
DIMENSION : 100
GROUPS : 8
RELAXATION_LEVEL : 1
EDGE_WEIGHT_TYPE : EXPLICIT
EDGE_WEIGHT_FORMAT : FULL_MATRIX
EDGE_WEIGHT_SECTION
999999999 635465 274405 470163 229488 637372 255174 679617 501859 516444 271985 484416 433417 679741 493114 561798 485007 513718 662450 626385 431426 116322 350899 448887 126919 479083 609238 337663 654849 543976 310743 250521 363659 568689 655036 318471 520488 710632 328263 419256 252979 243509 694612 245530 346702 711728 443401 536891 545385 685198 343012 432635 177174 222875 753160 578691 447779 470557 274719 169037 29001 332817 503460 316497 214514 586672 397440 493966 477689 614577 495518 582873 442144 148000 587317 127639 763924 414282 561495 494946 307131 389080 346467 239698 402849 276987 571819 196218 372884 529417 352380 455514 291786 123139 296822 467476 420791 223012 518814 211938
635465 999999999 671163 957438 496648 304813 460532 265222 337018 956157 668309 657981 481393 84300 471241 639494 437491 293001 488942 172501 738524 521786 314091 399696 760359 156631 179659 660336 148148 150463 924157 798840 724470 438678 210391 382323 428405 667334 846584 220032 795279 639007 229575 412626 792496 695416 1041036 1053631 996061 167665 966245 646633 593301 441660 283025 576677 195809 979812 897940 545353 609703 304434 708012 870880 847636 1151680 905134 721207 356948 785344 441806 1116633 673075 522864 104586 720907 289996 536691 208534 950524 365524 764463 315988 443498 295623 454922 191275 831453 828762 678001 333903 919733 895069 707861 415421 169679 643831 776963 1045910 828400
274405 671163 999999999 728773 182573 542209 465313 603317 672730 297288 544358 743247 266316 682905 324237 810312 335083 437164 863322 589744 703589 267323 486550 328104 288982 528228 570885 71496 627968 638219 509928 509484 91115 767446 601339 289120 371615 947340 184363 462708 513794 513553 634935 412752 619242 953911 643229 781322 335110 651567 382691 178056 440211 256689 678490 812190 479722 722401 463705 164786 286542 429095 768306 564420 388344 801569 235322 761118 374562 880761 342000 816588 179177 210501 665389 200046 688225 653137 517404 285970 310854 663441 359398 241620 377432 487498 533960 341601 643240 787785 337411 251679 507587 189817 488361 532896 682052 483550 760143 428157
470163 957438 728773 999999999 693061 1062837 501123 1089864 672158 890615 289849 394064 898989 1026734 956649 483454 944262 941494 706415 1014576 265378 552577 647052 901992 447503 822705 1000961 797884 1031676 819386 276349 220569 809734 650983 1052274 756854 977503 626924 699459 784829 217390 321689 1091959 565412 164974 605705 236524 100325 905323 1063658 530556 898716 383942 662560 1155922 553895 815142 39476 315237 637423 472318 681706 360886 167752 374223 228991 752690 338124 921699 406613 955184 167316 905373 607653 871527 532943 1166544 460106 963752 863333 732947 207786 755647 686734 820701 503582 968343 422493 128675 415782 775890 827946 253317 540911 543033 798277 360657 247640 102189 313247
229488 496648 182573 693061 999999999 422026 317368 472668 497993 479394 452664 616036 205931 517679 264344 670003 255540 301853 694210 438059 603583 146219 309367 221432 319382 348676 419486 199392 472917 455764 534033 476738 257097 599247 458203 118086 291236 794795 350124 282620 478240 417296 495666 250919 554347 805239 668969 764726 517550 499964 491703 252976 339009 78143 548333 660184 302016 696688 493743 65161 221614 247820 649052 545059 424400 815566 410504 646285 255100 760979 266031 812104 272131 85523 484041 250426 558826 510185 367116 468542 131446 579189 180962 59192 212213 337464 381252 390375 585127 658606 165338 433986 518763 236074 328904 351459 560361 449117 747331 437216
637372 304813 542209 1062837 422026 999999999 579350 69053 577490 777891 783021 853853 282855 248660 239250 863740 215260 123872 763462 132743 898734 526972 455020 214294 740410 301036 125757 501147 165520 407551 948062 863972 559499 693936 103194 318906 185304 928025 725750 301171 863279 747636 113934 504580 904724 951748 1080357 1147714 817640 165538 907544 443260 679224 415151 138373 816376 276485 1075211 910577 486835 620956 395592 900341 936834 844070 1217979 768224 907501 170050 996872 212173 1202673 467754 491342 385725 671755 147375 726927 120097 780467 334338 902103 307198 397909 242407 585968 128478 812038 940067 884933 289483 758422 928410 657383 551764 331453 820146 837501 1133978 849306
255174 460532 465313 501123 317368 579350 999999999 597200 249358 747498 211602 303518 490651 526448 534878 352636 511744 465386 409992 516269 321080 198664 146840 460735 373142 321582 503749 506368 531304 333825 480700 341579 554149 315032 555683 313286 537073 482352 571992 286872 337295 179747 594773 78731 336780 490315 586846 595064 780588 563249 590480 570344 136909 247062 659406 347135 316558 521066 463230 302886 226762 185170 341800 412091 430339 691270 641485 343232 464331 450809 522675 657001 589161 256178 384297 380096 669849 192821 471042 729455 278807 323663 281852 274684 345954 22719 473327 431492 373160 344249 311762 690635 447734 372896 49229 297495 254281 321941 586272 392957
679617 265222 603317 1089864 472668 69053 597200 999999999 565744 845223 805460 858010 348358 197373 307325 860182 281998 170998 742374 98293 912195 566293 463765 275652 787852 296291 101627 565366 117540 386367 989970 897480 624800 679282 55441 363015 253495 913106 787481 311421 896221 770890 47215 525932 929043 938514 1120412 1177614 885078 107424 962386 510996 706121 456817 75928 807801 283209 1104399 954158 536485 661224 412047 905839 970860 889841 1253758 831966 914615 228780 997891 279625 1234500 535743 536418 356928 723084 86251 731078 126379 847225 372829 920822 338833 442487 277484 601314 124596 860136 964905 886415 327451 824412 968475 708737 565026 326708 828917 871623 1165022 890893
501859 337018 672730 672158 497993 577490 249358 565744 999999999 967353 402074 327202 609631 420331 633658 302515 602468 498442 203235 468396 425068 424059 189168 550061 622282 277127 464339 697347 463551 187483 716034 564064 754232 118255 512433 435901 614374 350977 805286 297714 558086 384232 543838 266840 513529 374260 807662 772216 1003179 491255 839805 735001 374611 419929 605556 242843 311798 701275 704212 509301 472978 258545 377337 627038 677420 887938 873781 392905 530892 448612 611650 838596 758255 466301 233444 623131 614207 216780 457485 952444 399484 466294 369783 441097 410361 229696 449835 680618 547416 342851 406179 914916 680637 614470 205052 247295 325199 549834 769659 635086
516444 956157 297288 890615 479394 777891 747498 845223 967353 999999999 780947 1000660 498509 957521 538948 1077593 563254 694787 1153522 853144 937375 550089 782872 577749 459774 820116 834752 295821 893370 934015 623814 692893 231687 1057539 855857 579245 592868 1223323 196048 755636 699585 756566 883992 703515 823790 1226332 732197 914196 40227 912673 390926 334907 693619 553939 915841 1089428 770152 872388 579510 458145 538517 726383 1017613 724705 516404 889645 138032 1006520 626428 1127070 565750 929918 311328 501318 958984 395384 924273 926269 782588 28326 604753 884184 651959 538570 660628 770172 800575 468681 838461 1045649 626370 63495 639277 395677 776352 827045 936760 672729 889856 579511
271985 668309 544358 289849 452664 783021 211602 805460 402074 780947 999999999 230927 652450 736907 705065 321776 687440 664586 489215 727020 159470 306617 357204 640444 331011 533073 714010 603668 742819 533106 330574 170363 634624 411705 765715 491098 717499 480276 586943 497211 163122 36331 805100 279552 125193 473391 407082 385330 806741 774777 517760 690638 113861 403881 869492 363069 527255 311572 331524 410593 257836 394418 238555 226189 332534 489776 653533 225913 653149 346216 698548 448814 703634 370188 585013 385605 880019 215559 679081 757593 462316 126756 477809 430806 543324 213800 682516 357726 161588 274243 502250 718419 292992 386140 253292 508444 167236 164383 378207 271844
484416 657981 743247 394064 616036 853853 303518 858010 327202 1000660 230927 999999999 794069 738794 837084 96160 812691 750523 313245 765963 129453 481322 399333 760786 559990 562359 757706 794090 769707 507786 543110 385165 834306 269442 809127 615576 836028 254348 809731 552744 376992 247268 844884 380373 271409 243951 588275 491732 1028699 799862 747841 867706 307444 549459 909179 159943 577804 430346 552663 590745 463905 465087 50199 419189 561878 622813 877728 66954 759616 147654 823479 558490 884754 545054 557273 606882 918759 127050 736975 978645 580091 196897 576333 577311 636867 287345 734485 588599 293101 45002 609204 939236 505405 605358 311750 532381 64545 387100 496248 498727
433417 481393 266316 898989 205931 282855 490651 348358 609631 498509 652450 794069 999999999 467520 61609 834908 69227 198840 812865 357034 797685 349374 429293 82582 508197 375529 339119 218872 397724 504142 729904 682316 276663 723851 357433 181117 105303 941556 446606 324272 683968 616442 385733 414028 758610 957080 865711 969977 538594 415186 644868 168788 538699 249944 421152 811369 324686 902406 687186 264529 427296 355276 831983 749847 614450 1016243 485999 832056 129841 941457 75684 1016139 194990 291368 512230 427105 430229 677622 288767 499369 218313 779177 239978 222324 207467 506982 307303 574622 790051 834046 203495 476057 717953 413281 487157 394085 743773 654686 952186 635779
679741 84300 682905 1026734 517679 248660 526448 197373 420331 957521 736907 738794 467520 999999999 446874 722833 414598 269672 572289 119872 815195 563914 379823 385027 801707 207581 134064 663314 83144 233023 977330 859365 726990 522971 146562 399869 398767 751396 863464 260979 856341 706120 155844 471315 861850 779614 1098347 1121475 997715 91579 1000697 636061 655259 472669 202832 660728 231975 1047488 948416 572375 655606 357398 788658 932251 893943 1214937 918227 801217 338150 868088 416909 1183356 662383 555979 188814 754531 208934 616041 179331 954358 390503 837874 342622 469649 306842 523159 160644 873899 898238 760040 352372 925900 949988 740920 483739 229094 722131 836322 1112644 879958
493114 471241 324237 956649 264344 239250 534878 307325 633658 538948 705065 837084 61609 446874 999999999 873029 34115 178918 836208 330863 847106 405171 460289 83714 569744 383172 314186 271749 371595 512396 791222 741065 325513 750027 324329 221628 53960 972869 501620 339773 742502 668864 348295 456912 813837 990007 927000 1029064 578590 385149 704730 204104 591718 301191 376915 845055 334628 960932 748641 324631 485943 386293 876653 809262 676007 1077056 537326 877840 115365 984730 29966 1075986 228506 349257 514240 488689 385326 717788 268155 542275 257082 831551 268995 274376 223638 549829 286809 636230 845872 875898 233034 521717 778917 474878 527068 405295 789059 713448 1011578 696784
561798 639494 810312 483454 670003 863740 352636 860182 302515 1077593 321776 96160 834908 722833 873029 999999999 846238 769155 234801 764700 222599 544039 418488 793403 646174 564671 758646 856492 763324 489885 638952 480421 900778 215320 808612 654004 866276 159100 889634 566330 472293 333707 842024 423454 367335 152205 683639 579019 1107144 791945 839521 922978 385282 598563 904947 78837 588119 520798 647610 652196 539076 489994 122816 515346 654200 712402 958396 145546 786503 148804 856676 645073 941709 605644 535600 687122 913949 159820 744394 1056601 617186 291962 605999 625761 662145 332860 739523 678847 388025 68059 640886 1017178 601198 684409 347961 534079 155217 481320 585287 592197
485007 437491 335083 944262 255540 215260 511744 281998 602468 563254 687440 812691 69227 414598 34115 846238 999999999 145724 804668 299673 826696 391723 431504 53101 567951 349564 282627 287875 340490 478716 787420 730630 344723 719257 295376 199044 37482 943432 515824 307386 731705 651141 321237 433318 798598 961100 922911 1018904 603146 355247 711908 229610 574712 284274 353616 816533 301378 949861 745754 318269 475948 357814 853132 799937 674165 1070932 554890 854975 81263 960326 11109 1067307 254886 338830 480176 489433 362467 692122 235499 565327 232975 813516 240668 258468 192109 525883 254189 636004 831256 850855 205362 543191 773579 475375 501698 372065 766009 703076 1002005 691707
513718 293001 437164 941494 301853 123872 465386 170998 498442 694787 664586 750523 198840 269672 178918 769155 145724 999999999 695059 158519 786352 403108 352205 117235 618464 226341 140386 405610 199052 351051 824452 740694 467604 616687 164317 195281 135853 848073 621484 203810 740133 628829 198112 388596 784900 869161 956548 1025237 734993 218059 791472 367620 558641 291314 246853 728709 186646 953022 787299 365986 497102 286016 795317 813410 721451 1094229 669354 800821 69001 896035 149185 1079621 393777 368237 344601 552272 257244 624688 90355 693889 210763 785709 186815 274534 121301 474084 109030 690464 819908 784286 166256 668093 804587 537915 442234 253668 712380 714110 1011165 725625
662450 488942 863322 706415 694210 763462 409992 742374 203235 1153522 489215 313245 812865 572289 836208 234801 804668 695059 999999999 644129 441038 603802 389278 752526 772017 469520 643456 893254 631353 356605 819776 659466 947899 95999 687289 638493 815269 184621 981798 498249 652069 485619 713819 450754 570621 216365 886621 804746 1187824 655063 983744 936045 505946 616172 771057 156721 509482 741840 818406 698573 634846 460757 353162 709053 807416 934495 1051219 375096 731620 372184 813654 871610 958814 653522 387504 789067 778466 273957 645145 1136742 601799 503287 573006 638987 612641 387417 635027 820650 597793 300666 609412 1098323 782207 782426 377265 441419 349552 652724 808551 754276
626385 172501 589744 1014576 438059 132743 516269 98293 468396 853144 727020 765963 357034 119872 330863 764700 299673 158519 644129 999999999 825797 510527 377089 275754 741785 203826 18866 562530 40833 288080 933493 830328 625125 581294 44046 321298 281083 814987 773254 229851 828395 693455 79393 449227 851730 840575 1060607 1105047 893360 62143 929124 525673 632916 407273 144283 710849 199780 1031317 900429 498277 605295 332901 814393 903911 840054 1187796 823900 824065 227368 904036 300982 1163894 551707 490188 259403 684857 154397 639428 72355 851875 321780 838491 279918 398089 227927 518194 56818 814537 887931 792971 278203 825451 909463 670743 480580 233592 739637 805389 1093758 834592
431426 738524 703589 265378 603583 898734 321080 912195 425068 937375 159470 129453 797685 815195 847106 222599 826696 786352 441038 825797 999999999 459211 448920 777280 481872 623442 815158 762040 835255 591739 428122 277226 793986 388655 867296 627823 854268 375550 742306 600938 268954 190508 905157 398916 149435 359827 461863 364027 961948 866580 650090 846744 267104 547755 970072 289323 629023 301138 443665 566000 417055 503144 105304 299190 464286 493737 807673 84605 784180 195203 837765 431060 860634 523737 643314 542729 980182 208305 787186 913423 595652 71388 602646 575481 667006 312825 787608 497695 166097 157508 631455 874467 391216 544041 347470 595249 100475 285412 367526 397707
116322 521786 267323 552577 146219 526972 198664 566293 424059 550089 306617 481322 349374 563914 405171 544039 391723 403108 603802 510527 459211 999999999 253164 349946 238661 365160 493541 313118 538613 438999 424037 341384 357100 507900 539958 209482 424996 680090 381268 303979 341787 271470 579698 157235 409239 686631 554211 629164 584045 569050 447476 388973 193215 112704 639080 544988 332073 559036 389933 109454 95086 222644 510681 412752 330817 691490 449964 506170 373098 623284 402669 680294 404560 64730 479485 207878 649866 386057 446498 532951 193563 433032 230703 134711 288855 221122 456332 310286 440811 525168 238944 494530 402231 196866 226554 355459 422588 314143 613321 324936
350899 314091 486550 647052 309367 455020 146840 463765 189168 782872 357204 399333 429293 379823 460289 418488 431504 352205 389278 377089 448920 253164 999999999 378404 477468 176914 366240 508544 388609 196134 616611 485378 566174 296819 418381 250779 449170 512862 628956 153958 481602 326332 456383 106871 482283 529726 729009 741676 819554 420352 693699 546790 279629 231539 521302 385039 180682 667699 594293 325344 322431 74166 445371 557030 551792 837613 696079 452563 368364 544008 441561 803815 569702 285018 243703 460379 531479 272840 339854 769223 213600 462625 191317 252031 243934 143772 339204 543876 518686 432169 227531 732459 585681 449816 104750 151289 365706 464188 733083 523877
448887 399696 328104 901992 221432 214294 460735 275652 550061 577749 640444 760786 82582 385027 83714 793403 53101 117235 752526 275754 777280 349946 378404 999999999 539489 301418 257589 290754 316264 430718 755451 690827 351741 666613 278984 149726 77141 890386 512009 256217 691498 604114 309663 382125 753654 908004 890270 978933 617940 334924 695612 251063 528490 239657 350491 763434 252048 908982 715089 286132 437601 304733 801670 761241 645133 1035549 556596 803892 48725 908378 63295 1028937 277361 301138 435085 465026 360161 639686 206567 577272 182060 766010 187640 215338 139926 474369 225022 609326 786874 798638 152542 552198 739708 450739 449469 322586 714854 663412 962706 658407
126919 760359 288982 447503 319382 740410 373142 787852 622282 459774 331011 559990 508197 801707 569744 646174 567951 618464 772017 741785 481872 238661 477468 539489 999999999 603755 724068 360242 772295 670892 224072 235971 364134 680574 767667 424990 604999 801270 263739 542502 242039 313011 806603 371540 364104 798292 359561 493373 481783 801894 217945 465679 268200 334517 862731 674084 570249 437269 179638 254223 155058 459027 569440 280249 106283 515048 326698 555890 574480 675104 577636 527610 468155 252125 714137 88945 873395 511067 674396 434541 420035 425389 463246 345728 514899 393749 686097 72752 380119 604160 464195 396322 218780 100056 417826 593243 495499 213954 471737 139403
479083 156631 528228 822705 348676 301036 321582 296291 277127 820116 533073 562359 375529 207581 383172 564671 349564 226341 469520 203826 623442 365160 176914 301418 603755 999999999 195412 526118 212046 129307 771245 651805 589699 394548 246778 240873 353291 628090 698230 66179 648823 501197 283061 263767 658264 651152 891049 916203 859442 243644 810033 529240 448017 288080 347748 515411 51630 842198 743621 392847 453594 150391 610641 724746 691818 1007653 759169 620239 270678 701602 356989 977356 555157 367781 140177 565108 357613 435686 180952 812129 217653 639435 168834 292762 169584 320446 174931 674947 694660 590163 194283 779404 743244 552228 281641 30603 536017 628745 906713 674546
609238 179659 570885 1000961 419486 125757 503749 101627 464339 834752 714010 757706 339119 134064 314186 758646 282627 140386 643456 18866 815158 493541 366240 257589 724068 195412 999999999 543861 58678 286876 916852 815113 606526 578420 52154 302913 265093 812440 754388 216910 813291 680185 91090 435555 838511 837522 1044411 1090898 874972 80964 910689 507842 618680 389558 155669 706229 187283 1017249 883474 479910 588416 319616 805841 888695 822692 1172510 805070 815088 209341 896836 284253 1149389 533930 472313 261272 666595 166100 630931 53490 833353 304034 826566 262843 379980 209787 506310 38286 796813 874648 785503 260203 806814 893117 652463 469078 225647 730077 790015 1079357 817891
337663 660336 71496 797884 199392 501147 506368 565366 697347 295821 603668 794090 218872 663314 271749 856492 287875 405610 893254 562530 762040 313118 508544 290754 360242 526118 543861 999999999 602116 643621 581423 577979 64134 798049 569297 285720 322586 988143 230322 462629 582014 571534 600410 446473 684180 996683 714637 852002 335757 623304 446458 106822 496112 277525 639150 853002 475592 792362 535184 204300 346659 444799 821818 634400 459826 873059 267161 815916 339125 934507 293230 887839 108078 250871 665764 271300 648427 697611 490919 291137 314050 725153 359370 256729 364836 527818 508464 412955 709336 838125 331870 263042 578938 260747 523959 534810 734409 551686 830995 499258
654849 148148 627968 1031676 472917 165520 531304 117540 463551 893370 742819 769707 397724 83144 371595 763324 340490 199052 631353 40833 835255 538613 388609 316264 772295 212046 58678 602116 999999999 278666 959885 852250 664922 573373 64127 355353 321554 805780 811056 248175 849987 710026 82527 467593 867909 832411 1085423 1123585 933592 31985 962858 566408 652285 438246 142014 706370 217587 1049680 927937 531931 632842 350922 818751 925760 869098 1209654 862531 829427 267984 905056 341734 1183424 592464 521632 243962 717808 150711 644045 111205 891853 353133 851230 309126 430696 261267 531572 94042 845016 904241 794800 310723 865123 934879 703797 493140 240041 746576 827824 1113033 861263
543976 150463 638219 819386 455764 407551 333825 386367 187483 934015 533106 507786 504142 233023 512396 489885 478716 351051 356605 288080 591739 438999 196134 430718 670892 129307 286876 643621 278666 999999999 811535 675353 706191 294707 331630 358644 481334 527471 799060 183457 670946 506536 360310 302781 655169 553795 920649 917252 972662 305146 885256 654584 470474 386001 420422 429197 179468 843962 790168 490143 516028 218480 557875 745316 747749 1021547 863093 571421 399348 635128 485987 981613 680178 457380 52176 646418 428699 387632 290769 924086 329808 621587 284665 397088 297125 323945 279451 738614 691049 527544 315264 889750 779842 634781 285555 111009 495545 655671 911137 719700
310743 924157 509928 276349 534033 948062 480700 989970 716034 623814 330574 543110 729904 977330 791222 638952 787420 824452 819776 933493 428122 424037 616611 755451 224072 771245 916852 581423 959885 811535 999999999 160721 578138 740532 963861 629187 824001 797421 439911 717024 168430 337014 1003662 512518 279369 785171 135853 290511 635221 990876 254209 687747 344767 533518 1063073 689857 746905 252095 46946 469691 328955 620893 532299 132361 121778 291679 486106 512586 786877 616688 797442 312451 688590 457366 860238 311598 1073855 545961 870464 595923 617170 357431 654320 550217 712740 494869 879963 170359 272604 580615 662531 562552 37885 323674 529928 754566 485696 168067 266387 99106
250521 798840 509484 220569 476738 863972 341579 897480 564064 692893 170363 385165 682316 859365 741065 480421 730630 740694 659466 830328 277226 341384 485378 690827 235971 651805 815113 577979 852250 675353 160721 999999999 592314 581641 864836 550001 764959 639361 497582 604456 8285 180384 904901 388050 136620 628578 245892 288281 712291 884006 374207 678234 205760 453707 967208 529424 635020 220204 167725 418944 255125 503093 378534 73584 190519 357494 557078 360211 714322 471066 741397 339216 685209 392009 725862 316888 977977 385922 773227 666811 529982 209773 558864 475995 622132 352177 780140 230113 145841 424331 574528 629432 122931 323630 389886 631459 326148 27630 271948 122595
363659 724470 91115 809734 257097 559499 554149 624800 754232 231687 634624 834306 276663 726990 325513 900778 344723 467604 947899 625125 793986 357100 566174 351741 364134 589699 606526 64134 664922 706191 578138 592314 999999999 852287 630704 349024 377960 1036481 187120 525881 597095 604190 660988 498549 706297 1043631 708041 857218 271632 685577 417572 135646 531217 334636 697814 901271 539333 801139 531272 251653 376985 504457 859404 643571 456655 868143 212525 852137 400367 971841 349117 888786 123725 298178 729152 276888 706869 743155 553784 227373 376393 752625 422417 315659 428960 576121 571473 407806 729106 878815 395548 200507 579844 268924 575161 597863 773164 567102 835233 503136
568689 438678 767446 650983 599247 693936 315032 679282 118255 1057539 411705 269442 723851 522971 750027 215320 719257 616687 95999 581294 388655 507900 296819 666613 680574 394548 578420 798049 573373 294707 740532 581641 852287 999999999 625178 547291 731986 234188 886395 415714 574617 403806 654881 354802 504707 259302 815862 750893 1091889 599596 894140 842826 416821 521328 715087 142214 430047 684246 736043 602678 540805 369573 316224 636012 720685 875944 955761 335894 648621 363834 728605 818047 865256 557557 334211 694791 723278 197843 574168 1040814 510269 443800 483948 544586 527283 292583 565815 731504 534774 270593 520477 1002430 703409 687853 281347 365013 290403 572553 752180 670160
655036 210391 601339 1052274 458203 103194 555683 55441 512433 855857 765715 809127 357433 146562 324329 808612 295376 164317 687289 44046 867296 539958 418381 278984 767667 246778 52154 569297 64127 331630 963861 864836 630704 625178 999999999 343783 272074 858776 785595 268812 863163 731757 40073 486952 890091 884473 1092394 1141775 895975 63171 949884 524482 669568 433705 103778 754896 239333 1068206 929656 520238 635016 371298 857405 938396 867607 1222054 833639 866831 230338 947652 295053 1199911 550046 515547 301520 707342 114319 682458 93547 856044 348356 878631 309597 422263 252880 558401 84698 840328 926187 836484 303618 831179 940826 693100 521217 276794 782011 839517 1129994 864795
318471 382323 289120 756854 118086 318906 313286 363015 435901 579245 491098 615576 181117 399869 221628 654004 199044 195281 638493 321298 627823 209482 250779 149726 424990 240873 302913 285720 355353 358644 629187 550001 349024 547291 343783 999999999 226863 761353 465138 176909 550002 454772 382202 235299 605735 776347 761534 836829 618601 382927 607842 301687 379765 96831 437745 630526 191164 765713 592098 176998 302431 177809 655034 621916 526890 900882 522829 656381 164885 763203 210075 889190 326170 173434 380129 363841 448415 497306 251348 571491 37415 616415 73983 79503 94226 328258 264628 497428 639465 654716 48438 539260 609635 349662 306591 249172 567526 522980 821664 530401
520488 428405 371615 977503 291236 185304 537073 253495 614374 592868 717499 836028 105303 398767 53960 866276 37482 135853 815269 281083 854268 424996 449170 77141 604999 353291 265093 322586 321554 481334 824001 764959 377960 731986 272074 226863 999999999 958798 551471 317042 765867 681170 294913 458379 830232 977475 959390 1053224 632531 333601 749208 258055 605384 315881 322977 833769 307518 983776 782549 354536 510710 376409 877463 834713 711175 1106802 589124 880044 83663 983505 29623 1102251 282451 373670 478718 526809 331426 713979 221841 596026 258768 843129 260566 290869 205983 550253 240243 673255 863264 873329 226840 575084 809765 512734 524369 377795 790970 737453 1036593 727997
710632 667334 947340 626924 794795 928025 482352 913106 350977 1223323 480276 254348 941556 751396 972869 159100 943432 848073 184621 814987 375550 680090 512862 890386 801270 628090 812440 988143 805780 527471 797421 639361 1036481 234188 858776 761353 958798 999999999 1038826 645275 631213 490411 887716 543906 523387 33830 837185 718031 1254290 831130 997751 1045929 536480 719505 946997 135218 661648 665520 806661 785194 686319 587022 270795 672434 812809 854070 1108070 292845 876151 235222 953235 782223 1066443 738506 563878 837464 954895 297087 808166 1203408 723939 446488 704087 745355 752897 460526 799975 836448 541584 218321 740379 1164093 759738 833762 465927 598260 314257 640418 727054 751184
328263 846584 184363 699459 350124 725750 571992 787481 805286 196048 586943 809731 446606 863464 501620 889634 515824 621484 981798 773254 742306 381268 628956 512009 263739 698230 754388 230322 811056 799060 439911 497582 187120 886395 785595 465138 551471 1038826 999999999 632058 504137 563897 819297 538447 627802 1039933 558505 729655 219807 835211 238412 322555 504380 413397 862499 906426 652127 683412 393957 308923 352727 582493 824613 532387 326198 718824 69587 812821 558793 933138 521919 751104 310401 344554 831251 202865 872160 742177 700900 171217 481556 688305 531085 405572 556734 594657 717175 277136 642900 854616 513483 132637 451249 205267 606055 699114 745453 476971 705904 386647
419256 220032 462708 784829 282620 301171 286872 311421 297714 755636 497211 552744 324272 260979 339773 566330 307386 203810 498249 229851 600938 303979 153958 256217 542502 66179 216910 462629 248175 183457 717024 604456 525881 415714 268812 176909 317042 645275 632058 999999999 602057 463606 307974 219732 621880 665770 839871 875855 794803 280079 746390 471207 404178 222336 372544 524904 30594 802023 687533 326888 394754 103137 599176 677898 633171 961715 693123 606521 233421 696382 315999 935359 496749 302878 203361 500894 383005 425898 186336 747172 151887 610013 103684 226585 117238 290032 186974 614265 658081 584423 132030 714113 690423 487830 253619 72702 519555 580332 865027 619300
252979 795279 513794 217390 478240 863279 337295 896221 558086 699585 163122 376992 683968 856341 742502 472293 731705 740133 652069 828395 268954 341787 481602 691498 242039 648823 813291 582014 849987 670946 168430 8285 597095 574617 863163 550002 765867 631213 504137 602057 999999999 174103 903220 385061 128773 620363 250975 287435 719217 881777 382352 681830 202002 453890 965682 521556 632635 218449 175970 420999 256674 500431 370253 75938 198441 359670 563960 351926 714489 462841 742502 339511 689081 393306 721585 322130 976444 378648 771747 673581 529501 201588 557768 476475 621267 347485 778478 237607 138923 416095 573911 636110 130591 328614 385409 628205 318100 30363 271672 130580
243509 639007 513553 321689 417296 747636 179747 770890 384232 756566 36331 247268 616442 706120 668864 333707 651141 628829 485619 693455 190508 271470 326332 604114 313011 501197 680185 571534 710026 506536 337014 180384 604190 403806 731757 454772 681170 490411 563897 463606 174103 999999999 771262 245018 158334 485912 423568 415355 783427 742004 508407 656967 78289 367673 835514 367936 493802 341370 332875 376496 227270 360598 261049 243370 325635 515011 631359 250630 616912 371309 662249 477681 670442 335386 558151 361436 846076 212246 644530 733804 426072 162756 442021 394660 507541 184145 648288 346259 194479 291759 466160 694487 300216 360945 223606 477232 182723 168949 406947 269090
694612 229575 634935 1091959 495666 113934 594773 47215 543838 883992 805100 844884 385733 155844 348295 842024 321237 198112 713819 79393 905157 579698 456383 309663 806603 283061 91090 600410 82527 360310 1003662 904901 660988 654881 40073 382202 294913 887716 819297 307974 903220 771262 999999999 526576 929592 914080 1132356 1181653 923994 64277 987139 550839 709433 472960 64920 786645 278240 1108055 969281 558211 674772 410704 893440 978463 906912 1262126 865938 903266 261497 982282 319796 1239884 575990 554486 326480 745322 75159 718480 133201 885093 387733 917410 349482 460997 292116 597115 124769 879217 965721 871433 342832 861205 980753 731048 559680 312645 818983 879590 1169940 904583
245530 412626 412752 565412 250919 504580 78731 525932 266840 703515 279552 380373 414028 471315 456912 423454 433318 388596 450754 449227 398916 157235 106871 382125 371540 263767 435555 446473 467593 302781 512518 388050 498549 354802 486952 235299 458379 543906 538447 219732 385061 245018 526576 999999999 403296 554831 628535 656128 738506 499553 588532 502452 184906 176127 590668 409452 250210 582292 488691 247967 216778 116682 419864 460989 444985 744105 606999 421767 385741 527960 444219 715856 522613 202775 349391 359817 601259 264514 399557 687558 200344 397606 203741 202777 268368 93036 403305 437236 439307 420020 233099 649592 482679 350207 77986 243882 332741 365198 645442 418441
346702 792496 619242 164974 554347 904724 336780 929043 513529 823790 125193 271409 758610 861850 813837 367335 798598 784900 570621 851730 149435 409239 482283 753654 364104 658264 838511 684180 867909 655169 279369 136620 706297 504707 890091 605735 830232 523387 627802 621880 128773 158334 929592 403296 999999999 508820 317702 262101 844829 899874 509970 778699 226667 514445 993848 426993 652028 189149 297802 504750 341312 518911 254509 149762 327132 374707 689478 234035 769654 338148 809657 327016 788785 469285 707260 437663 1004410 308165 802709 798309 579208 78222 598201 540182 663644 338695 806594 365992 36405 305116 620727 760310 242940 442079 378117 633554 221889 152125 257052 259170
711728 695416 953911 605705 805239 951748 490315 938514 374260 1226332 473391 243951 957080 779614 990007 152205 961100 869161 216365 840575 359827 686631 529726 908004 798292 651152 837522 996683 832411 553795 785171 628578 1043631 259302 884473 776347 977475 33830 1039933 665770 620363 485912 914080 554831 508820 999999999 820023 695111 1256589 858235 991093 1057284 536052 730895 973939 145985 683162 644612 796245 793004 688208 603732 254525 658428 805431 831663 1108925 275837 895260 207891 971055 758611 1077285 746278 591540 837810 981991 301095 831727 1205865 738974 431164 721015 757181 771494 468977 824034 830823 525181 204561 757109 1166479 747679 834673 477071 621073 306257 631037 704960 742643
443401 1041036 643229 236524 668969 1080357 586846 1120412 807662 732197 407082 588275 865711 1098347 927000 683639 922911 956548 886621 1060607 461863 554211 729009 890270 359561 891049 1044411 714637 1085423 920649 135853 245892 708041 815862 1092394 761534 959390 837185 558505 839871 250975 423568 1132356 628535 317702 820023 999999999 202944 738705 1116768 344319 821270 450245 665240 1192727 744695 870151 199708 180216 604912 459562 740949 566403 180912 255334 160730 596961 544516 920806 631660 932985 200319 821149 590982 970837 446348 1203523 618034 999326 703908 747774 391682 782954 683063 842928 597978 1008056 301733 295792 619371 793154 673479 151999 458741 635434 872365 539340 265041 178250 231946
536891 1053631 781322 100325 764726 1147714 595064 1177614 772216 914196 385330 491732 969977 1121475 1029064 579019 1018904 1025237 804746 1105047 364027 629164 741676 978933 493373 916203 1090898 852002 1123585 917252 290511 288281 857218 750893 1141775 836829 1053224 718031 729655 875855 287435 415355 1181653 656128 262101 695111 202944 999999999 924787 1155562 536092 955739 472224 741042 1245135 651113 906337 74008 335785 705903 543197 772792 456203 220642 405240 137224 776585 433488 1001530 491353 1029664 67154 960076 680213 969329 581795 1255823 560431 1052001 886243 815155 308070 840897 763870 905314 598890 1057429 455060 226443 511025 859039 853057 279543 591518 638412 892557 460494 315828 25084 354101
545385 996061 335110 905323 517550 817640 780588 885078 1003179 40227 806741 1028699 538594 997715 578590 1107144 603146 734993 1187824 893360 961948 584045 819554 617940 481783 859442 874972 335757 933592 972662 635221 712291 271632 1091889 895975 618601 632531 1254290 219807 794803 719217 783427 923994 738506 844829 1256589 738705 924787 999999999 952863 394984 374495 722360 591473 955505 1120836 809611 885626 591987 494399 568382 764031 1044283 740723 531831 894374 155354 1032606 666613 1152943 605540 937736 350648 536893 998116 422037 963888 957214 822815 51134 643693 907114 691119 576676 700490 803295 840802 485296 858114 1073640 665865 90216 652729 423371 810559 866046 964558 693105 900210 596483
685198 167665 651567 1063658 499964 165538 563249 107424 491255 912673 774777 799862 415186 91579 385149 791945 355247 218059 655063 62143 866580 569050 420352 334924 801894 243644 80964 623304 31985 305146 990876 884006 685577 599596 63171 382927 333601 831130 835211 280079 881777 742004 64277 499553 899874 858235 1116768 1155562 952863 999999999 990755 583277 684221 467548 116016 733888 249499 1081660 958626 559826 663471 382878 849041 957529 899285 1241437 885475 859954 286256 934385 355580 1215372 609094 550749 267720 746167 123769 674480 134371 911946 382208 882975 339044 459179 289214 563422 118878 874638 936209 824420 339179 886028 966091 732093 524934 271334 777472 859519 1144990 892173
343012 966245 382691 530556 491703 907544 590480 962386 839805 390926 517760 747841 644868 1000697 704730 839521 711908 791472 983744 929124 650090 447476 693699 695612 217945 810033 910689 446458 962858 885256 254209 374207 417572 894140 949884 607842 749208 997751 238412 746390 382352 508407 987139 588532 509970 991093 344319 536092 394984 990755 999999999 548859 477813 528029 1038293 876150 772361 505347 218542 430953 371770 670116 748248 377843 186359 499438 260357 731380 737550 844817 719888 544182 540723 444854 926834 246175 1048628 716619 858662 362619 611126 583907 658169 532521 701647 610702 872407 163279 512465 789949 652248 335185 280484 259799 635647 802296 684840 364772 511136 252404
432635 646633 178056 898716 252976 443260 570344 510996 735001 334907 690638 867706 168788 636061 204104 922978 229610 367620 936045 525673 846744 388973 546790 251063 465679 529240 507842 106822 566408 654584 687747 678234 135646 842826 524482 301687 258055 1045929 322555 471207 681830 656967 550839 502452 778699 1057284 821270 955739 374495 583277 548859 999999999 579646 326462 581018 911823 477611 894721 641642 280780 437817 476659 899065 736988 566280 979424 345524 895050 298625 1011471 231380 992941 26452 324282 668810 376863 589394 763159 457524 339010 336570 814764 373741 300677 360063 590356 476034 519656 805506 910709 340305 320646 684456 365771 580275 543596 810631 651471 935119 604182
177174 593301 440211 383942 339009 679224 136909 706121 374611 693619 113861 307444 538699 655259 591718 385282 574712 558641 505946 632916 267104 193215 279629 528490 268200 448017 618680 496112 652285 470474 344767 205760 531217 416821 669568 379765 605384 536480 504380 404178 202002 78289 709433 184906 226667 536052 450245 472224 722360 684221 477813 579646 999999999 290672 772989 406909 434738 398644 329927 298932 156669 301418 328661 277596 305063 559679 573115 320920 543194 440809 585811 531186 593616 257273 520594 301856 783664 243137 580178 672024 352598 240609 372196 317351 437502 150110 585285 314834 261325 352439 394090 632592 311190 299219 185922 426652 244207 185215 460906 260502
222875 441660 256689 662560 78143 415151 247062 456817 419929 553939 403881 549459 249944 472669 301191 598563 284274 291314 616172 407273 547755 112704 231539 239657 334517 288080 389558 277525 438246 386001 533518 453707 334636 521328 433705 96831 315881 719505 413397 222336 453890 367673 472960 176127 514445 730895 665240 741042 591473 467548 528029 326462 290672 999999999 530644 585367 246044 670365 497343 105140 205820 172589 585100 525358 433954 804052 477094 584032 260616 695921 295356 792794 347049 83594 418057 281863 541389 438967 340247 541801 85529 530368 130303 27980 180849 265836 351627 407266 547384 590967 130130 506189 513273 268269 253835 286390 496484 426577 725548 434552
753160 283025 678490 1155922 548333 138373 659406 75928 605556 915841 869492 909179 421152 202832 376915 904947 353616 246853 771057 144283 970072 639080 521302 350491 862731 347748 155669 639150 142014 420422 1063073 967208 697814 715087 103778 437745 322977 946997 862499 372544 965682 835514 64920 590668 993848 973939 1192727 1245135 955505 116016 1038293 581018 772989 530644 999999999 848381 342948 1171630 1027852 611967 734138 475075 957854 1040722 964231 1324145 906086 967843 304162 1045946 350340 1302973 605225 610980 383735 798712 10798 782916 194021 918700 446048 982204 409953 517108 350370 661925 187707 935125 1029932 935305 400781 896793 1040918 784373 624555 377177 883743 941678 1233163 963968
578691 576677 812190 553895 660184 816376 347135 807801 242843 1089428 363069 159943 811369 660728 845055 78837 816533 728709 156721 710849 289323 544988 385039 763434 674084 515411 706229 853002 706370 429197 689857 529424 901271 142214 754896 630526 833769 135218 906426 524904 521556 367936 786645 409452 426993 145985 744695 651113 1120836 733888 876150 911823 406909 585367 848381 999999999 543982 590286 694200 649977 553699 458807 196899 571386 693381 782721 975835 219106 752083 223755 826600 717675 932060 603288 472137 706028 856996 164452 696337 1069868 593174 355221 576103 611500 627933 325317 689927 713500 451160 143954 612040 1030619 651974 701776 331554 484935 205931 526866 656060 634653
