NAME : synthetic_000862
TYPE : CTSP-D
DIMENSION : 100
GROUPS : 8
RELAXATION_LEVEL : 1
EDGE_WEIGHT_TYPE : EXPLICIT
EDGE_WEIGHT_FORMAT : FULL_MATRIX
EDGE_WEIGHT_SECTION
999999999 531176 829436 361510 411791 939880 549626 882915 946660 560567 651446 753196 284421 938881 959717 891346 958559 438968 842330 449206 848435 961902 1013421 388052 472136 669335 581313 463071 1051038 423237 1214804 670417 725834 195153 480359 860093 695883 860801 510735 430343 807551 432829 379451 709950 837522 648615 59173 897332 951670 897766 690669 249797 296648 909074 952073 415092 859461 380613 1013940 477561 509020 739104 730751 1124644 493866 449445 693976 633193 568588 708715 828837 904977 761533 1211626 927266 260938 612396 911197 368601 441395 267480 287391 841482 796630 940616 1007997 696501 947563 789789 692082 941247 1113591 914435 344400 796880 399103 655742 616337 655317 514952
531176 999999999 339838 331997 413501 415821 154147 446908 582267 128395 158138 349471 292393 467812 736662 367128 507073 412678 648331 88096 329361 796648 531082 224691 116912 167012 184139 506643 583745 140770 703603 283456 281611 340245 190416 509851 173077 477066 103229 322366 359624 98845 300073 548858 438885 118012 589720 629202 582783 370558 411585 490594 326275 548583 513737 536689 337932 169113 528619 422560 150277 270009 203385 597848 242105 357246 290058 402234 481463 186990 570158 419575 351634 729477 552346 513094 388112 725237 291322 211407 266689 328242 327704 272073 563284 507457 210406 416553 673897 264240 453089 646804 462212 339603 278979 198038 572789 294373 356299 280731
829436 339838 999999999 671024 748299 164081 280995 146326 723716 269103 185532 529709 627640 130358 950789 305287 568064 744139 891132 424941 97571 1033255 531152 448249 358368 173136 253415 838098 597389 407511 593555 510620 122065 655306 515926 682288 179755 628980 320455 654399 483570 427407 638430 822948 588585 245181 888375 833977 719930 286923 661653 828209 665006 701878 591506 873802 111522 505641 523286 748159 468753 413911 259074 440044 365141 686142 498959 679034 791128 287313 792391 453263 154473 685221 691333 851136 671629 960694 630512 398754 565819 666344 74690 129513 697150 473139 371453 234837 946778 157373 467348 646549 139333 679222 306271 537689 870248 278565 612951 592441
361510 331997 671024 999999999 95469 725983 448126 776519 587008 436723 489918 410091 112668 799683 609967 615729 619011 109862 495184 252806 648870 627818 686792 375478 363622 498841 485524 191038 714677 329881 904294 331789 608844 211558 171557 500509 497069 506022 387327 68980 476247 259840 34112 364135 487050 433191 404309 538600 592405 628887 329419 187227 70426 549623 607866 206442 654588 181616 689173 141463 218026 426854 478275 843121 473041 91686 357894 271866 233925 448225 469750 586421 673138 878145 569177 204541 250986 568979 40740 412114 251538 79953 651297 588095 582578 694919 402639 704127 464651 586386 622240 774927 793736 17679 518967 134423 333426 577043 297010 162045
411791 413501 748299 95469 999999999 789550 538667 860347 564586 525237 571353 420377 203414 878130 547949 661333 625752 27899 430546 340182 717882 553824 702681 470937 455853 578386 575724 96457 722269 424017 926773 351595 693986 292489 234091 480032 570831 496624 477447 95146 494801 350081 118377 298160 485037 505607 445252 490522 571097 676865 306036 187367 154204 528527 610164 127610 722148 274236 706351 66138 282272 461362 537684 881068 567969 73304 378378 241643 157460 506180 423249 610493 760676 885558 551449 194675 223312 500197 131688 507314 344056 162213 722458 656519 564717 719623 448781 759360 384989 673401 644992 779440 875261 100449 566898 221373 250889 670088 288844 183679
939880 415821 164081 725983 789550 999999999 410131 275401 639814 389349 293061 484963 706349 204210 889551 199586 463843 779760 848426 503580 93801 981449 406771 576195 471859 273329 391124 870687 471997 519249 434396 492414 280939 753899 557338 615971 244586 558006 433269 694570 420005 513687 691958 803147 521076 299378 998996 773296 634392 176451 637643 899917 735247 624981 491746 917154 80944 583637 397692 775622 509343 376331 252696 277679 509313 720469 473546 669912 800217 284795 743288 353888 317915 537156 608792 921356 667513 910812 687493 531974 672401 738560 107716 143981 611872 342280 356199 87038 920805 313645 356972 513028 245724 737396 251242 600705 865524 437372 597341 615240
549626 154147 280995 448126 538667 410131 999999999 343796 724853 32238 121036 493726 376781 390427 890172 435277 627975 542925 802468 200173 316363 950783 634471 167998 88110 142211 37667 634709 693590 134159 775061 433980 178488 383457 335138 656774 190112 619482 61364 454743 490718 188623 420519 701469 579761 185950 608346 781602 724529 430518 565663 576346 422196 692812 639562 653895 330004 266936 630134 558684 300700 399989 284092 646355 112226 492058 437696 555523 626078 284345 723589 527432 229577 825260 693864 600132 540779 879382 408375 121848 290300 421000 304242 277812 703979 598086 338786 442078 825988 147698 556840 754453 370182 451233 368084 317486 720587 140783 510396 428792
882915 446908 146326 776519 860347 275401 343796 999999999 869997 345201 289863 674160 717469 91162 1095763 446577 712167 859383 1033332 524051 238463 1176695 670169 495023 431211 285871 307702 953438 736405 477941 707569 650515 168480 726482 633815 828219 310702 775205 398091 769032 629757 520467 745684 959929 734736 372799 940342 979119 866165 426702 801126 918341 760175 848189 736353 982502 249930 600876 661842 867552 588775 558485 402550 548121 391485 803195 640567 814168 918259 429155 936112 597509 122043 812264 837627 941968 805239 1103992 735810 441544 632295 760000 216860 275787 843377 609375 513290 359229 1084729 196126 609717 782506 42951 782426 452597 642154 1001918 275122 750790 717068
946660 582267 723716 587008 564586 639814 724853 869997 999999999 693522 651983 232812 668571 828483 268698 440257 189355 537713 282264 598992 635183 372270 280576 793619 697829 639713 743751 576265 248215 708848 482189 306462 763246 772321 488875 86572 590362 105429 684304 518158 244412 624853 567209 334284 145340 552825 991259 169127 9154 463364 259638 751199 650015 37699 157762 648054 626582 617026 290070 503963 483355 329872 479497 531273 823897 506018 293921 322999 444652 461658 188886 286798 838055 379453 32519 759242 341969 313037 578333 791496 759538 659304 655053 594551 28173 341508 389108 559857 392134 769923 291635 276949 856905 604565 417639 570554 429259 852747 291441 432656
560567 128395 269103 436723 525237 389349 32238 345201 693522 999999999 96718 462822 372273 384763 861971 405348 595738 527994 775892 185069 295639 924185 602675 186899 89573 117370 55746 620705 661581 138617 745723 404547 177065 387858 314556 626150 161772 588200 53231 438821 458707 177278 407785 677228 548340 153926 619587 752625 693103 401292 538518 573184 415564 661714 607347 643104 308626 257370 598420 541910 277610 368029 252485 619195 143398 475521 407490 530620 606246 252203 695374 495385 236551 794024 662430 596786 516475 852512 396438 145593 296976 415094 285208 253367 672455 566939 306869 416857 802191 150604 524960 722554 368419 441011 336487 303966 699371 166691 483356 407143
651446 158138 185532 489918 571353 293061 121036 289863 651983 96718 999999999 429421 442198 310858 844577 319697 533664 569725 768604 240408 199555 915626 528884 283528 179937 21204 113650 663834 590723 228365 657020 385708 129582 472055 344027 592819 73664 548395 141174 479381 409413 241925 458177 682588 507373 100687 710607 731047 650385 312958 531229 642975 480326 623165 549070 694826 212201 320594 523657 577725 299491 322155 181806 525667 230071 513345 382259 535162 630584 191961 679388 426520 204941 714197 619903 666005 524115 842976 449201 241613 385044 481390 190453 157020 628647 487203 264350 321096 808266 122718 452861 649614 304079 497074 263148 355671 717273 206676 477842 428889
753196 349471 529709 410091 420377 484963 493726 674160 232812 462822 429421 999999999 468902 648093 421806 300069 208921 398398 365144 369758 453377 504085 282390 562556 465078 419646 514418 467620 304787 477340 508083 83311 548651 567085 275594 163986 374877 127834 451695 346599 80887 395600 382800 323812 91798 328799 803228 305606 233518 321959 161728 592862 461975 199387 199170 532662 448723 397328 286327 375450 259741 115799 271741 482687 591241 349357 63570 212240 358432 247136 263167 198050 625154 468422 203261 606392 219389 431822 390043 558892 540718 470346 469578 401911 214639 304724 165849 421604 436873 550668 229601 364857 668289 427463 235023 359014 398427 624760 140664 248324
284421 292393 627640 112668 203414 706349 376781 717469 668571 372273 442198 468902 999999999 751902 716024 625654 674232 221479 603023 204462 621567 738462 731051 275949 288788 455088 414316 294001 767086 246871 937666 386023 549183 105624 196524 582369 465401 578911 319556 169221 523751 200283 111642 473445 554134 406982 336022 638056 673009 635154 418873 201304 51697 630873 667676 291402 629709 123280 731985 254122 229152 458601 472746 858505 381207 200801 409571 368036 346356 446456 569222 624079 606280 928310 647392 224719 346950 678031 96682 318686 140739 46900 620065 563398 660636 729164 420818 698033 576901 522340 660415 829453 739601 103306 528881 118159 446076 493883 377867 236336
938881 467812 130358 799683 878130 204210 390427 91162 828483 384763 310858 648093 751902 999999999 1066132 392980 660755 874295 1012240 551257 195436 1152062 609605 551924 474032 300846 357596 968298 675258 522651 627361 635525 213061 772444 646144 794490 310047 738933 437739 784447 594984 551828 767383 949145 699612 375523 997228 949096 823875 371239 786367 953074 791057 809779 687017 1003260 202357 631181 600731 878512 599061 532866 382009 466750 455835 816398 622184 806538 920929 411968 911227 547634 194516 738867 796570 976264 799819 1079904 759060 499616 680398 791946 178531 247379 801095 545976 495273 291091 1072108 247387 555314 717218 49602 807401 416862 665846 998872 347816 739064 722673
959717 736662 950789 609967 547949 889551 890172 1095763 268698 861971 844577 421806 716024 1066132 999999999 691733 457117 520768 117904 722554 870698 105462 549273 914710 840933 837000 916732 513390 513657 837159 743301 459775 967932 820131 585631 273582 795090 331850 838548 546900 471778 746462 604390 249823 368595 744380 991973 117037 276842 715077 327040 725105 680347 270678 425458 580100 864480 710352 558766 482185 602059 537302 693527 799967 972489 518281 462440 355895 392128 668611 166600 544918 1044738 624956 293413 724622 375859 69997 619451 927334 838527 689909 888270 822132 295542 609623 585851 814693 207149 967152 555374 532402 1088725 624919 649330 651862 318716 1028389 382026 499092
891346 367128 305287 615729 661333 199586 435277 446577 440257 405348 319697 300069 625654 392980 691733 999999999 267790 646294 656565 442770 208616 785583 226392 577778 463307 299484 433289 730828 292465 501564 341120 327096 382920 696684 445092 418451 246468 359883 430112 570129 227326 461389 582198 623733 324256 260163 948690 576103 434903 23350 459902 800766 642237 425637 294231 786309 196647 512267 218916 634412 401733 206635 163893 233511 547256 588556 303720 501686 641814 182734 549977 155154 446292 396733 409206 819645 503309 715881 581941 547069 632142 647748 231009 189557 412345 172692 213538 123732 736005 403734 163279 344084 426589 630112 97239 509128 694813 517865 427355 478272
958559 507073 568064 619011 625752 463843 627975 712167 189355 595738 533664 208921 674232 660755 457117 267790 999999999 602422 454075 550281 473752 559296 96380 731194 622852 517475 638751 664138 96521 646021 319578 289278 627745 769219 478382 206187 463724 153882 600280 555219 153552 575154 591515 469520 145855 443232 1009808 350653 181938 289633 337197 801302 669979 188876 31663 732228 462942 592083 104810 576276 454713 237849 351930 344126 736403 556204 264803 399814 543755 344683 349043 114803 698219 260060 163895 814342 412374 496482 598386 716722 733529 678169 495355 443132 161802 152524 296677 380120 554987 641168 107193 156016 693916 636375 274150 560807 559233 740299 338161 457206
438968 412678 744139 109862 27899 779760 542925 859383 537713 527994 569725 398398 221479 874295 520768 646294 602422 999999999 403529 343182 710281 528390 680780 483335 461892 575780 579604 94145 698893 432389 905781 332035 694093 314600 228276 453464 565623 471261 481567 90352 474036 354951 126457 271083 460725 500129 472956 462632 544313 662440 279716 214947 174287 501820 586166 140014 713978 281713 684683 38595 275923 444317 527275 863561 577453 59295 358723 214984 131528 495456 395352 590433 762199 861936 525028 221612 197093 473790 141313 517632 361269 182853 715699 648860 538263 699418 434861 746872 360767 674735 624561 755494 872996 118353 552844 225752 227323 676501 264693 168100
842330 648331 891132 495184 430546 848426 802468 1033332 282264 775892 768604 365144 603023 1012240 117904 656565 454075 403529 999999999 625083 818139 148316 550276 813340 746751 763320 831400 396081 527740 738776 762909 384354 895460 706217 484953 249676 725932 307598 747948 433858 429555 647933 491489 132457 335928 670330 874160 117136 291405 679506 238046 607216 565606 268168 423690 463595 813787 605635 558878 364990 506720 479480 632074 796132 878043 403640 392774 252539 274315 604304 107655 521937 972197 660622 296338 606881 270964 77951 506866 829717 729097 575105 833760 765179 303442 603266 520096 780187 113850 891129 539597 559201 1030363 509681 599979 545773 203273 942494 292782 394496
449206 88096 424941 252806 340182 503580 200173 524051 598992 185069 240408 369758 204462 551257 722554 442770 550281 343182 625083 999999999 417457 772311 586571 196061 125141 251853 236517 435662 633993 114711 772690 292553 356113 255773 141943 520012 261166 496262 138875 254599 397619 25875 223014 514150 461545 204722 507118 621983 600834 448627 395932 403611 240072 563140 552333 459188 425979 81253 585308 358533 121136 313984 281551 675718 254081 291893 306503 372951 428118 260046 558354 474898 420784 786606 571309 426362 355771 702978 212223 204905 191217 241473 415621 359997 583292 570594 260811 501265 636270 333765 510104 697580 542516 258376 349821 119068 524634 337046 341726 236302
848435 329361 97571 648870 717882 93801 316363 238463 635183 295639 199555 453377 621567 195436 870698 208616 473752 710281 818139 417457 999999999 957040 433907 482441 378895 180141 297994 802885 500174 426665 501860 445689 197333 664360 483909 599181 156317 543948 340213 622770 399650 425741 615149 759831 504405 216412 907595 753662 630905 189650 595561 817966 653111 615373 498240 845226 15736 498342 425946 709501 435675 338714 193116 352911 416607 651169 430518 620202 742427 224782 716338 359172 247229 588733 603048 839940 615257 885021 609445 438211 581088 655833 22951 61422 608095 375570 305330 143185 881332 227218 371447 548988 221812 659223 221441 520028 814727 350769 550399 549987
961902 796648 1033255 627818 553824 981449 950783 1176695 372270 924185 915626 504085 738462 1152062 105462 785583 559296 528390 148316 772311 957040 999999999 652580 958854 894545 909819 979674 502090 618534 885567 848714 530402 1041803 839279 631515 367902 871145 427116 896165 570621 561585 794823 627935 266029 461333 816791 988614 210923 380650 808843 386055 718333 697708 371154 527709 562331 951785 749841 661953 490838 654583 619706 774388 903008 1025692 537668 537131 399366 396893 747625 240944 642449 1118623 729998 395421 714373 417005 72822 643700 976631 868897 706975 973591 905956 398504 711750 663673 909147 173643 1038269 655055 637864 1172141 641000 736727 689303 306286 1090799 440966 539744
1013421 531082 531152 686792 702681 406771 634471 670169 280576 602675 528884 282390 731051 609605 549273 226392 96380 680780 550276 586571 433907 652580 999999999 755067 642657 510458 639666 747814 66280 671852 228204 355277 606844 820571 534754 302537 455789 249225 615547 626198 210546 610050 657262 563992 236181 448945 1066810 445446 272476 244262 425401 872202 732377 283941 126653 814197 421082 638161 10018 657183 504558 275431 350538 250742 745885 631256 328949 485818 631545 352149 445421 111860 672190 200106 257765 886738 496600 591168 662442 734102 775494 739991 456584 414753 254078 67418 325809 320012 651308 625176 78269 120752 647184 703718 266762 614419 652409 733709 419753 527183
388052 224691 448249 375478 470937 576195 167998 495023 793619 186899 283528 562556 275949 551924 914710 577778 731194 483335 813340 196061 482441 958854 755067 999999999 114557 303922 195610 565705 808396 85653 918520 487613 339024 244022 329154 715663 343958 689975 148766 406802 581925 170635 357497 695824 653994 317632 445871 816667 795136 576990 589518 457646 327382 758165 736758 567350 495516 210823 752306 508949 316552 493537 416061 800087 112536 444942 500004 561000 592145 406043 752043 643846 374021 952568 765298 481428 542384 891241 342180 53658 150045 322776 471404 439467 777005 728512 434767 601750 813486 304616 676905 871388 526423 372122 497248 272236 692415 234957 536104 419128
472136 116912 358368 363622 455853 471859 88110 431211 697829 89573 179937 465078 288788 474032 840933 463307 622852 461892 746751 125141 378895 894545 642657 114557 999999999 198766 125544 552247 697317 49144 803973 395758 264416 298423 266623 623710 233141 592872 38764 375582 476407 107797 337479 638431 555137 203144 531249 736836 698587 462838 513949 488243 334723 663636 630229 568390 390926 182020 639601 480190 240038 386494 301534 686837 131576 413575 404500 495644 552645 292191 675311 531945 317682 839297 668256 512024 479151 824460 324569 94495 207482 333287 370389 331440 679375 614568 326332 491268 761088 235139 564402 759965 456317 365730 383023 236323 649643 214622 458908 361154
669335 167012 173136 498841 578386 273329 142211 285871 639713 117370 21204 419646 455088 300846 837000 299484 517475 575780 763320 251853 180141 909819 510458 303922 198766 999999999 134253 669925 572758 246737 636194 379435 132206 488277 348746 582412 54675 536751 160072 485549 396281 255166 466621 680248 495618 93028 728508 722790 637876 292332 526648 655306 491895 611582 533607 702807 192392 332700 505061 582432 303111 310342 165656 504471 251172 518751 374593 533147 632567 178349 672440 409228 208877 694589 607500 678156 522828 837072 458214 262570 402451 493307 172147 136059 615960 467774 253934 299988 805797 131047 434876 631211 297230 506611 245567 365044 717595 223738 473906 431225
581313 184139 253415 485524 575724 391124 37667 307702 743751 55746 113650 514418 414316 357596 916732 433289 638751 579604 831400 236517 297994 979674 639666 195610 125544 134253 999999999 671655 700364 170584 770406 458477 144639 418844 369278 678172 186922 638668 98298 491083 506089 225836 457683 732956 598416 195726 639744 806807 743020 426560 593880 613644 459852 712636 651970 691405 312385 304473 634805 594759 333109 416000 289699 636805 119146 528198 460445 586366 660760 294075 750162 534918 192237 827081 712346 637452 572201 907922 445678 145341 324985 458627 283851 265395 722041 599904 355326 429581 857884 112106 562808 760206 335325 488771 372979 354422 754451 111667 538771 462305
463071 506643 838098 191038 96457 870687 634709 953438 576265 620705 663834 467620 294001 968298 513390 730828 664138 94145 396081 435662 802885 502090 747814 565705 552247 669925 671655 999999999 759746 520394 975126 409393 787916 373497 322173 496442 659371 523418 573427 184456 546382 446217 214779 269544 519147 593829 486837 475634 583755 747927 329406 216368 242867 542642 644843 71968 806219 370692 752546 96437 369594 526108 617993 942689 664052 152136 435465 264909 132864 585954 413057 664023 855556 920830 568320 212647 251795 457430 228126 603140 434378 249652 808761 741475 581082 772021 521898 834934 328674 768152 696850 813282 967141 193621 639214 317238 196999 766534 328114 255874
1051038 583745 597389 714677 722269 471997 693590 736405 248215 661581 590723 304787 767086 675258 513657 292465 96521 698893 527740 633993 500174 618534 66280 808396 697317 572758 700364 759746 999999999 724204 235297 383881 671846 860238 570707 288094 518108 242612 671780 651342 243516 658211 686744 556814 240656 507657 1103027 417132 239374 310525 431698 897530 764487 259848 115729 828197 487363 680616 74642 672513 544459 320089 410677 295267 804327 652690 358755 495057 637905 409702 426935 166290 737848 163678 231414 910720 508133 561154 693232 789864 820467 772533 522839 480310 224659 130131 374987 385063 633817 689475 137884 63596 713202 731973 327671 652337 648501 796384 434507 553088
423237 140770 407511 329881 424017 519249 134159 477941 708848 138617 228365 477340 246871 522651 837159 501564 646021 432389 738776 114711 426665 885567 671852 85653 49144 246737 170584 520394 724204 999999999 840916 403328 312148 249877 254068 631680 278354 604908 87515 349196 496371 90872 306317 625383 568654 242510 482375 736605 710223 502543 510632 444057 294828 673628 651263 531949 438388 150785 669374 453615 235781 408246 338194 728149 146050 387585 415026 486325 530908 325518 673066 560322 362508 870152 680284 467938 468601 816715 292364 91148 158365 292543 418711 377801 691899 647436 349894 535790 745878 281857 593852 787360 504043 330217 417379 209830 629701 248271 456429 347087
1214804 703603 593555 904294 926773 434396 775061 707569 482189 745723 657020 508083 937666 627361 743301 341120 319578 905781 762909 772690 501860 848714 228204 918520 803973 636194 770406 975126 235297 840916 999999999 576067 697963 1019851 744242 522118 585112 473091 771181 846696 431977 793605 873316 788830 463699 600943 1270325 651313 473194 344543 653579 1091146 944607 495143 345939 1040738 486275 834553 222810 883532 708527 480067 502854 160931 886503 854503 549307 713922 859744 516619 662112 317954 747611 147484 466652 1106857 724388 794081 876961 888152 963883 951583 523746 510815 459564 209504 518341 359195 869027 725026 282451 211936 673889 920707 424698 819569 878804 845773 647037 747865
670417 283456 510620 331789 351595 492414 433980 650515 306462 404547 385708 83311 386023 635525 459775 327096 289278 332035 384354 292553 445689 530402 355277 487613 395758 379435 458477 409393 383881 403328 576067 999999999 511404 483788 192285 228458 341722 204680 386685 271139 144893 318406 303055 314164 172837 286411 720923 348394 308442 346352 151038 516937 380736 270625 281656 470175 443891 315057 357984 314023 178328 120614 253663 533316 524995 278804 26800 177653 314728 223654 293896 258965 588221 546926 279188 531694 176930 457642 309350 488070 458490 388896 458689 388671 291425 368136 140491 440722 436586 508425 293766 445182 649869 348870 243681 275713 373197 570061 105151 172109
725834 281611 122065 608844 693986 280939 178488 168480 763246 177065 129582 548651 549183 213061 967932 382920 627745 694093 895460 356113 197333 1041803 606844 339024 264416 132206 144639 787916 671846 312148 697963 511404 999999999 561851 470954 710009 173985 662094 230171 603851 518836 352023 578418 811797 620884 225133 784167 853141 760798 369207 658852 750211 591695 736813 647067 815085 213069 432437 600135 704030 427610 436608 283797 550233 247068 638854 505850 664476 759390 302964 803918 515021 76863 776975 730802 773788 653623 969031 568188 287081 468767 591545 176888 193582 738485 555588 382899 340369 937430 36135 535789 726279 191923 614402 353987 474642 846750 156977 606033 557642
195153 340245 655306 211558 292489 753899 383457 726482 772321 387858 472055 567085 105624 772444 820131 696684 769219 314600 706217 255773 664360 839279 820571 244022 298423 488277 418844 373497 860238 249877 1019851 483788 561851 999999999 291633 686380 509333 680741 335292 273394 616869 241401 216255 575592 654349 458248 252010 743556 776531 703573 524300 219116 141609 734637 764580 353942 674407 185466 820773 350215 316162 545541 537015 930114 356504 302665 506037 473607 444024 514230 674695 711315 608716 1019555 750400 242214 452513 780432 201831 295500 95220 132451 659408 609964 763567 813466 501663 756491 674682 530836 747507 923224 753638 198409 601888 208522 541858 477984 482413 341085
480359 190416 515926 171557 234091 557338 335138 633815 488875 314556 344027 275594 196524 646144 585631 445092 478382 228276 484953 141943 483909 631515 534754 329154 266623 348746 369278 322173 570707 254068 744242 192285 470954 291633 999999999 404959 337380 392519 275396 139152 327279 163446 137624 372224 363949 271936 532544 489794 492182 457714 261906 355696 200653 451569 473018 361319 488440 129608 535863 233754 48240 264183 307501 674371 395984 170294 214449 232416 291736 277029 423960 428703 541967 731786 464556 374616 214534 562903 136865 345173 270755 207399 488371 422590 477423 535028 233077 532784 494467 454631 465013 633234 645841 185249 348056 83452 385457 474977 210372 94560
860093 509851 682288 500509 480032 615971 656774 828219 86572 626150 592819 163986 582369 794490 273582 418451 206187 453464 249676 520012 599181 367902 302537 715663 623710 582412 678172 496442 288094 631680 522118 228458 710009 686380 404959 999999999 536029 59296 612820 431694 199533 545769 480643 269759 95164 492342 904726 157670 91954 441776 174190 666094 563451 49125 177072 567816 592348 533849 310751 420597 402240 273496 428926 546514 751944 420156 219827 238480 366600 407138 143223 275140 786091 437265 71990 674680 256858 299860 491808 716418 675695 572747 617461 552913 85007 353674 328566 541729 348809 713443 290505 330295 818905 518079 377842 485876 363014 788684 204935 346279
695883 173077 179755 497069 570831 244586 190112 310702 590362 161772 73664 374877 465401 310047 795090 246468 463724 565623 725932 261166 156317 871145 455789 343958 233141 54675 186922 659371 518108 278354 585112 341722 173985 509333 337380 536029 999999999 488494 195836 476346 346166 269660 463786 649257 447283 65592 754936 679834 588187 240617 491479 662613 497866 563281 480479 697221 165352 342138 450414 568710 289778 262676 112669 457601 301407 507267 334092 503521 611764 129105 632012 354815 250296 640536 558000 684812 494909 798322 457053 306795 428475 500312 155206 100796 566049 413544 209362 258181 774176 179935 380230 576541 315024 506518 191095 366026 692500 278317 440412 412693
860801 477066 628980 506022 496624 558006 619482 775205 105429 588200 548395 127834 578911 738933 331850 359883 153882 471261 307598 496262 543948 427116 249225 689975 592872 536751 638668 523418 242612 604908 473091 204680 662094 680741 392519 59296 488494 999999999 578950 438353 145483 522136 482973 315750 41213 448711 907939 216616 105726 383227 194166 679547 565072 74835 127563 593552 536598 518676 256882 441192 382891 226411 379087 489547 718554 431897 189993 259292 397760 359421 200317 215877 737567 399068 75433 689998 274985 359145 492656 686724 661917 574050 562747 499467 87055 297018 284650 482937 403470 667414 232005 291241 764571 523700 323224 475428 406256 747988 210078 346308
510735 103229 320455 387327 477447 433269 61364 398091 684304 53231 141174 451695 319556 437739 838548 430112 600280 481567 747948 138875 340213 896165 615547 148766 38764 160072 98298 573427 671780 87515 771181 386685 230171 335292 275396 612820 195836 578950 999999999 393403 456919 127555 359385 644048 540239 170606 569864 731949 684583 428641 512494 520255 363556 651021 609251 593362 352327 206613 612076 497407 243099 366248 270208 651321 139610 430766 392993 499050 565598 263593 672219 505757 287617 810664 654050 543898 483646 825260 347411 118723 245458 362821 331626 293318 664748 584857 305251 453997 768024 202807 537308 733934 421641 390831 352968 256190 660747 199590 457191 369526
430343 322366 654399 68980 95146 694570 454743 769032 518158 438821 479381 346599 169221 784447 546900 570129 555219 90352 433858 254599 622770 570621 626198 406802 375582 485549 491083 184456 651342 349196 846696 271139 603851 273394 139152 431694 476346 438353 393403 999999999 416019 267947 57632 304926 420667 410987 473251 471726 523618 584924 260451 246311 136173 480816 542826 222700 627003 198889 629070 104663 187250 373899 442975 793152 495147 38420 297740 203548 185922 411626 402808 528904 672309 815003 500627 260567 182559 509148 73152 436954 299168 145805 627484 561397 514031 637954 356800 665620 412896 584810 564245 710797 782739 86439 474747 139686 286656 590029 228753 99038
807551 359624 483570 476247 494801 420005 490718 629757 244412 458707 409413 80887 523751 594984 471778 227326 153552 474036 429555 397619 399650 561585 210546 581925 476407 396281 506089 546382 243516 496371 431977 144893 518836 616869 327279 199533 346166 145483 456919 416019 999999999 422737 446834 400848 105051 311884 859759 354872 242046 250101 241544 661794 522726 219192 155057 610184 392931 438628 213101 453022 301543 90866 235093 401800 595431 422571 118435 293110 439187 217937 323541 117774 593705 404769 211968 676581 299874 490807 452291 570842 579980 530529 417981 354066 219885 225798 152142 350744 509596 525947 150701 306358 619577 493185 178332 408833 478203 612862 221040 316982
432829 98845 427407 259840 350081 513687 188623 520467 624853 177278 241925 395600 200283 551828 746462 461389 575154 354951 647933 25875 425741 794823 610050 170635 107797 255166 225836 446217 658211 90872 793605 318406 352023 241401 163446 545769 269660 522136 127555 267947 422737 999999999 231896 535337 487383 216848 491210 646674 626705 466325 420175 401266 240026 588978 577566 466042 435006 80416 608603 372495 146023 338400 298868 693678 233334 305852 332365 395522 445258 278998 582687 498269 413824 809975 597184 424436 377926 725869 219859 181813 170844 240394 422563 369732 609167 592726 284256 515286 656625 327633 533264 721778 540787 263756 369747 129205 542839 322082 366235 257053
379451 300073 638430 34112 118377 691958 420519 745684 567209 407785 458177 382800 111642 767383 604390 582198 591515 126457 491489 223014 615149 627935 657262 357497 337479 466621 457683 214779 686744 306317 873316 303055 578418 216255 137624 480643 463786 482973 359385 57632 446834 231896 999999999 362409 462192 399685 425066 527749 572248 595173 312363 219539 82823 529629 581407 236836 620758 156025 659398 151927 183926 394899 444167 810143 451077 91482 328788 258355 239860 414143 458840 555655 643796 849955 548091 237592 237253 566744 16044 391175 243035 92187 617784 554304 561463 663842 369325 670057 468825 556754 591617 747528 762192 48053 485336 103955 340573 551772 275921 136795
709950 548858 822948 364135 298160 803147 701469 959929 334284 677228 682588 323812 473445 949145 249823 623733 469520 271083 132457 514150 759831 266029 563992 695824 638431 680248 732956 269544 556814 625383 788830 314164 811797 575592 372224 269759 649257 315750 644048 304926 400848 535337 362409 999999999 329636 588772 742327 207998 342911 645378 165504 476643 434467 307102 443030 339539 757820 485681 571158 232535 401001 426818 567681 795253 768208 273009 330276 147581 142768 537221 151296 509990 887521 706638 335767 477427 160756 204846 378071 716496 602871 443898 772788 702699 346706 606177 454634 744331 125707 803241 535003 599976 961783 378205 552024 424690 95012 842251 210096 278321
837522 438885 588585 487050 485037 521076 579761 734736 145340 548340 507373 91798 554134 699612 368595 324256 145855 460725 335928 461545 504405 461333 236181 653994 555137 495618 598416 519147 240656 568654 463699 172837 620884 654349 363949 95164 447283 41213 540239 420667 105051 487383 462192 329636 999999999 407831 886036 252225 144769 347529 191358 664782 543343 116018 125868 587901 497382 487890 242725 432925 350814 185297 337938 467275 679837 417602 155268 254401 397900 318215 228327 186403 696375 402095 114105 676445 267733 391945 470903 649254 631324 552083 522925 459092 124512 276716 243894 447822 425986 626242 207144 295028 724597 504677 283277 447326 416490 707452 196193 325542
648615 118012 245181 433191 505607 299378 185950 372799 552825 153926 100687 328799 406982 375523 744380 260163 443232 500129 670330 204722 216412 816791 448945 317632 203144 93028 195726 593829 507657 242510 600943 286411 225133 458248 271936 492342 65592 448711 170606 410987 311884 216848 399685 588772 407831 999999999 707301 630546 551501 260150 433873 601828 436967 523376 456249 632218 223402 284303 444850 503128 224238 223078 99923 485750 296948 441713 281946 442138 547088 98669 579568 341482 301880 641663 520924 623674 432635 744045 393467 288767 382813 439907 218107 156786 530006 415115 164169 298959 714137 222828 371114 568673 379261 443142 183520 303616 629173 300980 381461 347437
59173 589720 888375 404309 445252 998996 608346 940342 991259 619587 710607 803228 336022 997228 991973 948690 1009808 472956 874160 507118 907595 988614 1066810 445871 531249 728508 639744 486837 1103027 482375 1270325 720923 784167 252010 532544 904726 754936 907939 569864 473251 859759 491210 425066 742327 886036 707301 999999999 934675 996571 955448 733482 270488 342904 953823 1002365 432607 918600 437091 1067571 511390 563105 793281 788642 1182104 550392 489210 745009 674211 599850 766194 866670 959089 818760 1264326 972922 276893 653698 940845 415364 499020 326597 334024 900654 855696 986309 1062927 752008 1006212 815431 750237 995402 1165264 972279 386814 853832 452517 682534 672345 700604 561631
897332 629202 833977 538600 490522 773296 781602 979119 169127 752625 731047 305606 638056 949096 117037 576103 350653 462632 117136 621983 753662 210923 445446 816667 736836 722790 806807 475634 417132 736605 651313 348394 853141 743556 489794 157670 679834 216616 731949 471726 354872 646674 527749 207998 252225 630546 934675 999999999 178121 599423 227901 675535 607782 161778 319317 546529 747470 617769 454541 424745 500848 420795 577133 694774 867997 448334 348910 270135 344567 552694 68922 431566 929854 544774 187810 678698 291176 145828 541784 825609 751923 617424 771246 705211 192847 502603 470472 699398 230622 853359 444342 444862 971787 554869 532302 561832 297851 918424 280564 409684
951670 582783 719930 592405 571097 634392 724529 866165 9154 693103 650385 233518 673009 823875 276842 434903 181938 544313 291405 600834 630905 380650 272476 795136 698587 637876 743020 583755 239374 710223 473194 308442 760798 776531 492182 91954 588187 105726 684583 523618 242046 626705 572248 342911 144769 551501 996571 178121 999999999 457951 265751 757534 655025 42843 150429 655498 622136 620014 282017 510787 485809 328440 477003 523210 824192 511985 295198 329459 452331 459676 197901 281005 835407 370317 30678 765770 348244 321807 583216 792400 762719 664284 650919 590897 22811 333838 388055 554024 401282 767885 284996 267802 852684 609987 414056 574124 437862 851731 296356 437326
897766 370558 286923 628887 676865 176451 430518 426702 463364 401292 312958 321959 635154 371239 715077 23350 289633 662440 679506 448627 189650 808843 244262 576990 462838 292332 426560 747927 310525 502543 344543 346352 369207 703573 457714 441776 240617 383227 428641 584924 250101 466325 595173 645378 347529 260150 955448 599423 457951 999999999 481175 813065 653333 448936 316519 802413 177013 520009 236363 651490 413419 225738 167482 227388 542023 604356 323511 521852 661013 189558 573021 177781 430575 408178 432382 832294 522974 739077 594383 544483 636692 658591 212325 175683 435422 187444 228173 100682 758289 391476 184205 360278 405708 642947 110210 519435 715528 507668 447586 494340
690669 411585 661653 329419 306036 637643 565663 801126 259638 538518 531229 161728 418873 786367 327040 459902 337197 279716 238046 395932 595561 386055 425401 589518 513949 526648 593880 329406 431698 510632 653579 151038 658852 524300 261906 174190 491479 194166 512494 260451 241544 420175 312363 165504 191358 433873 733482 227901 265751 481175 999999999 491904 394884 222988 316235 399387 593126 390024 431185 247956 275142 261314 404375 642121 645521 246441 165197 65343 206590 374643 162546 355932 735413 591715 245418 500610 82732 314067 324830 600501 525783 404377 609136 539278 258698 458495 291104 579532 285853 653559 384545 484046 800888 346785 386532 334936 236741 705204 55313 184555
249797 490594 828209 187227 187367 899917 576346 918341 751199 573184 642975 592862 201304 953074 725105 800766 801302 214947 607216 403611 817966 718333 872202 457646 488243 655306 613644 216368 897530 444057 1091146 516937 750211 219116 355696 666094 662613 679547 520255 246311 661794 401266 219539 476643 664782 601828 270488 675535 757534 813065 491904 999999999 164865 714837 788208 165367 825227 322606 874893 251543 399786 614073 657779 1029566 568663 247662 543370 428252 333955 628965 609086 773200 805876 1061206 737098 23938 409294 671903 218832 506253 308085 162364 817783 758585 750430 881877 588486 884441 545018 722822 808890 956656 940861 171515 703667 299341 412541 686745 469748 345129
296648 326275 665006 70426 154204 735247 422196 760175 650015 415564 480326 461975 51697 791057 680347 642237 669979 174287 565606 240072 653111 697708 732377 327382 334723 491895 459852 242867 764487 294828 944607 380736 591695 141609 200653 563451 497866 565072 363556 136173 522726 240026 82823 434467 543343 436967 342904 607782 655025 653333 394884 164865 999999999 612425 661061 240099 660368 159964 734011 208975 240716 464582 494999 873409 431672 162081 405748 339585 302564 466965 538875 628209 651105 927138 630742 186951 318544 639299 72470 369313 191510 9643 653062 593732 644105 735239 432576 721555 533319 566124 664433 825916 780806 56826 545007 135318 400979 542759 358677 218782
909074 548583 701878 549623 528527 624981 692812 848189 37699 661714 623165 199387 630873 809779 270678 425637 188876 501820 268168 563140 615373 371154 283941 758165 663636 611582 712636 542642 259848 673628 495143 270625 736813 734637 451569 49125 563281 74835 651021 480816 219192 588978 529629 307102 116018 523376 953823 161778 42843 448936 222988 714837 612425 999999999 157580 614257 607468 579933 292935 468534 446801 301240 453603 532997 790521 469161 259208 286887 411774 434226 167811 275282 812187 400822 29091 723201 305544 307606 540699 757014 722286 621704 634641 572408 39675 340927 359248 547204 374297 742248 284696 295591 836606 567197 395677 533083 401652 822266 253806 394972
952073 513737 591506 607866 610164 491746 639562 736353 157762 607347 549070 199170 667676 687017 425458 294231 31663 586166 423690 552333 498240 527709 126653 736758 630229 533607 651970 644843 115729 651263 345939 281656 647067 764580 473018 177072 480479 127563 609251 542826 155057 577566 581407 443030 125868 456249 1002365 319317 150429 316519 316235 788208 661061 157580 999999999 713749 487910 590207 135465 558740 452246 243748 368007 375545 746633 541804 258570 379973 522258 358310 319303 139437 718619 276228 132290 800522 393582 465137 589009 724497 732634 669474 519509 465226 130154 184172 304159 408843 525715 659146 136506 169330 719183 625369 293107 556083 533819 755328 321475 445821
415092 536689 873802 206442 127610 917154 653895 982502 648054 643104 694826 532662 291402 1003260 580100 786309 732228 140014 463595 459188 845226 562331 814197 567350 568390 702807 691405 71968 828197 531949 1040738 470175 815085 353942 361319 567816 697221 593552 593362 222700 610184 466042 236836 339539 587901 632218 432607 546529 655498 802413 399387 165367 240099 614257 713749 999999999 849627 386965 818609 157235 409550 583986 665205 1002797 671403 198304 496678 334419 204784 633636 484582 727359 879563 989939 639749 155762 320168 521823 246965 609209 426877 244596 849510 783894 652567 835968 574701 886240 388823 792827 760884 882588 998895 202708 692741 340444 261608 780170 394717 308086
