NAME : synthetic_000385
TYPE : CTSP-D
DIMENSION : 100
GROUPS : 8
RELAXATION_LEVEL : 1
EDGE_WEIGHT_TYPE : EXPLICIT
EDGE_WEIGHT_FORMAT : FULL_MATRIX
EDGE_WEIGHT_SECTION
999999999 208282 138835 173579 585092 577375 759654 501570 571276 723303 681815 365492 364313 320828 734189 625203 399050 602527 552528 378345 768277 662839 307422 233983 335404 631971 136735 367210 181063 716466 383603 265407 284605 405268 690394 333206 113046 271780 804868 685569 348093 714829 649815 743224 464947 409742 845507 581644 783400 160572 152639 593927 428038 319253 93271 821914 308119 72501 381584 261280 169543 630975 739064 786618 777313 515969 618981 492111 648154 142231 414059 687807 389733 185086 152081 402909 804403 228741 131364 304329 566049 903811 217217 200197 306154 390236 185797 649222 800924 596736 389857 53271 485829 743256 223834 411662 447869 209628 683117 762905
208282 999999999 290454 38454 391871 618102 833417 709765 476220 614811 774028 276444 556430 192112 737005 565669 587762 417734 377577 586616 756246 603628 321764 97256 182978 664943 176020 475805 149801 659288 490736 171125 492620 613029 615904 451167 159223 73993 687096 682752 545107 558336 702324 689786 598256 354318 881518 549366 795227 269222 114072 508249 291496 527001 288103 812115 232987 176911 566990 309067 215463 494310 684027 816166 751833 721057 659510 347753 517793 129225 391702 685890 286995 25418 277465 262477 649814 139383 338923 119238 416622 745220 112075 292174 499061 233333 167123 547477 817886 625564 495118 156782 607092 699495 406246 599694 241048 187299 496979 785047
138835 290454 999999999 267048 611417 450275 622681 462794 513665 666648 543285 327685 272060 443847 617033 542361 300416 617286 559312 352483 656466 578033 214846 348153 347510 506131 127540 228838 313381 628378 245222 258545 274860 387944 613305 194434 133261 363642 751731 571913 266469 695914 517934 652172 328266 342671 715650 486052 661913 292412 277611 528731 552134 309225 75525 708060 274403 210113 278342 158347 308372 599454 649015 659250 671277 453330 491000 476614 610839 169949 326334 573710 356846 274435 34358 394696 780587 354913 165773 405121 548804 880892 338092 85826 217381 506589 172576 591404 677377 473189 251600 174832 347489 647101 120576 311832 506333 345717 696177 638208
173579 38454 267048 999999999 430244 620758 831302 674969 501603 643274 768089 297545 528138 191473 747388 585755 560472 455617 414411 551329 769360 623945 324134 91246 214236 669402 162703 464212 120290 679623 479620 188556 456911 577006 638880 437462 141118 99461 717257 693793 515400 593467 703457 709665 583150 370879 886646 564542 804323 231990 79992 532324 296489 491028 257309 825120 249673 138550 540466 304659 181009 526474 704144 822173 767266 688606 662543 380120 549132 118479 402859 696793 311040 13039 257854 293127 684918 122406 303116 138153 450251 780954 96052 278996 470356 243575 165680 574502 826174 630463 484411 121020 594435 717785 379438 572618 278533 160073 535043 792236
585092 391871 611417 430244 999999999 695837 924432 1070746 351332 399916 905612 330278 877815 467111 718958 476689 900579 52210 92200 953352 706248 501558 489259 440958 263989 717532 486830 694155 525977 544155 703056 354431 864056 984441 477448 688334 492149 364067 432209 667085 876392 237577 779828 574085 823975 393160 898147 520768 782023 658892 501202 388017 489147 899471 643154 755314 359751 567755 875964 524756 598818 253392 566555 831532 676994 1064616 726344 198797 283280 453962 460012 671091 303842 417219 583134 235401 316146 489302 714807 373146 185931 392976 469074 562305 826650 430841 438843 372478 810008 681245 703742 539890 813311 600877 729895 910334 178243 553484 110869 792612
577375 618102 450275 620758 695837 999999999 230885 743172 375761 465570 216593 395277 507887 809759 184938 287489 498234 666790 606074 687373 238927 297682 296772 711117 516340 56553 470853 250782 718432 315165 238918 459903 654956 726609 351355 285700 499324 681173 539641 160279 532678 617042 87499 319494 284805 312177 269026 206443 216273 737625 674124 353688 908544 679021 524380 279372 405670 638912 476942 322963 738911 511710 321390 209349 273373 681133 42090 497045 498958 506129 248700 159718 410917 619382 427428 484428 663380 740686 606270 728734 528424 746167 715825 377178 500945 846999 455131 414010 228531 37557 232136 592585 245797 294311 461956 498135 707466 757904 717803 188558
759654 833417 622681 831302 924432 230885 999999999 790463 592437 654261 100882 625444 582997 1022566 272348 485587 559292 893291 833783 769907 326485 482760 513333 922536 745139 208690 673146 394935 918404 478487 378753 683454 764818 805992 533412 431087 699926 900178 715676 297954 613865 826577 144732 468970 342945 543030 169782 415422 241072 914824 875859 564818 1124895 780515 689886 328288 632310 827540 545972 526744 927916 726201 473882 175123 375863 711701 198089 725780 709471 713490 479011 294517 641711 831612 608043 715293 860789 947129 757574 947968 752284 933437 923852 565601 598793 1065589 666881 616660 224754 243312 372043 784757 304508 435558 595033 553861 937621 955905 939970 201257
501570 709765 462794 674969 1070746 743172 790463 999999999 951978 1099605 689589 785937 238787 790030 927358 947712 244975 1079280 1021976 124925 982057 977348 646977 723234 808132 794172 584092 508432 646552 1017904 514943 720825 220281 110727 1022787 483325 579274 771962 1185629 901111 220872 1154217 764933 1033968 466113 783323 944530 873648 947566 524303 637848 958661 885772 189190 428845 1020887 735355 548274 266571 591406 589583 1053505 1033120 913074 1013955 89224 770147 938007 1061367 617832 746637 901132 815822 686632 494293 857423 1235918 701559 372713 800117 1009098 1335671 700197 529320 266130 866248 633624 1026069 950710 778940 520583 553980 507974 1018012 352886 245854 947705 653477 1158585 910645
571276 476220 513665 501603 351332 375761 592437 951978 999999999 153393 592352 208765 721688 646019 368305 125621 731105 311186 259635 856502 355408 153888 306174 568988 299065 384006 434944 471381 621855 203399 473047 318236 787109 894347 145531 483433 458564 505542 238066 317706 732990 242975 451283 235025 581994 171343 548651 177361 431080 709996 579656 38562 716768 820535 578292 405783 264764 597716 705466 363354 676019 136001 227930 482917 328965 917584 397864 171543 126196 435820 207848 321729 190825 492652 479317 223851 301720 615002 670072 543663 166765 395661 587855 432153 685994 649999 385934 78314 459177 352485 470510 551661 557564 256540 602710 737061 430413 661553 348667 443623
723303 614811 666648 643274 399916 465570 654261 1099605 153393 999999999 675751 358564 866370 772167 394170 178327 873239 349628 320998 1007117 358733 172020 457007 703439 432618 456227 587388 607809 763272 183123 607267 465720 939465 1045290 121030 624007 610349 634768 86062 357251 879487 198158 525429 204354 707921 323993 571214 261300 449213 858552 722629 140948 831869 972626 731676 395362 415564 746804 847837 514621 821120 148358 197265 512921 316549 1061350 476024 276935 117949 586023 352976 360903 337194 633366 632323 353355 207966 751269 823458 668238 229691 281353 724597 584431 833504 765906 537589 75254 476835 434296 603827 701644 678840 238052 752888 878343 525388 801933 352307 474293
681815 774028 543285 768089 905612 216593 100882 689589 592352 675751 999999999 590905 483722 959396 322949 499610 459157 879286 817476 670264 381856 504498 461244 859067 704682 220066 606733 314617 847412 511170 298225 634720 668150 706019 557590 349037 632029 843608 744990 332895 514907 833384 151831 507619 246100 514577 263158 421201 308625 833295 806307 569815 1064134 682660 606817 396024 589006 751651 446479 464963 851210 728301 511350 251533 429051 611087 199762 707520 715282 649610 448001 330236 610901 769685 532214 684852 877350 879883 669333 891225 743190 957104 857889 494344 501892 1007349 606981 628550 299072 242796 292049 711077 209870 476671 504600 453470 899982 883484 932906 266821
365492 276444 327685 297545 330278 395277 625444 785937 208765 358564 590905 999999999 570916 459212 476939 289228 588492 318438 255007 679723 488371 327193 160364 372697 124315 430531 231003 364597 416973 382863 373024 110323 601708 715575 341565 361258 252452 318851 439404 421563 575377 368673 482720 413347 493837 87416 637822 279101 538405 501241 373661 236381 543523 636458 383562 544041 57428 389011 563029 203290 468218 272382 407586 570271 479297 764955 432332 154970 285865 227516 146577 425080 30200 289820 294151 96303 452925 415651 472567 362623 223489 553246 388330 256923 525882 477810 179767 285463 563448 390973 373566 343263 483235 423672 433391 596929 312215 457369 390334 535219
364313 556430 272060 528138 877815 507887 582997 238787 721688 866370 483722 570916 999999999 683987 692744 710513 38157 879102 818512 187227 746186 739439 421313 597973 614431 560475 399476 269646 540559 779322 276320 523447 195574 224426 785654 245303 404095 627346 952160 664218 32380 934600 537163 795195 242484 556585 725377 635402 716832 457126 516684 725714 789912 202581 272538 786919 525635 430381 37691 369174 505693 830484 794377 687664 776672 196137 537181 725690 835759 441639 514389 664398 601114 537445 296261 651737 1012620 591532 269464 664852 793699 1111347 581442 317071 58174 754501 441575 793863 722189 542894 282073 415873 283681 779290 151667 50849 778376 561472 955958 681597
320828 192112 443847 191473 467111 809759 1022566 790030 646019 772167 959396 459212 683987 999999999 927802 746154 719379 508363 488838 665583 945074 783398 513084 100331 347417 856991 353038 653415 145381 838637 669088 360284 571071 682839 789986 625113 329193 141124 836062 873236 665748 678748 893443 869799 768592 541563 1073628 736795 986591 271648 168494 680939 108289 600850 414045 1000942 421580 253861 702351 496073 202656 637343 863633 1008257 938272 820702 851288 495572 664480 309873 582713 876453 464387 191033 441071 422768 767819 92466 426734 104030 553856 854829 105757 468157 625995 76909 355984 711094 1009532 817648 674121 272269 782373 882176 544194 732067 288882 138182 577869 976989
734189 737005 617033 747388 718958 184938 272348 927358 368305 394170 322949 476939 692744 927802 999999999 245180 682388 679474 626866 872084 59794 229781 432129 833758 600522 133567 613871 433722 855911 212213 422722 567594 837306 911375 274189 467427 642945 790782 447820 55427 717613 580331 180095 198480 465199 390116 181429 203875 63471 894350 810718 333408 1018276 862315 692445 94635 506768 789234 661472 472991 886635 490280 203999 119073 106145 863423 158372 528877 468319 641511 345303 51860 481711 743460 590325 547427 602096 869768 778700 836494 535068 667750 843356 537136 685449 953361 586808 370324 91110 151388 416084 741137 424547 164315 642264 681868 773978 896636 712194 80131
625203 565669 542361 585755 476689 287489 485587 947712 125621 178327 499610 289228 710513 746154 245180 999999999 713396 435415 385176 864325 229787 38321 327687 661809 400523 281726 489794 444471 704053 93895 441760 397226 805571 903435 75146 465291 516737 605083 256051 197414 726885 341535 350991 124119 535308 218517 426475 83523 307160 775388 659896 88830 824462 836781 613885 280521 336822 663320 688556 384151 750471 245945 118415 362089 204844 902565 300019 294490 225830 501704 216084 201400 281771 578560 509198 332879 377936 704819 706600 646615 291371 458698 677504 456711 683587 757834 447398 131074 335400 257125 437562 615212 504255 137356 611533 717314 550497 744810 467177 322587
399050 587762 300416 560472 900579 498234 559292 244975 731105 873239 459157 588492 38157 719379 682388 713396 999999999 900029 838723 211943 737144 740963 435227 632162 638136 549251 427043 269286 576499 778844 273802 546847 230674 246918 788483 249308 433409 659375 958675 656519 67814 948943 521687 793366 223592 568892 706052 636337 703398 495007 551642 733166 825698 234787 306561 775979 545401 466130 25744 385460 542921 843596 792910 671105 769516 189193 525316 743462 847580 470363 523273 656471 618629 569431 322329 671998 1025170 626978 307212 697760 810107 1123234 616266 338353 93811 789252 467030 801710 707366 534120 278935 450027 265442 775987 181543 12881 806214 598134 975996 667055
602527 417734 617286 455617 52210 666790 893291 1079280 311186 349628 879286 318438 879102 508363 679474 435415 900029 999999999 63888 964194 664037 458320 478801 474902 271728 685254 495813 682667 557469 498868 690535 358741 876901 996521 431472 679587 504055 397577 380112 628679 879601 185821 749177 528262 810897 372177 859748 484545 742138 686718 529717 346599 536194 912393 654502 711931 355014 591012 875014 518785 629163 204638 520706 793733 633051 1068850 695458 173348 234028 466736 438269 632699 289980 442727 587420 228303 266497 524063 730302 411219 144433 347267 502435 562129 829724 476329 445656 325895 770278 650037 690707 559891 797747 556036 733672 909282 221187 587136 80592 754545
552528 377577 559312 414411 92200 606074 833783 1021976 259635 320998 817476 255007 818512 488838 626866 385176 838723 63888 999999999 908397 614906 410971 415343 444054 217873 626378 440191 618962 522453 455074 626739 301290 822557 941468 389288 616259 450364 367309 364647 574900 819827 189926 689342 485477 747050 308627 805952 428628 689980 646400 491286 296715 529129 858036 599721 664522 293329 546397 813587 456232 592160 172649 477993 739332 586617 1009361 635736 110249 203054 413940 374913 578906 226315 401830 528705 166794 279390 493810 678234 387571 96427 370221 470448 501444 769951 466010 388989 285651 717936 590483 626878 512379 733867 511282 674368 847793 212750 554749 137465 700413
378345 586616 352483 551329 953352 687373 769907 124925 856502 1007117 670264 679723 187227 665583 872084 864325 211943 964194 908397 999999999 923491 896285 550398 598336 692481 741488 468439 440331 521802 940480 449994 607290 95380 39585 938713 409804 461211 647769 1093084 839955 157644 1048257 722167 959207 429619 685706 912180 794923 899632 401680 512959 866608 762285 65187 310206 966664 626886 423463 223948 493169 465874 950504 957611 873118 950915 168493 719012 828966 960454 499428 655644 840478 709112 563162 385619 745835 1132264 576783 248452 675377 901285 1232472 575275 426273 186976 741659 519434 932516 906270 720993 456441 430316 470624 946486 254315 219238 825654 529481 1044081 865519
768277 756246 656466 769360 706248 238927 326485 982057 355408 358733 381856 488371 746186 945074 59794 229787 737144 664037 614906 923491 999999999 206208 462392 853457 609754 190713 643506 483607 881145 175997 473500 585379 885396 962919 242793 516141 672466 806110 404510 85152 770255 551180 239874 155763 522015 403679 213437 209329 92952 927464 835933 318243 1031883 911389 731986 55880 523704 820163 715713 507404 915862 467999 162345 161076 49549 919644 215975 522660 443718 667925 366914 83924 489479 764527 628248 550842 565171 891629 820089 850724 520581 625145 864822 574390 736560 966158 612624 345111 119242 203297 467056 771686 481781 121227 689112 737051 774658 922105 690550 126614
662839 603628 578033 623945 501558 297682 482760 977348 153888 172020 504498 327193 739439 783398 229781 38321 740963 458320 410971 896285 206208 999999999 363725 699630 437196 284606 527656 471681 742325 55689 468003 435439 839286 935528 53676 494171 554713 642288 242017 187439 756739 350683 353676 86412 556774 256779 410729 104909 289466 813474 698192 115444 860697 870114 650082 253777 375112 701462 716391 419697 788777 262214 80424 348574 175679 930129 305051 325135 239001 539940 252207 191251 319062 616687 545107 368165 378071 742836 742710 683454 315629 453014 715517 492265 714271 794006 485565 140647 317732 264619 463458 653312 524065 103052 644354 744427 582994 783070 484788 309218
307422 321764 214846 324134 489259 296772 513333 646977 306174 457007 461244 160364 421313 513084 432129 327687 435227 478801 415343 550398 462392 363725 999999999 414349 250461 345446 181759 204912 425781 415020 214264 173679 483276 588388 398482 201048 210829 386952 542864 381231 429791 513759 380560 439957 335248 136348 562812 275571 485552 465398 380839 317065 612916 515998 286363 516808 134996 357851 409520 57800 454544 409173 436390 498968 469945 617270 338463 312729 415062 211436 111605 383749 189253 322611 181516 253869 591379 444775 378991 434728 376121 690359 419531 129597 381720 552579 158761 382208 505799 306787 215417 309471 327882 437491 296546 442760 445540 466105 550127 470363
233983 97256 348153 91246 440958 711117 922536 723234 568988 703439 859067 372697 597973 100331 833758 661809 632162 474902 444054 598336 853457 699630 414349 999999999 271263 759139 252834 553656 89071 755235 569245 268373 502959 619701 710356 525877 229462 77330 772674 779646 582067 631104 794249 785913 670271 451513 976165 646610 891619 229695 85408 602072 206631 535076 325611 909322 330231 175355 613776 395904 162920 576580 780055 911267 849042 746042 752799 430879 601746 209556 488496 782754 381657 91743 343112 350130 722101 49807 352162 80472 495733 814269 28689 368323 539800 158600 256446 638247 913999 720000 574201 182145 683104 796188 453719 644655 270045 112527 550640 880701
335404 182978 347510 214236 263989 516340 745139 808132 299065 432618 704682 124315 614431 347417 600522 400523 638136 271728 217873 692481 609754 437196 250461 271263 999999999 553684 224200 450040 332568 492075 461302 91355 605387 724832 442579 438223 232714 206585 504123 545102 612476 383590 603819 523449 581243 211724 762089 400582 662306 441405 294221 333561 424314 640880 382817 665126 116369 335400 613844 272805 395057 312247 517117 694566 597790 800632 554434 166036 335055 196068 268615 548673 120470 203244 319192 79535 474568 318692 460362 246321 237386 572466 291979 300859 562774 357885 174994 367014 687537 513964 463301 297706 577230 537488 465951 648213 195774 370240 351804 659526
631971 664943 506131 669402 717532 56553 208690 794172 384006 456227 220066 430531 560475 856991 133567 281726 549251 685254 626378 741488 190713 284606 345446 759139 553684 999999999 522554 306681 769683 292309 294420 503029 710734 780594 337565 341896 551259 726032 524956 120305 586005 620345 69313 291382 331679 344729 217394 207547 159998 792400 725095 357367 954082 734406 580457 226732 446496 692494 528648 375423 792179 518391 294430 154984 229867 729856 25493 519358 502661 556307 285177 118642 443294 667438 482718 515563 659536 790215 662732 773317 543734 737511 764954 431867 555486 891596 504207 412151 172011 39879 287556 645754 291180 262624 518272 548535 741343 809483 731281 132201
136735 176020 127540 162703 486830 470853 673146 584092 434944 587388 606733 231003 399476 353038 613871 489794 427043 495813 440191 468439 643506 527656 181759 252834 224200 522554 999999999 301571 247676 581786 316930 140178 382656 501277 554034 275564 29075 249827 669623 562900 393826 589719 550221 609179 422313 273277 739507 450066 666765 287078 203755 457208 459061 418096 159809 698204 173651 177028 404328 148255 272787 500561 604773 677252 648965 579593 512942 366988 516024 46993 281924 565453 256823 166145 105898 280233 677604 274031 243741 295032 440787 777697 251291 116621 344889 405772 52913 513032 686416 484993 321708 128394 432139 610778 248111 438181 379181 287058 575642 650176
367210 475805 228838 464212 694155 250782 394935 508432 471381 607809 314617 364597 269646 653415 433722 444471 269286 682667 618962 440331 483607 471681 204912 553656 450040 306681 301571 999999999 534824 510062 16394 364676 404178 479854 519476 36983 324238 548550 692530 399713 290141 701167 301949 525563 131224 321478 500754 367062 466654 520170 494968 469332 760230 428612 294977 528318 337772 437154 244826 178731 536595 592942 524796 450690 510638 458449 286463 513802 592939 347215 265802 400307 392689 467620 218187 458777 771119 570149 366370 594989 572436 866827 549605 185340 253383 707281 313380 538172 476975 282347 22893 397399 131747 509840 212564 272877 641527 569979 752238 436290
181063 149801 313381 120290 525977 718432 918404 646552 621855 763272 847412 416973 540559 145381 855911 704053 576499 557469 522453 521802 881145 742325 425781 89071 332568 769683 247676 534824 999999999 797945 551017 307165 426878 540573 758522 503433 219581 162617 836529 803360 521412 706301 797774 827667 641611 487484 986867 679112 910901 140920 45227 652353 249414 457435 273833 936635 367259 110524 560371 395905 74002 644107 822303 924084 881522 675479 760515 497549 667540 214582 514352 806174 431208 129909 317051 411954 797719 55053 281354 168814 566064 891976 60712 353430 482813 220225 269113 694759 931525 731726 556698 138640 659448 834647 404560 589268 357974 41042 634656 896099
716466 659288 628378 679623 544155 315165 478487 1017904 203399 183123 511170 382863 779322 838637 212213 93895 778844 498868 455074 940480 175997 55689 415020 755235 492075 292309 581786 510062 797945 999999999 505058 491108 886261 979885 68364 534776 609073 697515 237199 180962 797961 375632 359356 31739 586586 311946 388091 145618 266099 868036 753771 164975 915078 916462 701195 216426 430706 756182 754725 470123 844048 297474 25053 330366 136651 967636 315196 374782 271332 594948 304015 184228 374421 672375 595870 421970 390532 798511 793608 738391 358817 456038 771192 542553 756813 848345 540392 173833 293717 279389 500060 707932 551746 57711 690223 781633 633808 838705 518836 292123
383603 490736 245222 479620 703056 238918 378753 514943 473047 607267 298225 373024 276320 669088 422722 441760 273802 690535 626739 449994 473500 468003 214264 569245 461302 294420 316930 16394 551017 505058 999999999 376876 416369 489438 516568 52561 339895 563292 691579 390083 298085 704958 287509 519720 120995 326670 486098 363161 454243 536472 511044 469661 775775 440104 311133 517356 348134 453526 249872 191299 552986 596415 519174 436831 501645 462626 273651 520760 595588 362364 269079 390544 400685 482873 234486 467826 773606 586103 381779 609865 578120 868697 565432 200937 263063 722519 327592 538476 463975 271370 7094 413681 117867 503094 226426 276669 653608 586257 759267 423221
265407 171125 258545 188556 354431 459903 683454 720825 318236 465720 634720 110323 523447 360284 567594 397226 546847 358741 301290 607290 585379 435439 173679 268373 91355 503029 140178 364676 307165 491108 376876 999999999 522660 640778 451685 350358 154774 224045 544392 512961 522110 450834 546333 521110 495410 183290 717516 378241 626786 392831 263532 346664 452346 558064 299920 641259 61865 281261 522514 186017 358000 365681 515601 651165 580740 710781 500167 227806 383595 123462 222932 516189 128531 181741 229064 140129 539648 308770 382807 270790 301797 639415 281564 209548 472320 388894 87956 393889 650180 463222 379447 237139 494101 529480 375722 556886 276859 347764 437771 618646
284605 492620 274860 456911 864056 654956 764818 220281 787109 939465 668150 601708 195574 571071 837306 805571 230674 876901 822557 95380 885396 839286 483276 502959 605387 710734 382656 404178 426878 886261 416369 522660 999999999 120863 878772 369883 372852 552828 1024977 800618 163472 968739 700044 907117 422179 615774 895646 740951 870609 310153 417579 800194 668935 35494 222881 931744 547106 328104 232258 425476 372575 873921 904894 850943 908806 253960 689959 747475 885669 410459 592277 801561 630418 468890 309061 662353 1054496 481800 153795 580046 820619 1154835 479969 355040 166264 646928 434765 864347 880033 686122 423284 335996 460415 897253 197420 241636 732438 435683 957154 839221
405268 613029 387944 577006 984441 726609 805992 110727 894347 1045290 706019 715575 224426 682839 911375 903435 246918 996521 941468 39585 962919 935528 588388 619701 724832 780594 501277 479854 540573 979885 489438 640778 120863 999999999 977748 449387 492707 672100 1131213 879441 195745 1083837 760578 998698 466875 723363 949795 834310 938539 415098 534609 904909 776969 86034 342020 1005936 662173 446017 260524 531001 481341 986885 997079 911416 990458 173984 758016 863811 997278 530587 694220 879952 744790 589110 421452 779889 1168383 595622 274119 697827 936444 1268650 595716 463378 226477 759383 552827 970587 944942 760340 495864 456281 508105 986045 292829 253303 853137 545555 1076625 904218
690394 615904 613305 638880 477448 351355 533412 1022787 145531 121030 557590 341565 785654 789986 274189 75146 788483 431472 389288 938713 242793 53676 398482 710356 442579 337565 554034 519476 758522 68364 516568 451685 878772 977748 999999999 540437 580091 649122 188354 236220 801944 308415 406453 96792 608223 280766 453036 155287 330994 837222 715191 109112 862193 910298 683721 284712 393499 724754 763668 455606 808635 229282 89234 393209 204938 977662 358361 314194 202970 562301 287308 239875 328930 630755 579770 368913 328716 755235 776512 688210 292866 400721 727954 527996 758484 795416 509186 105796 358964 318233 512279 677212 576176 126074 685518 792343 573678 798848 450472 354287
333206 451167 194434 437462 688334 285700 431087 483325 483433 624007 349037 361258 245303 625113 467427 465291 249308 679587 616259 409804 516141 494171 201048 525877 438223 341896 275564 36983 503433 534776 52561 350358 369883 449387 540437 999999999 296601 524554 709383 431735 263196 707915 338765 551660 147854 326575 537632 390323 501886 484649 464478 484168 732485 395263 258873 561892 329260 403857 224036 165480 502743 600654 550524 487156 541622 437994 322205 513496 602481 321999 275841 432504 390298 441584 186393 453240 780659 540365 329399 570373 575067 877580 520579 159018 223494 680996 292278 552833 512759 316260 59493 365351 157261 537434 176505 254365 626658 537819 751164 472151
113046 159223 133261 141118 492149 499324 699926 579274 458564 610349 632029 252452 404095 329193 642945 516737 433409 504055 450364 461211 672466 554713 210829 229462 232714 551259 29075 324238 219581 609073 339895 154774 372852 492707 580091 296601 999999999 233133 691822 591947 396152 605594 578199 636717 442031 299405 768098 478360 695810 259157 176118 481925 436085 408343 151006 727203 195074 148419 411561 176457 243721 519182 632218 706021 677652 579224 541414 382562 535737 38682 310259 594506 276936 146190 118246 294330 694371 247907 228678 276789 456562 794181 226026 138968 348119 384661 72770 536393 715409 513809 344946 99764 453749 638791 252486 444943 375141 258637 584349 679098
271780 73993 363642 99461 364067 681173 900178 771962 505542 634768 843608 318851 627346 141124 790782 605083 659375 397577 367309 647769 806110 642288 386952 77330 206585 726032 249827 548550 162617 697515 563292 224045 552828 672100 649122 524554 233133 999999999 701525 735872 614843 555104 766566 728686 671856 402448 941284 597295 850483 300076 144726 540136 228332 586382 356769 861927 284062 227261 639052 379092 236301 504073 722512 875099 798143 787546 722069 359629 530072 202918 446867 739184 323312 89945 351376 283065 645878 126752 399330 47791 422097 737441 105059 365667 569648 165841 237240 571918 874092 686338 567515 218644 680052 741246 478078 671443 195887 189670 473495 842690
804868 687096 751731 717257 432209 539641 715676 1185629 238066 86062 744990 439404 952160 836062 447820 256051 958675 380112 364647 1093084 404510 242017 542864 772674 504123 524956 669623 692530 836529 237199 691579 544392 1024977 1131213 188354 709383 691822 701525 999999999 417941 965454 202850 593419 249795 790121 409259 617585 339538 497289 936688 797077 226994 888963 1058253 815957 432500 496749 825598 933322 600418 896704 199084 243937 564093 357874 1146970 546281 341985 171616 666126 439016 421284 416356 706812 717383 424625 173252 821321 907412 732088 283355 220635 795085 669945 919538 824005 619084 160695 523705 506563 687970 781280 759943 284411 838884 963639 575988 874358 364262 526900
685569 682752 571913 693793 667085 160279 297954 901111 317706 357251 332895 421563 664218 873236 55427 197414 656519 628679 574900 839955 85152 187439 381231 779646 545102 120305 562900 399713 803360 180962 390083 512961 800618 879441 236220 431735 591947 735872 417941 999999999 687616 537110 182135 174811 445084 334820 231129 149249 118129 845258 758139 284117 963203 826870 647437 136483 451949 738980 634550 424354 835644 443353 178785 165261 113240 840784 145479 475397 422853 589252 291177 4023 426299 689630 544076 492242 564731 816200 735200 781456 484273 635526 789673 490383 652979 898194 534288 326119 144907 123128 383765 690675 405937 143964 604147 656946 718969 844183 664113 125918
348093 545107 266469 515400 876392 532678 613865 220872 732990 879487 514907 575377 32380 665748 717613 726885 67814 879601 819827 157644 770255 756739 429791 582067 612476 586005 393826 290141 521412 797961 298085 522110 163472 195745 801944 263196 396152 614843 965454 687616 999999999 941346 564842 814727 272328 565877 754563 653310 743305 432530 499551 738592 770783 170260 258259 812008 528106 411891 69917 375844 483421 838464 813667 715674 799602 189764 563088 729573 844852 434289 526680 687928 605544 525210 293287 653327 1020866 573316 245959 650939 798752 1120076 564431 319266 49881 737385 438261 806309 749348 567122 304160 400504 313117 799813 146551 79589 771269 540639 957265 708657
714829 558336 695914 593467 237577 617042 826577 1154217 242975 198158 833384 368673 934600 678748 580331 341535 948943 185821 189926 1048257 551180 350683 513759 631104 383590 620345 589719 701167 706301 375632 704958 450834 968739 1083837 308415 707915 605594 555104 202850 537110 941346 999999999 688974 400014 818659 381405 760700 413224 638860 823991 672346 263662 716720 1003765 747893 591205 421766 718990 923221 565669 773784 109154 392670 699238 511698 1130126 636347 223032 118102 572730 435918 541014 339149 581425 662639 311920 91478 680906 833327 577186 149038 189105 656718 624899 892311 654633 536809 211041 666966 591575 703255 680512 796747 432555 801386 956298 399561 740304 161443 659900
649815 702324 517934 703457 779828 87499 144732 764933 451283 525429 151831 482720 537163 893443 180095 350991 521687 749177 689342 722167 239874 353676 380560 794249 603819 69313 550221 301949 797774 359356 287509 546333 700044 760578 406453 338765 578199 766566 593419 182135 564842 688974 999999999 356386 298819 399211 199004 275817 184205 808905 753969 425650 993356 721091 590005 264971 492798 713988 503115 401986 814463 586269 359926 151191 284217 695727 53780 581126 571136 587458 336146 179718 498029 702629 498140 571370 728838 822253 667040 814230 608900 806661 797870 450527 539223 932398 537828 481275 185782 99355 280416 668770 256970 326093 513849 519457 794879 836657 797322 145833
743224 689786 652172 709665 574085 319494 468970 1033968 235025 204354 507619 413347 795195 869799 198480 124119 793366 528262 485477 959207 155763 86412 439957 785913 523449 291382 609179 525563 827667 31739 519720 521110 907117 998698 96792 551660 636717 728686 249795 174811 814727 400014 356386 999999999 596381 340910 369184 166620 247983 895834 783358 196643 946642 936813 725569 191275 460420 784224 769590 494231 872921 325781 7566 314324 112195 981660 315316 406318 298887 623461 329704 177622 405473 702575 620053 453628 409622 828918 817722 769745 389117 470236 801605 566419 774559 879918 568674 202529 274887 282713 514451 735858 560357 34683 710458 795701 665436 868487 546110 277148
464947 598256 328266 583150 823975 284805 342945 466113 581994 707921 246100 493837 242484 768592 465199 535308 223592 810897 747050 429619 522015 556774 335248 670271 581243 331679 422313 131224 641611 586586 120995 495410 422179 466875 608223 147854 442031 671856 790121 445084 272328 818659 298819 596381 999999999 444315 483102 452948 481810 605536 604884 574470 876501 437601 380242 557326 468837 537253 206655 309400 632898 709621 597101 447593 558141 398485 306866 640349 706676 469032 383731 444502 521266 587840 327532 588796 883699 681750 431296 717344 695883 976697 663302 306208 255981 826662 440100 642657 484598 322068 120281 502995 41908 574711 264952 220795 772245 673722 878773 444554
409742 354318 342671 370879 393160 312177 543030 783323 171343 323993 514577 87416 556585 541563 390116 218517 568892 372177 308627 685706 403679 256779 136348 451513 211724 344729 273277 321478 487484 311946 326670 183290 615774 723363 280766 326575 299405 402448 409259 334820 565877 381405 399211 340910 444315 999999999 550517 195312 451276 557308 442904 186920 628838 649197 408808 459514 121482 445056 543149 192659 532110 274825 335849 482924 397532 752702 347812 198992 279181 283204 66910 338282 98852 364707 308360 172267 456315 491924 501164 447326 251619 554773 464764 260814 517994 563550 229117 248765 476163 305457 325715 397133 427716 347182 432427 575822 396640 528430 435848 447804
845507 881518 715650 886646 898147 269026 169782 944530 548651 571214 263158 637822 725377 1073628 181429 426475 706052 859748 805952 912180 213437 410729 562812 976165 762089 217394 739507 500754 986867 388091 486098 717516 895646 949795 453036 537632 768098 941284 617585 231129 754563 760700 199004 369184 483102 550517 999999999 378512 122076 1005364 942358 514395 1169578 915235 788365 190940 659372 907818 689757 591876 1007898 671705 375699 67836 259867 869438 227021 705380 649570 773683 496237 227114 646810 884516 694602 716133 778294 1007587 866035 988279 715323 838173 982276 645433 732608 1106407 721567 551374 94412 256191 479006 861600 441701 334595 712132 702233 943517 1026542 893591 105675
581644 549366 486052 564542 520768 206443 415422 873648 177361 261300 421201 279101 635402 736795 203875 83523 636337 484545 428628 794923 209329 104909 275571 646610 400582 207547 450066 367062 679112 145618 363161 378241 740951 834310 155287 390323 478360 597295 339538 149249 653310 413224 275817 166620 452948 195312 378512 999999999 267181 737073 634106 149856 822623 770974 559877 264944 316379 626731 611861 328556 718902 310890 164044 311308 202726 825463 223139 326870 295325 468973 168145 153136 280502 558955 454275 344078 456944 686263 651748 641613 340893 540495 659218 400422 611612 756846 413523 207622 294155 178606 358576 578095 421225 161921 544686 639679 570204 720153 525884 272845
783400 795227 661913 804323 782023 216273 241072 947566 431080 449213 308625 538405 716832 986591 63471 307160 703398 742138 689980 899632 92952 289466 485552 891619 662306 159998 666765 466654 910901 266099 454243 626786 870609 938539 330994 501886 695810 850483 497289 118129 743305 638860 184205 247983 481810 451276 122076 267181 999999999 943926 865802 395735 1078361 893983 736882 87940 566451 840697 683872 523160 939071 551199 254318 69080 141445 879592 180935 592332 528465 696319 403928 114347 543996 800841 636792 610345 656478 926548 820874 896529 597792 717910 900372 584508 714298 1013767 642142 430055 28296 188967 447341 792995 440154 213310 678219 701763 837097 951421 773506 41805
160572 269222 292412 231990 658892 737625 914824 524303 709996 858552 833295 501241 457126 271648 894350 775388 495007 686718 646400 401680 927464 813474 465398 229695 441405 792400 287078 520170 140920 868036 536472 392831 310153 415098 837222 484649 259157 300076 936688 845258 432530 823991 808905 895834 605536 557308 1005364 737073 943926 999999999 157726 736213 361943 336499 226748 981442 445683 112529 483683 421364 69703 751851 891289 946936 935025 563988 779121 606884 772556 275083 568933 847567 521359 244624 310837 517875 915304 192480 187985 309724 678791 1012115 201589 360536 402831 348530 328209 786442 961496 757290 543046 160188 631111 897848 345229 507845 495905 133593 765553 923448
152639 114072 277611 79992 501202 674124 875859 637848 579656 722629 806307 373661 516684 168494 810718 659896 551642 529717 491286 512959 835933 698192 380839 85408 294221 725095 203755 494968 45227 753771 511044 263532 417579 534609 715191 464478 176118 144726 797077 758139 499551 672346 753969 783358 604884 442904 942358 634106 865802 157726 999999999 609552 276293 449810 245704 891415 323084 90062 534203 351985 101451 606446 778057 879372 836452 661080 716194 460057 629117 169508 469163 760956 388842 91258 278321 373100 763823 77437 266883 163532 529917 859288 64884 311965 458568 237885 223911 653306 886510 687019 516553 104011 621189 789996 375706 564272 339517 86183 608198 851196
593927 508249 528731 532324 388017 353688 564818 958661 38562 140948 569815 236381 725714 680939 333408 88830 733166 346599 296715 866608 318243 115444 317065 602072 333561 357367 457208 469332 652353 164975 469661 346664 800194 904909 109112 484168 481925 540136 226994 284117 738592 263662 425650 196643 574470 186920 514395 149856 395735 736213 609552 999999999 753352 833050 595698 367999 290607 623716 707688 374824 704596 161488 189599 449322 290786 920937 372805 210101 145608 461261 212028 288134 221430 523808 494528 259914 313166 647423 688084 579098 202552 402811 620186 445434 692556 686570 409794 68841 423936 327933 466592 576947 547832 217989 612313 738516 468851 692397 380130 409890
428038 291496 552134 296489 489147 908544 1124895 885772 716768 831869 1064134 543523 789912 108289 1018276 824462 825698 536194 529129 762285 1031883 860697 612916 206631 424314 954082 459061 760230 249414 915078 775775 452346 668935 776969 862193 732485 436085 228332 888963 963203 770783 716720 993356 946642 876501 628838 1169578 822623 1078361 361943 276293 753352 999999999 697166 521308 1087564 511961 359575 809161 599624 296438 690293 940127 1103430 1021762 920906 949670 556043 719069 414791 675044 966571 544475 294450 549048 493529 802073 199323 529026 181833 605884 882123 214046 574890 732092 66782 458208 776229 1102170 914442 780675 380250 889723 961631 651735 838440 317163 233493 596677 1070977
319253 527001 309225 491028 899471 679021 780515 189190 820535 972626 682660 636458 202581 600850 862315 836781 234787 912393 858036 65187 911389 870114 515998 535076 640880 734406 418096 428612 457435 916462 440104 558064 35494 86034 910298 395263 408343 586382 1058253 826870 170260 1003765 721091 936813 437601 649197 915235 770974 893983 336499 449810 833050 697166 999999999 258341 956887 582061 360779 240176 458226 400783 908560 934742 872232 935922 231040 713092 782671 920049 445930 624331 827697 665270 503108 343313 697703 1089325 512463 188086 612738 855746 1189661 511568 388383 182732 677059 470153 897577 902588 710955 446909 370262 476953 926227 226355 244626 767120 464486 992647 861747
93271 288103 75525 257309 643154 524380 689886 428845 578292 731676 606817 383562 272538 414045 692445 613885 306561 654502 599721 310206 731986 650082 286363 325611 382817 580457 159809 294977 273833 701195 311133 299920 222881 342020 683721 258873 151006 356769 815957 647437 258259 747893 590005 725569 380242 408808 788365 559877 736882 226748 245704 595698 521308 258341 999999999 783573 327541 163831 288574 231365 253851 655723 722230 732947 746563 433536 564763 525760 669261 189305 397898 649232 411341 267399 105612 439822 834791 322010 92791 392771 599270 935070 310027 159668 214401 482850 212145 656488 751995 548027 317862 143468 404592 721297 130729 319080 520715 300391 734617 712628
821914 812115 708060 825120 755314 279372 328288 1020887 405783 395362 396024 544041 786919 1000942 94635 280521 775979 711931 664522 966664 55880 253777 516808 909322 665126 226732 698204 528318 936635 216426 517356 641259 931744 1005936 284712 561892 727203 861927 432500 136483 812008 591205 264971 191275 557326 459514 190940 264944 87940 981442 891415 367999 1087564 956887 783573 999999999 579585 874659 755339 560760 970746 513042 198564 153842 79777 955806 250836 574698 487523 723199 422541 134466 544769 820336 680463 605347 598569 947411 870824 906476 569393 652170 920623 626826 780065 1021782 667957 389433 104781 246010 510718 826249 516249 158886 736403 775196 828289 977575 735008 129496
