NAME : synthetic_000330
TYPE : CTSP-D
DIMENSION : 100
GROUPS : 8
RELAXATION_LEVEL : 1
EDGE_WEIGHT_TYPE : EXPLICIT
EDGE_WEIGHT_FORMAT : FULL_MATRIX
EDGE_WEIGHT_SECTION
999999999 429206 90737 412378 619296 839410 698871 339170 393215 102836 304634 203204 701129 405302 259094 715743 201063 271649 625529 726832 548330 467163 665350 440145 673442 833246 969588 384082 212211 844250 431140 103946 196618 345875 650405 202893 549074 514147 596944 678508 678805 737317 608628 469970 254174 802159 863737 829629 432344 515145 725814 111545 401947 283589 688143 721854 128031 597704 595668 536622 314753 241935 704985 429765 776906 645749 380568 562957 693532 698290 606143 328363 443610 587297 496674 440746 731256 106303 457867 589696 528771 570238 739673 1003974 716565 327342 680747 582070 743716 791775 364305 167941 121157 766093 776241 713473 196129 317340 539937 818301
429206 999999999 519941 275926 198570 478218 312197 674758 129307 487759 125179 621482 853344 262661 311653 512203 402829 413954 784231 591252 120144 314462 568296 91822 581125 597938 686708 510236 250920 576570 718338 495218 483426 289585 383488 233861 505727 714651 305112 343956 477301 345928 184816 183462 184299 399618 622425 604404 373587 87136 372158 365094 334943 701751 266010 294893 416317 675258 432069 218276 653581 654749 313517 259313 597941 637033 689937 709875 758074 854218 323747 173310 654236 158120 159309 230403 896629 501478 539306 444580 740345 141508 318427 706617 291378 362797 251555 201275 731146 610692 550845 467603 542626 605873 349175 824490 242071 114587 416305 537464
90737 519941 999999999 487276 709607 923002 786112 299813 480737 99079 395347 124250 698412 481581 328190 782053 248168 316225 624747 782578 639044 538731 717220 529103 724152 901046 1041874 412711 297556 916302 403392 91124 210557 417956 726662 292470 598053 508665 677916 761750 746023 824719 699118 554413 343976 890302 931787 896069 493604 605862 810224 184894 467728 201576 778442 812378 173850 618666 661021 621014 276623 166145 792925 506325 837831 682424 348612 569028 712331 694734 685327 414258 440998 678027 583469 520547 723882 87108 488922 652717 518940 660937 829694 1077892 806942 386687 771484 670261 776686 852609 378559 186787 51458 824448 866753 720518 285391 407879 602610 892534
412378 275926 487276 999999999 345866 740259 570632 740929 146807 409145 245494 610705 1028364 13816 464765 782925 508960 554164 953644 852049 326448 561120 818949 362866 831116 873110 961396 674519 212958 852471 817452 512451 563018 71479 658466 248581 736533 860825 200481 291259 746776 598906 347357 451784 223367 639216 898022 878958 595421 306130 344359 303312 553349 609480 401452 498354 478663 873748 692172 493740 716701 560350 361098 503211 866981 864776 774102 881068 965614 1027585 598848 135306 791787 369040 434550 483113 1067045 516178 726197 700948 882249 364164 537504 979568 502673 138647 436637 259776 964307 880320 691567 537180 530357 871962 545133 1016284 249496 276518 664836 813172
619296 198570 709607 345866 999999999 433446 273022 872784 245091 666013 316449 816192 1022948 337312 505195 585663 600276 606460 957799 687613 84653 456614 684063 245023 697196 639825 685897 693039 422114 599715 912796 691502 681709 394617 444291 417586 649068 898390 241189 221838 557989 288377 18521 311523 365991 309764 657396 651700 533771 113707 223480 541841 500865 881397 68849 156313 614708 836264 540862 302336 851822 832983 136270 411957 672212 776880 886510 884285 910545 1024604 391152 314606 841638 77661 264254 377043 1067662 697594 711552 559343 924958 93906 200279 692937 163920 473844 92515 98098 861979 682242 739594 666162 736074 688693 199679 985631 425039 312146 545636 556752
839410 478218 923002 740259 433446 999999999 169680 952122 600971 923485 579763 990332 905554 728373 608098 313354 712122 673368 864221 429846 417415 416546 472887 417711 482875 285020 265211 686925 714145 222732 940894 864622 794114 765766 235095 683429 521104 858941 674517 646251 314631 145554 421840 369510 643444 142033 286522 303661 499252 434338 631105 812277 498557 1122709 422197 293478 767231 715588 370963 302931 939248 1081118 533474 426988 371227 604012 940228 804782 749733 910033 249848 651525 830295 379328 348593 405614 950814 871591 657518 394177 886334 379448 246313 263337 279725 840692 351058 529733 647964 372958 753786 794396 926433 401018 284657 842306 691831 551346 422982 186346
698871 312197 786112 570632 273022 169680 999999999 856324 432282 775860 421125 865601 885598 558804 490529 348885 597485 571608 832786 463936 248337 333868 482492 262324 494814 377572 412906 612780 555229 330950 862937 737214 682654 597422 216147 528332 490411 804714 511655 492638 331117 38847 259334 237833 484959 108191 391483 391811 423785 264658 484986 659672 409610 981938 276033 159707 642599 691407 348806 175742 840389 938108 388121 322312 429490 600227 853016 765517 745475 888937 186788 485115 764004 211961 202759 292160 931649 744125 601409 371935 832572 210538 123691 421319 143274 673189 202238 366101 666943 436799 674866 678003 795767 452121 180161 832476 536821 395412 381113 287847
339170 674758 299813 740929 872784 952122 856324 999999999 688023 398421 569622 207468 429449 732056 374926 721920 272976 284782 363770 677090 790606 535761 603209 642405 604963 838471 993529 279385 529261 873917 110510 235301 191683 678866 722530 501583 489305 248089 909661 982228 693614 894077 857966 623037 544034 964304 868370 827414 454479 759367 1023861 449674 454003 395238 938777 933292 268256 413506 609824 680835 24453 395625 983550 534635 748943 518376 54578 329223 491741 424391 702715 634960 199523 819423 667577 564200 445930 233557 339499 592271 247757 799884 935878 1036600 923247 666385 909853 863001 591745 762171 212221 210984 248683 725877 984612 470419 498142 564480 548043 863401
393215 129307 480737 146807 245091 600971 432282 688023 999999999 426380 128409 595807 925291 133434 361652 637464 429620 460352 852681 710320 199582 423311 681147 216484 693623 726365 815727 572575 184133 705849 749123 479083 498853 165307 511736 192548 606394 770027 226682 294205 601700 463138 240002 306374 144850 509748 751218 732354 467423 172792 337031 303327 426003 640877 311217 382312 419879 758703 550301 346935 664900 591943 312213 365661 722172 736749 712612 778638 847087 925289 452089 70118 704253 244151 287750 342411 966403 484333 614856 560489 793741 234711 415665 834945 383368 242520 326146 189860 834389 735311 600889 477182 513885 728242 433706 905273 198262 150710 527153 666766
102836 487759 99079 409145 666013 923485 775860 398421 426380 999999999 363456 217314 788275 405261 359524 815207 303227 373859 713579 829118 602602 564912 768070 513832 776222 931829 1065376 483471 243967 940429 500490 175849 288412 338027 744011 253930 651910 599167 605869 693087 777962 813643 657610 554828 303948 875875 962149 928835 534070 569953 743637 124196 502557 215405 734157 782597 228951 695414 695773 620965 374992 167361 736080 524379 878089 747587 446326 654371 790680 784951 697149 356829 529970 644299 576400 532231 815716 174343 558187 690585 611193 628819 805014 1098533 779053 296804 736060 615400 844974 892966 458469 261078 150535 867892 836804 805736 245690 383294 641037 913004
304634 125179 395347 245494 316449 579763 421125 569622 128409 363456 999999999 499746 797524 231954 233258 554645 304753 332206 724612 613118 243697 319433 575825 162233 587741 655274 763122 444360 134461 645047 624825 375516 378431 227076 443892 109774 491041 641720 354539 416921 517190 457443 304839 232389 63877 516205 682629 658323 349954 210515 455574 241993 307900 576846 385172 419809 303989 633747 454572 289726 547231 530095 415182 261995 635209 619457 590707 650675 723737 797418 386920 110722 576261 283170 234543 246799 838366 381499 488409 461075 665565 266682 441582 788456 415790 284692 376348 293600 718834 649187 472750 359037 419822 636899 474152 779157 118166 33959 422241 609712
203204 621482 124250 610705 816192 990332 865601 207468 595807 217314 499746 999999999 632246 604649 382392 814259 281652 336256 562888 796590 741605 586321 726388 617838 731315 934200 1082210 400941 415391 957470 317743 128928 210353 541817 779053 404090 606144 445142 799232 881562 780537 904447 804431 628681 454546 972323 965019 926763 525255 708504 929014 307540 507987 195221 884915 908119 223623 585481 694027 693958 188492 188989 906917 564391 859569 669413 261432 517798 673456 627631 744704 531539 384792 778192 663835 584803 651579 122153 475507 681882 449535 760157 921187 1121274 901252 510543 871868 783876 755985 873952 349908 200714 82054 842030 962128 666027 397837 507147 632585 938403
701129 853344 698412 1028364 1022948 905554 885598 429449 925291 788275 797524 632246 999999999 1016252 565553 598446 528194 474759 76128 495568 940108 571474 436570 780770 428545 680027 827154 354187 825407 738322 321281 612552 504583 983349 682328 783164 395238 189787 1148005 1197019 591324 914654 1004833 713469 805319 978772 702118 662150 489360 917515 1224652 793634 522607 824156 1075271 1017267 581898 194193 541764 740940 445005 821088 1155857 611241 571974 303638 375124 147329 167005 7235 699029 897677 258327 950408 762715 646507 46050 614515 314039 517982 182713 931492 999399 874102 1002614 998820 1021129 1053649 297315 579045 343199 533401 652552 539963 1056510 78160 784044 775333 504556 749846
405302 262661 481581 13816 337312 728373 558804 732056 133434 405261 231954 604649 1016252 999999999 452247 769209 497874 542282 941633 838234 315488 547331 805175 349290 817349 859618 948460 662295 203299 839231 807530 504625 553043 69917 644969 237664 722973 849406 201847 291692 733036 587417 338230 438085 211019 628492 884594 865404 581904 294505 344305 297110 539841 607671 394117 488876 468858 860905 678357 480325 707878 558435 357288 489420 853223 851318 764630 868937 952614 1015520 585371 121984 780532 358398 421122 469298 1055095 508483 713490 687135 870992 353071 527502 966863 492875 142268 427553 253117 950787 866572 680028 527441 523957 858167 536199 1003702 238879 262847 651056 800020
259094 311653 328190 464765 505195 608098 490529 374926 361652 359524 233258 382392 565553 452247 999999999 456719 107000 102405 491965 471968 421264 210542 415049 268150 424422 574616 713719 211561 273693 588151 407611 258601 192502 425917 400025 227819 305618 409192 587183 644781 419922 529133 489264 253060 241489 598558 605208 570666 175986 391634 679112 290297 143037 529369 568969 558396 160598 410540 336582 315641 356304 493687 625166 182178 518631 420355 382847 418357 504266 565198 362681 332410 345301 446892 294648 203026 605738 265525 262054 331066 433607 427168 562100 749764 548501 456031 535889 510301 521596 533508 241450 187870 322390 509134 609933 551544 230887 214716 281602 564537
715743 512203 782053 782925 585663 313354 348885 721920 637464 815207 554645 814259 598446 769209 456719 999999999 537889 478041 564145 118623 525798 252234 161990 421418 170873 119952 271833 442574 670171 153616 684674 703734 604117 779722 141444 627020 239441 578185 797490 804317 38077 364027 568151 331181 607059 413957 150789 114048 290031 522291 808986 731277 314567 981022 610041 507010 609018 414542 121134 298397 714882 948194 717065 301560 87255 294848 697159 512134 438511 603396 196400 658808 564436 509492 354682 308765 642890 710271 391135 132592 604106 497261 472454 314714 490525 839027 538939 660024 334921 98925 510326 614726 768822 104095 528069 531931 633939 520687 181693 153720
201063 402829 248168 508960 600276 712122 597485 272976 429620 303227 304753 281652 528194 497874 107000 537889 999999999 70633 452213 534411 517752 304669 469520 370369 476785 657618 802790 187788 299658 677586 320073 165882 85716 458156 497451 260410 351097 352759 655810 721591 502878 636061 585245 360059 291967 705538 688460 651523 247923 486708 760042 271103 226989 443726 665941 662701 75476 402775 416828 422413 252908 413324 713965 285134 590428 444699 287573 383069 499071 526526 464471 386391 283050 546515 401206 308674 563818 172387 258755 406873 373473 527012 667941 840972 653309 470646 637301 595170 542952 605155 185445 82309 230950 576443 714824 528902 259960 295163 356861 657325
271649 413954 316225 554164 606460 673368 571608 284782 460352 373859 332206 336256 474759 542282 102405 478041 70633 999999999 399644 467456 522221 258208 401084 366476 407928 597991 746293 124051 351310 621901 306825 230373 126605 508767 450361 308465 281850 309859 686745 746327 444315 609459 590257 338803 331932 679648 628819 590794 189311 493116 781257 336916 176648 508145 669426 652455 145641 337154 357792 396060 268934 480006 727467 250532 526099 374198 285927 327752 433293 473753 423614 425527 244129 546230 384396 279453 512906 236439 190620 345780 333389 526431 652687 785910 641669 528399 633590 612669 472775 540698 140547 137236 294630 510671 702717 468917 309543 315936 296351 604373
625529 784231 624747 953644 957799 864221 832786 363770 852681 713579 724612 562888 76128 941633 491965 564145 452213 399644 999999999 469950 874314 511114 404666 714207 398483 655092 806758 280406 749836 710003 259173 538057 428923 907919 635737 707859 345576 117803 1076361 1127284 552741 863422 939854 650490 730840 929200 679347 638236 426042 850724 1156167 717538 456960 756295 1011874 959137 505834 149657 495305 681865 377533 751204 1089524 547446 548105 274356 310313 74417 163550 74335 647369 823585 183825 886498 700106 582981 113776 540207 246332 471612 116582 867333 943564 853611 944884 922802 959941 985112 293731 556798 267107 457694 579666 517072 1000208 108699 708617 703226 452525 717498
726832 591252 782578 852049 687613 429846 463936 677090 710320 829118 613118 796590 495568 838234 471968 118623 534411 467456 469950 999999999 621616 294208 74155 499463 74898 185250 337791 402617 715517 242880 624012 697827 587874 840163 250064 670065 191114 501975 887589 902193 133250 481137 669596 407909 658449 532432 209622 168304 295983 613930 910870 759731 331598 975346 717421 620177 609219 323193 160029 389623 673846 947304 821573 351168 78488 195595 644973 426964 331026 501062 297145 721948 500861 610285 440682 368938 538553 703865 337618 152116 525886 596330 587608 384418 603762 892470 648063 755342 218652 88789 466191 603518 761904 49687 643891 424996 676049 579691 195231 257710
548330 120144 639044 326448 84653 417415 248337 790606 199582 602602 243697 741605 940108 315488 421264 525798 517752 522221 874314 621616 999999999 376900 612480 160647 625616 591502 654607 608485 360982 557899 828760 615327 600059 362214 386125 349935 570489 813850 274552 280670 495459 273715 68036 231812 298936 313149 611816 601558 451466 33196 293807 478796 417609 817591 148190 184027 535340 754685 469899 232154 769972 769953 215995 329991 613023 699632 803212 800631 830814 941641 329403 263943 756986 44585 186967 295593 984630 621600 627991 486994 840379 38043 216091 667069 184055 440833 133466 134257 787256 624043 654970 585447 662598 626891 236891 904254 357861 234684 469529 515798
467163 314462 538731 561120 456614 416546 333868 535761 423311 564912 319433 586321 571474 547331 210542 252234 304669 258208 511114 294208 376900 999999999 258060 226838 270418 367053 503250 279314 423267 377703 531466 466873 382140 546277 193026 378656 194041 472282 619258 649953 214387 368992 438182 145222 364447 438663 397279 364793 89992 359239 669412 479089 82066 739860 505125 448446 369369 381120 138600 171067 522703 704105 592066 57916 323916 324517 525990 440202 454050 573769 166955 429084 430140 381613 192827 84292 616997 473699 270654 142134 500097 363375 435580 539275 434512 598476 449656 501765 416850 338523 342975 386197 531443 321277 491244 529823 385120 286322 103904 354247
665350 568296 717220 818949 684063 472887 482492 603209 681147 768070 575825 726388 436570 805175 415049 161990 469520 401084 404666 74155 612480 258060 999999999 477641 13143 252952 408132 329945 669441 305469 550052 630971 518865 801578 266751 623269 120375 429937 870407 892398 159347 504622 665685 387929 616347 561857 279427 237542 240702 600988 905401 705033 279761 907558 720249 632952 544835 255813 143215 381828 600261 880916 819834 315944 150238 132932 570827 357325 277012 441590 302588 686144 426981 606421 426705 339350 480917 636836 263711 125592 454390 590842 604729 454331 616844 849381 654022 744141 184480 161905 392705 535730 694464 123641 662056 370134 628699 543271 154174 313681
440145 91822 529103 362866 245023 417711 262324 642405 216484 513832 162233 617838 780770 349290 268150 421418 370369 366476 714207 499463 160647 226838 477641 999999999 490546 510566 607211 448093 296469 493033 673194 489000 455205 367938 295968 266655 420219 653412 393330 423853 386111 299860 227652 91642 225766 362614 536004 516127 293870 136758 445994 397460 258247 721794 304462 293288 399970 597505 340436 132924 623040 677153 375322 174486 506739 551166 650800 640366 676795 782139 236597 247013 597358 179970 74465 142649 825021 495717 467891 353374 680044 160149 303381 630203 284931 436021 267739 276346 643425 519643 496051 444265 543549 514213 346353 747177 275121 133894 326810 455448
673442 581125 724152 831116 697196 482875 494814 604963 693623 776222 587741 731315 428545 817349 424422 170873 476785 407928 398483 74898 625616 270418 13143 490546 999999999 257437 411709 333484 680358 311587 549612 637423 524502 813280 278919 634118 126287 427166 883383 905518 170206 516625 678820 400929 627766 573418 283146 241425 250800 614086 918544 714591 290322 913532 733297 645652 552188 250304 156342 394967 602538 887429 832958 328266 152770 125223 571610 352996 267640 433688 315403 698137 426374 619553 439814 351998 472600 643219 265664 138707 451220 603982 617198 458133 629525 860592 666981 757251 172141 163635 395249 541884 700657 124531 674486 361096 639470 555281 166515 321308
833246 597938 901046 873110 639825 285020 377572 838471 726365 931829 655274 934200 680027 859618 574616 119952 657618 597991 655092 185250 591502 367053 252952 510566 257437 999999999 156526 559202 776608 65576 796297 823413 724030 876401 214649 734939 351212 682148 866053 861616 155031 380621 623647 424855 711053 413317 30849 19736 409864 593852 859334 844171 433321 1100451 652495 535979 728347 507657 240797 379663 832241 1067145 763691 412255 108086 380758 811697 610214 514377 685651 274280 754919 674476 567737 438708 414322 722447 829974 503732 252404 706985 558769 494781 201936 519787 939707 578939 723474 394294 102395 626363 734665 888507 140309 545425 608122 742212 621545 301644 98953
969588 686708 1041874 961396 685897 265211 412906 993529 815727 1065376 763122 1082210 827154 948460 713719 271833 802790 746293 806758 337791 654607 503250 408132 607211 411709 156526 999999999 714144 891493 125572 952784 967733 872852 974392 323629 852856 507495 837957 923929 904311 302662 400826 672180 531253 822965 407197 128713 170641 557022 664346 892775 969995 576111 1242736 682892 555929 871168 660934 389004 474719 986692 1207354 795081 541029 259303 532798 967672 764636 660312 833084 377102 854063 831002 622589 532770 536020 868180 974438 660028 403510 862521 618218 509553 46958 541309 1043179 610074 778407 534368 249989 781667 881751 1032708 289756 549856 753055 860633 730488 451178 154111
384082 510236 412711 674519 693039 686925 612780 279385 572575 483471 444360 400941 354187 662295 211561 442574 187788 124051 280406 402617 608485 279314 329945 448093 333484 559202 714144 999999999 474662 594877 254040 321901 202799 631438 452962 431097 212127 205372 797057 850821 414790 648255 675743 398565 451291 717976 589202 548421 190250 582291 882099 458689 204856 589106 751717 716568 256154 215008 332175 443882 273272 568232 820712 297057 471775 271035 256784 206891 311297 353712 442052 543491 152597 626182 447914 331777 394180 326641 76361 313698 231961 606496 709261 757280 703956 652434 707226 711469 363976 485393 68331 226061 380560 450358 763105 344994 432573 423743 271313 585653
212211 250920 297556 212958 422114 714145 555229 529261 184133 243967 134461 415391 825407 203299 273693 670171 299658 351310 749836 715517 360982 423267 669441 296469 680358 776608 891493 474662 999999999 771182 604507 305603 350112 158504 569368 46605 570780 652412 386017 466372 632172 591216 414012 360622 70704 648652 804993 778020 431256 328913 513636 119939 390418 459302 490194 543310 265705 682511 561802 421277 505181 410878 496110 369378 746510 691772 561331 678793 777136 824133 514392 116702 582517 403763 367777 362487 862366 310067 533621 564463 672838 389423 569118 918549 541028 182813 494100 373988 792992 760956 484485 324229 333361 744524 597077 819511 42807 163595 520538 737508
844250 576570 916302 852471 599715 222732 330950 873917 705849 940429 645047 957470 738322 839231 588151 153616 677586 621901 710003 242880 557899 377703 305469 493033 311587 65576 125572 594877 771182 999999999 838281 842344 748505 860950 201814 731482 392996 730359 831530 821264 180410 329224 584365 412662 703549 355670 64139 85279 432598 563522 815747 846549 450764 1117175 606972 486359 745672 561276 265800 360162 866157 1081799 719054 416296 169088 436510 850249 661755 573837 743747 258208 739816 717989 530546 419193 412720 781428 849063 544737 281839 755922 523393 443280 164098 470496 927497 533174 687221 456669 165612 662897 756881 907290 201492 491589 667787 739116 611898 328156 43120
431140 718338 403392 817452 912796 940894 862937 110510 749123 500490 624825 317743 321281 807530 407611 684674 320073 306825 259173 624012 828760 531466 550052 673194 549612 796297 952784 254040 604507 838281 999999999 329715 254493 759407 706614 571487 445658 149141 974651 1041643 660551 899243 896784 639136 608794 969308 825042 783279 443601 799244 1079958 538225 453355 505261 976182 956310 338825 331616 581532 690607 129828 506119 1031405 542237 699630 448762 56348 235795 399412 315925 695779 702441 123321 853030 686771 575151 335886 329366 293547 561363 142718 833225 953424 997559 944826 754784 939856 914092 510350 711821 188490 280463 353271 673645 1005296 367447 569322 614264 522462 833012
103946 495218 91124 512451 691502 864622 737214 235301 479083 175849 375516 128928 612552 504625 258601 703734 165882 230373 538057 697827 615327 466873 630971 489000 637423 823413 967733 321901 305603 842344 329715 999999999 119461 447587 658231 286644 511142 423330 691466 769975 668586 776058 679145 500783 335107 843711 854249 817401 413803 582352 815382 215068 391626 278121 759995 779788 98003 527669 582645 566433 210909 250015 787276 440582 755667 592104 277848 480218 621562 609174 621081 418507 354315 651024 535177 459097 639885 6970 398193 572733 435466 632757 792374 1005293 772721 431286 744605 664345 685836 770344 287785 96579 65095 740881 833703 631753 281394 380644 522736 820895
196618 483426 210557 563018 681709 794114 682654 191683 498853 288412 378431 210353 504583 553043 192502 604117 85716 126605 428923 587874 600059 382140 518865 455205 524502 724030 872852 202799 350112 748505 254493 119461 999999999 505870 575045 317272 398505 318474 722704 792819 570715 721156 667136 445489 356280 790771 754833 716449 315910 568510 833452 292882 301651 389375 748113 747947 84754 408833 484185 507313 170159 366076 791895 367618 649571 473547 213994 366854 503298 501816 545257 449109 247618 630084 486912 392716 535327 123954 279157 471652 334495 610706 753596 912514 738714 506146 721481 671537 566555 664017 170129 28929 178191 632632 800239 517861 314926 372797 422512 730788
345875 289585 417956 71479 394617 765766 597422 678866 165307 338027 227076 541817 983349 69917 425917 779722 458156 508767 907919 840163 362214 546277 801578 367938 813280 876401 974392 631438 158504 860950 759407 447587 505870 999999999 662557 200366 711675 810902 271404 361565 742613 628445 393428 451596 188137 674326 902695 880696 570296 337298 414222 235346 528340 538185 454860 541641 421120 836432 681614 500858 654502 489012 424980 489003 861430 837069 714218 836502 930055 982175 603776 121483 740945 406413 442060 473361 1020634 450945 687778 688090 831223 398518 577651 995615 544179 79339 482291 316399 937706 875263 642937 479061 462157 863764 591025 975703 199307 260692 648576 823292
650405 383488 726662 658466 444291 235095 216147 722530 511736 744011 443892 779053 682328 644969 400025 141444 497451 450361 635737 250064 386125 193026 266751 295968 278919 214649 323629 452962 569368 201814 706614 658231 575045 662557 999999999 529806 290282 624561 659349 663453 116896 238089 426843 211811 501854 297860 240186 220988 268051 384638 667563 646468 273731 928233 469188 370303 560340 489272 140691 165330 711035 890603 575691 220722 227972 388388 707859 573380 534825 686263 59754 541108 595218 368348 224187 212660 728179 665114 422540 164478 652075 356553 339209 354693 353928 727331 398751 520110 451049 238351 520370 579160 722355 245050 396186 624364 537487 410545 188247 169757
202893 233861 292470 248581 417586 683429 528332 501583 192548 253930 109774 404090 783164 237664 227819 627020 260410 308465 707859 670065 349935 378656 623269 266655 634118 734939 852856 431097 46605 731482 571487 286644 317272 200366 529806 999999999 524185 612665 408343 484021 588968 565237 407682 323649 51597 625187 763646 735822 384769 317010 528809 132317 344036 468052 486359 528743 234340 637442 517255 386316 477888 420900 502827 325653 702337 645261 530559 636217 731770 782066 476043 133565 543357 390906 335173 320636 820793 291828 488586 519358 633810 375096 551283 881064 525124 229331 483312 379787 746467 716852 443821 292894 322443 699730 582995 775555 8493 132935 474946 698749
549074 505727 598053 736533 649068 521104 490411 489305 606394 651910 491041 606144 395238 722973 305618 239441 351097 281850 345576 191114 570489 194041 120375 420219 126287 351212 507495 212127 570780 392996 445658 511142 398505 711675 290282 524185 999999999 341578 810808 843827 218188 519513 630571 338687 523834 584271 380474 339040 141458 553276 863389 595434 183528 787337 694636 625726 426563 201060 150352 353344 484732 761151 784983 246521 259851 131315 460674 283721 262451 398681 303791 601556 324998 573058 384825 277658 441284 516933 152534 126943 368275 555365 605474 551994 610604 753050 635108 695745 228119 273341 277262 415618 574387 238315 662852 344011 528807 460558 109795 390348
514147 714651 508665 860825 898390 858941 804714 248089 770027 599167 641720 445142 189787 849406 409192 578185 352759 309859 117803 501975 813850 472282 429937 653412 427166 682148 837957 205372 652412 730359 149141 423330 318474 810902 624561 612665 341578 999999999 996155 1053296 559506 838337 881063 600956 640497 906780 709249 667316 382605 787617 1085923 610421 405165 638818 956736 917508 398854 189843 489045 641808 260619 633402 1025902 498100 579851 314806 195874 87709 250544 186075 625247 734610 71032 831106 650650 533447 217135 425117 203798 466587 27859 811466 907403 883966 904337 820126 910883 915672 365696 590763 169739 347403 462805 551412 962421 222473 612537 623852 436324 730923
596944 305112 677916 200481 241189 674517 511655 909661 226682 605869 354539 799232 1148005 201847 587183 797490 655810 686745 1076361 887589 274552 619258 870407 393330 883383 866053 923929 797057 386017 831530 974651 691466 722704 271404 659349 408343 810808 996155 999999999 91818 765614 529220 252897 482519 366424 549391 886211 876043 677183 275202 145753 493128 637423 809505 268621 392221 641673 976028 730999 499866 886087 760278 187648 564425 884703 942121 936696 1002076 1061213 1148294 601494 274791 930776 301721 446908 535017 1189879 696031 835432 745438 1020096 308145 438546 932820 402239 335870 328846 145566 1036092 896218 827289 699806 717568 896770 426165 1124279 412285 373315 720133 789114
678508 343956 761750 291259 221838 646251 492638 982228 294205 693087 416921 881562 1197019 291692 644781 804317 721591 746327 1127284 902193 280670 649953 892398 423853 905518 861616 904311 850821 466372 821264 1041643 769975 792819 361565 663453 484021 843827 1053296 91818 999999999 775079 503895 238042 507264 438580 512718 879215 873344 716187 291922 54040 577655 678410 898947 225049 354361 714061 1018881 750218 512824 959086 849634 120914 598301 891308 974455 1006342 1052873 1100247 1197785 608364 351487 990072 295326 465767 566187 1240046 774871 883035 766812 1078163 307067 401936 908683 367029 427528 295235 148536 1064819 901798 886223 771375 799596 906386 378679 1168265 488801 430397 746825 778243
678805 477301 746023 746776 557989 314631 331117 693614 601700 777962 517190 780537 591324 733036 419922 38077 502878 444315 552741 133250 495459 214387 159347 386111 170206 155031 302662 414790 632172 180410 660551 668586 570715 742613 116896 588968 218188 559506 765614 775079 999999999 349727 540217 295330 569236 404103 185805 150877 255465 490526 781469 693348 278307 945458 585382 486930 573340 403267 86530 265787 685749 912130 690802 263485 120643 289399 670720 497268 435383 595934 166917 621858 541809 481174 320860 271018 636419 675172 367390 101429 585969 468161 454707 343964 470519 801430 515416 629694 340433 133611 482937 580523 733680 131436 511228 527710 595877 483233 148529 172607
737317 345928 824719 598906 288377 145554 38847 894077 463138 813643 457443 904447 914654 587417 529133 364027 636061 609459 863422 481137 273715 368992 504622 299860 516625 380621 400826 648255 591216 329224 899243 776058 721156 628445 238089 565237 519513 838337 529220 503895 349727 999999999 276406 276582 521180 70283 391691 396154 458671 292953 492177 696861 445917 1020255 282215 157475 681435 720542 374974 213984 878330 976268 394559 359685 441199 625619 890125 797090 771604 918173 216062 518065 798961 234366 241489 330099 960684 782968 634718 398461 866193 235674 114255 405134 141954 704993 209249 384254 688608 447383 710976 716684 834568 465662 165919 859801 573730 432409 410981 286615
608628 184816 699118 347357 18521 421840 259334 857966 240002 657610 304839 804431 1004833 338230 489264 568151 585245 590257 939854 669596 68036 438182 665685 227652 678820 623647 672180 675743 414012 584365 896784 679145 667136 393428 426843 407682 630571 881063 252897 238042 540217 276406 999999999 293126 356146 301272 641586 635303 515595 98626 241323 533418 482898 873009 81200 151497 601121 817956 522493 283921 837170 824794 154784 393753 654805 758360 871045 866400 892084 1006516 373332 308783 824659 59389 245765 358780 1049589 685304 693648 540916 907692 75386 193403 680096 157417 472763 89325 107922 843492 664941 722807 652020 724661 671038 198046 967293 415283 299034 527116 541475
469970 183462 554413 451784 311523 369510 237833 623037 306374 554828 232389 628681 713469 438085 253060 331181 360059 338803 650490 407909 231812 145222 387929 91642 400929 424855 531253 398565 360622 412662 639136 500783 445489 451596 211811 323649 338687 600956 482519 507264 295330 276582 293126 999999999 291722 345650 451464 429163 224485 215488 524916 447339 196001 753412 361802 318307 405283 525096 249227 66663 606018 711611 446848 103408 415845 468172 623837 577995 599271 715427 154549 330127 550967 237202 49827 67787 758612 507726 405669 262951 628365 218624 314519 557941 306162 515529 310469 358746 557556 428941 454370 440233 560642 422733 366251 674277 331704 199371 239598 377543
254174 184299 343976 223367 365991 643444 484959 544034 144850 303948 63877 454546 805319 211019 241489 607059 291967 331932 730840 658449 298936 364447 616347 225766 627766 711053 822965 451291 70704 703549 608794 335107 356280 188137 501854 51597 523834 640497 366424 438580 569236 521180 356146 291722 999999999 579443 739008 713189 382590 266137 481879 180820 340760 518687 434762 478810 275780 651261 502133 351314 520721 471212 452676 308652 685413 648932 570272 657994 743939 804642 446016 94465 572504 340359 297274 298336 844396 340541 503259 506526 662820 324933 502562 849315 475635 234036 432386 329629 749582 699667 470796 333597 373144 685103 532949 793031 59145 93265 464720 669162
802159 399618 890302 639216 309764 142033 108191 964304 509748 875875 516205 972323 978772 628492 598558 413957 705538 679648 929200 532432 313149 438663 561857 362614 573418 413317 407197 717976 648652 355670 969308 843711 790771 674326 297860 625187 584271 906780 549391 512718 404103 70283 301272 345650 579443 999999999 419713 430522 528152 337070 493746 757356 516036 1084364 287682 158595 749713 784960 437407 283922 948486 1039752 396673 429963 485554 686166 960395 863809 832668 982480 282499 568706 868351 270183 308540 400238 1024741 850598 703025 461116 934623 276035 111257 403343 147274 752244 220704 407844 744513 490094 780982 785883 901515 512258 142912 922089 633669 493042 476765 315254
863737 622425 931787 898022 657396 286522 391483 868370 751218 962149 682629 965019 702118 884594 605208 150789 688460 628819 679347 209622 611816 397279 279427 536004 283146 30849 128713 589202 804993 64139 825042 854249 754833 902695 240186 763646 380474 709249 886211 879215 185805 391691 641586 451464 739008 419713 999999999 41953 440713 615408 875327 873797 464058 1131253 667342 548351 759142 532791 271642 404284 862339 1097874 779085 441797 131255 405074 841119 636136 535806 707879 299410 781228 702939 586544 463474 443023 743968 860812 532910 283191 733813 578329 505912 174989 532349 966795 593596 742827 413069 123101 656201 765509 919343 162512 554957 629222 770984 648994 332478 105269
829629 604404 896069 878958 651700 303661 391811 827414 732354 928835 658323 926763 662150 865404 570666 114048 651523 590794 638236 168304 601558 364793 237542 516127 241425 19736 170641 548421 778020 85279 783279 817401 716449 880696 220988 735822 339040 667316 876043 873344 150877 396154 635303 429163 713189 430522 41953 999999999 403600 602950 872028 843149 428614 1094872 665935 550745 722947 491309 235065 386317 821654 1062213 776768 411773 90317 363890 799714 594417 496222 667830 280737 759257 661096 578876 445096 415534 704356 823907 491379 245049 691912 569400 510140 216798 534481 942969 592538 734115 375323 83592 615203 727762 882472 122189 561396 589867 742976 624490 294805 117340
432344 373587 493604 595421 533771 499252 423785 454479 467423 534070 349954 525255 489360 581904 175986 290031 247923 189311 426042 295983 451466 89992 240702 293870 250800 409864 557022 190250 431256 432598 443601 413803 315910 570296 268051 384769 141458 382605 677183 716187 255465 458671 515595 224485 382590 528152 440713 403600 999999999 430276 739830 464805 42099 691427 586147 536237 319935 303655 169108 259474 443177 659646 667450 121884 344929 269755 440976 353838 384487 491180 252223 460317 340299 461084 274064 157189 534328 420308 182340 159175 410390 442135 524853 596629 522660 612890 534118 569737 368886 359774 255373 325067 478873 333822 580124 453330 389778 319975 109076 415774
515145 87136 605862 306130 113707 434338 264658 759367 172792 569953 210515 708504 917515 294505 391634 522291 486708 493116 850724 613930 33196 359239 600988 136758 614086 593852 664346 582291 328913 563522 799244 582352 568510 337298 384638 317010 553276 787617 275202 291922 490526 292953 98626 215488 266137 337070 615408 602950 430276 999999999 310353 446277 395004 784824 179682 214809 502929 733920 459450 224946 738547 737282 238932 309781 609501 683377 772805 776776 812014 918862 326414 234654 729689 74907 174357 276337 961722 588606 604458 475412 813928 62393 244329 678926 213700 415202 166303 143393 772968 621040 627188 553483 629434 621789 268269 883593 324975 201722 454948 522061
725814 372158 810224 344359 223480 631105 484986 1023861 337031 743637 455574 929014 1224652 344305 679112 808986 760042 781257 1156167 910870 293807 669412 905401 445994 918544 859334 892775 882099 513636 815747 1079958 815382 833452 414222 667563 528809 863389 1085923 145753 54040 781469 492177 241323 524916 481879 493746 875327 872028 739830 310353 999999999 626814 703405 950789 209965 337632 756181 1043399 762415 523763 1001005 901435 97715 619985 895372 993078 1046249 1081857 1122336 1225693 614620 397682 1024079 300587 480774 586689 1268264 820456 910716 780140 1111268 314949 384867 894415 351707 481158 283356 171056 1081054 905209 920302 812878 846971 912136 354883 1193049 533994 466240 763320 772628
111545 365094 184894 303312 541841 812277 659672 449674 303327 124196 241993 307540 793634 297110 290297 731277 271103 336916 717538 759731 478796 479089 705033 397460 714591 844171 969995 458689 119939 846549 538225 215068 292882 235346 646468 132317 595434 610421 493128 577655 693348 696861 533418 447339 180820 757356 873797 843149 464805 446277 626814 999999999 428142 339601 610037 659579 211857 673467 615515 512078 425223 291435 614427 432008 800814 704910 489281 651149 769743 791357 595780 234416 539393 520812 463712 433991 826421 217740 527513 613797 627246 505653 683170 1000548 656452 216980 612214 492930 805377 815610 451344 264159 227063 794322 713670 799042 123872 264518 566029 816223
401947 334943 467728 553349 500865 498557 409610 454003 426003 502557 307900 507987 522607 539841 143037 314567 226989 176648 456960 331598 417609 82066 279761 258247 290322 433321 576111 204856 390418 450764 453355 391626 301651 528340 273731 344036 183528 405165 637423 678410 278307 445917 482898 196001 340760 516036 464058 428614 42099 395004 703405 428142 999999999 667501 555439 512598 295423 340473 193891 239052 440717 633825 633256 92936 375709 311669 445509 383642 423791 524065 248831 418228 357363 429848 245800 128330 567028 398327 210876 188063 432668 410564 504428 614001 499685 571629 506399 532809 410962 390585 265290 307323 456624 366982 558479 489938 349250 278076 138832 430450
283589 701751 201576 609480 881397 1122709 981938 395238 640877 215405 576846 195221 824156 607671 529369 981022 443726 508145 756295 975346 817591 739860 907558 721794 913532 1100451 1242736 589106 459302 1117175 505261 278121 389375 538185 928233 468052 787337 638818 809505 898947 945458 1020255 873009 753412 518687 1084364 1131253 1094872 691427 784824 950789 339601 667501 999999999 949486 996613 372130 779968 859887 820075 379187 49393 948692 707888 1033786 859672 449808 712852 868569 819264 886680 571002 579777 858933 780069 721687 841095 271855 664898 850526 641689 843122 1017634 1279126 992590 482203 951054 829072 948621 1048459 542448 371906 213515 1018813 1050922 860460 459968 594515 800469 1093883
688143 266010 778442 401452 68849 422197 276033 938777 311217 734157 385172 884915 1075271 394117 568969 610041 665941 669426 1011874 717421 148190 505125 720249 304462 733297 652495 682892 751717 490194 606972 976182 759995 748113 454860 469188 486359 694636 956736 268621 225049 585382 282215 81200 361802 434762 287682 667342 665935 586147 179682 209965 610037 555439 949486 999999999 129358 682320 886213 577482 342359 918089 900959 112427 464456 695026 819951 951252 938949 957026 1077224 420628 381155 901697 125725 312670 428984 1120404 766118 766251 597390 983608 145283 176942 685263 142482 533565 73798 142521 901257 703972 800509 733159 804872 714035 157611 1034893 493780 380142 588433 563875
721854 294893 812378 498354 156313 293478 159707 933292 382312 782597 419809 908119 1017267 488876 558396 507010 662701 652455 959137 620177 184027 448446 632952 293288 645652 535979 555929 716568 543310 486359 956310 779788 747947 541641 370303 528743 625726 917508 392221 354361 486930 157475 151497 318307 478810 158595 548351 550745 536237 214809 337632 659579 512598 996613 129358 999999999 692813 824231 493876 277395 914621 949640 239998 419760 588790 743805 938376 888632 886339 1019978 330712 447869 869094 139979 269722 384802 1063125 786376 718499 515823 945106 153971 47584 556783 16496 620870 64058 253638 817017 596337 772567 737522 831624 610731 54401 969714 536932 404516 516251 443567
