NAME : synthetic_000806
TYPE : CTSP-D
DIMENSION : 100
GROUPS : 8
RELAXATION_LEVEL : 1
EDGE_WEIGHT_TYPE : EXPLICIT
EDGE_WEIGHT_FORMAT : FULL_MATRIX
EDGE_WEIGHT_SECTION
999999999 546505 689504 269004 436746 445252 876558 639329 218889 132966 560453 186549 352780 763171 732565 482462 170893 522776 834064 129871 80910 281982 892759 462064 729538 210441 211214 355194 533726 677068 671591 564625 685577 690137 301511 690231 846819 765734 798107 427716 553469 422351 670595 168625 132285 177949 385893 543620 204366 755047 417972 392887 679888 598762 546399 375985 250764 84095 482375 476140 550471 656182 339684 259666 120878 705394 237486 690931 657384 480606 334364 176993 662066 81857 224453 440841 549685 425584 274377 525714 301059 650103 561509 104936 654853 641539 321740 213160 614293 468032 703940 787229 512875 643247 177500 806246 98912 811596 453033 200663
546505 999999999 640153 625614 270473 433790 351860 450085 443665 679228 638842 711255 536225 224862 476103 394773 408739 324014 350103 459516 468067 273000 359657 400201 425015 336623 690079 604232 408683 658363 536466 45946 368609 182724 616258 342191 320914 656131 384320 627230 586338 124245 593419 378599 585607 654200 266661 128401 353271 336248 156986 234497 193374 667284 135260 177134 464651 522775 524575 472775 503299 400561 472514 634800 623880 279424 441122 149769 111602 66046 361755 487921 516888 530680 762158 421444 487518 422763 758762 412843 594390 609936 574648 472486 692548 197209 316886 348745 632006 500850 342889 295062 186866 661936 513770 259741 623779 679734 175913 642678
689504 640153 999999999 486039 818782 949142 694859 206472 475310 769638 164340 857662 344242 798165 1102497 942314 715203 909731 966432 567779 672016 558058 912596 272497 1058688 604270 899757 376116 978468 37555 1129100 605943 340957 807487 961337 978867 897363 1249318 1022400 1054344 1106844 614249 49073 638281 816195 617124 429745 756376 670865 975164 530780 751687 826858 144257 508816 644596 840188 606396 1029970 993107 155476 1020607 908976 936025 645708 474573 456736 662883 697330 625310 395938 799175 139044 610213 760636 937950 1041513 285104 958541 233244 427595 1169823 1103962 591984 107043 837353 770927 679385 1166113 1006852 981259 912837 453310 83127 514906 767428 674434 1282511 744423 576954
269004 625614 486039 999999999 626138 682542 888989 510935 183724 299849 331552 393365 155522 849246 940869 706894 392065 723374 963691 213420 302822 369190 984321 346456 923787 343547 452910 110426 756304 463700 905146 623797 605706 801104 570404 867433 946519 1009607 959172 695522 809650 518373 482459 337649 398400 134536 375127 675141 387432 911634 469300 565183 801583 366131 564463 498973 504206 195734 734891 719399 382589 858404 592161 526040 176914 675788 184523 742647 732443 568734 279515 436358 506404 193688 274666 675524 788626 299369 499717 402714 60116 900422 815205 222037 424174 778608 524245 399184 871536 717513 877968 910719 509155 421416 128762 867666 209863 1053235 604753 93471
436746 270473 818782 626138 999999999 163325 606294 660843 455311 552849 766888 550558 601608 405025 315794 130283 265923 99013 417830 415345 359754 281626 511210 548294 298803 283102 504134 652192 159902 827037 310980 314750 613829 310197 382042 253485 460175 430612 363585 364176 318729 213706 778186 292557 413900 596879 389504 171252 243806 323233 293777 68409 287172 802386 378492 174222 247586 457004 254237 203107 665511 232460 220404 416870 548249 545523 463823 402511 341101 232204 446960 302361 719022 463299 658842 150971 229320 548448 565541 587187 619881 357632 308889 413544 842335 235125 115473 232565 368795 230413 267329 379907 402088 816480 497446 475769 533759 465154 95051 602834
445252 433790 949142 682542 163325 999999999 764841 806444 535050 533581 877612 503602 692788 550018 304400 61408 290669 150995 524755 470905 384238 392514 640647 676673 322056 363479 438973 731524 102920 953163 226368 478029 770671 451933 276831 319595 589036 327217 438422 215572 161023 367660 911870 350419 374297 621548 521872 328114 303065 410949 441629 213016 423965 914981 538475 317890 199058 492658 91151 44134 793816 244314 120134 327885 565864 708011 547899 562834 499523 393568 560132 273608 860445 496993 647293 12481 106128 668643 487944 722811 690122 225039 155412 460505 960125 367866 179092 291775 217567 67124 336698 498516 556528 936992 557116 626318 543196 370749 258233 637826
876558 351860 694859 888989 606294 764841 999999999 493896 726149 1008839 772509 1051687 759673 247360 700274 715714 755243 630053 403176 770273 802840 594580 278666 569275 635388 668081 1037303 831990 714501 726898 806608 319822 355195 335506 967734 556480 295486 913701 516250 970192 903233 468094 647165 714561 931728 952287 518907 436781 697163 488393 458648 582720 368596 786094 333869 525979 816461 836649 852203 798592 619017 650972 819843 986522 934053 230125 716881 205015 265444 413704 610250 838116 556668 844556 1078067 753139 794871 611775 1106659 539435 842653 902026 888146 788452 785341 420510 667979 694228 938713 829978 546423 371276 381598 752859 802477 164675 940859 923079 517730 931407
639329 450085 206472 510935 660843 806444 493896 999999999 423284 746251 287841 822984 355848 593327 922948 789616 615560 744129 763787 509487 598944 434646 706203 178349 874486 498319 847568 417286 819749 235182 964818 411780 138984 608313 870527 792210 691724 1086020 826187 942607 967306 447965 157438 541581 750864 621985 292653 573086 561622 780019 367190 597551 629813 295475 315225 489742 732352 564649 893126 850441 143301 843797 787734 857299 632527 269224 405565 458059 496062 446561 306388 707151 69335 570611 768217 794474 889465 220439 913244 114619 452080 1018194 961474 534527 291453 645511 635042 567536 1023337 869066 792918 710910 267447 258964 486599 560965 654557 1115386 576946 587075
218889 443665 475310 183724 455311 535050 726149 423284 999999999 324039 361049 399920 160061 668122 771041 549686 257860 554080 779967 92529 197833 186581 803139 245040 749199 174720 429892 198169 596621 466164 749245 444760 483661 617622 489145 688964 764270 860150 777365 593429 677649 334656 453497 186275 341332 226958 207463 491959 232017 729498 288674 390942 617860 399855 394355 316850 383160 141374 600274 575654 332208 687294 463645 460966 218613 527106 18730 566714 552028 385509 126904 330706 443327 147357 362418 526290 639177 206867 493034 308881 165378 759134 679760 117070 452609 595339 363573 243276 739626 579999 698747 727026 344994 436692 76517 690865 235419 901286 424725 205598
132966 679228 769638 299849 552849 533581 1008839 746251 324039 999999999 625248 94032 425399 894678 832796 579272 290450 631612 959473 247915 211671 414453 1023256 567953 836773 343403 164099 405750 630043 752050 755969 697587 804916 819585 324912 804845 976650 838354 916400 463144 615198 555015 757410 300817 162333 168525 510979 671685 332918 875091 550195 515773 807949 661658 677621 507478 334831 184495 552264 557418 642891 761029 417320 267471 125011 833183 341147 823897 789916 613271 448565 261784 760976 177650 114437 531610 632566 526970 200862 631634 349885 717604 626840 225632 719509 767399 437595 340574 672419 542551 819424 914099 641670 713190 261247 938945 95219 885743 579073 208187
560453 638842 164340 331552 766888 877612 772509 287841 361049 625248 999999999 716375 207840 828860 1070100 880900 616504 863537 984317 449693 557267 488415 954503 238643 1034240 516735 765968 221383 922542 135477 1076262 613816 423544 818447 848566 960119 930987 1193336 1021250 954255 1028770 582003 178905 541529 691464 465438 387561 738933 581671 972555 502158 698482 832083 38825 522036 597846 742643 476379 951028 920419 153626 985950 819756 816199 500241 542686 343971 697293 717523 607834 320357 691716 243859 478845 605281 867469 976983 222089 820354 239743 276132 1102362 1028697 471839 94727 831475 699120 591756 1089988 929294 965339 929263 459770 90316 382961 814262 530969 1230622 706424 424532
186549 711255 857662 393365 550558 503602 1051687 822984 399920 94032 716375 999999999 513970 918048 807668 555456 305127 618773 966173 315159 250098 459981 1042133 644903 818912 384400 81541 498104 604529 841376 717775 734684 872125 836638 261750 796172 993690 790110 911589 399422 563110 587870 843344 337193 136680 262554 571870 686840 358027 873263 595525 524102 821577 753204 726074 534986 312112 258667 507401 520949 726474 741580 383685 200756 217234 889261 417970 859411 819471 645432 519797 248280 842042 253129 181333 503782 595444 606166 106836 708738 442077 667451 576910 290687 810887 776698 438766 363113 616852 501354 811717 924146 696291 803554 344455 969041 185541 838067 591469 302148
352780 536225 344242 155522 601608 692788 759673 355848 160061 425399 207840 513970 999999999 751846 915067 704027 417836 700528 885103 243912 351539 321150 885466 198012 887683 329659 559730 72420 749405 327479 902996 524647 456412 718263 642026 821308 852679 1016037 899327 751539 837393 448112 334036 346012 483625 276824 270160 610593 390514 850551 381407 534658 724527 246358 450507 446423 542757 268685 759912 734050 227943 830621 623706 608528 301617 538072 145384 633524 634620 488795 174845 487623 351491 271360 423049 683622 795878 151508 616125 249862 96235 917467 839170 265116 302085 711323 518257 401483 899302 739372 829310 830421 389992 291137 175301 758266 330202 1056138 557626 238315
763171 224862 798165 849246 405025 550018 247360 593327 668122 894678 828860 918048 751846 999999999 453011 494853 612946 404540 177051 683131 683093 496594 135079 594607 388034 555998 887321 821817 484875 823000 563114 227440 474062 98446 785432 309873 102312 667464 274248 763605 674298 344087 749235 594575 786564 878474 482295 238027 562854 242291 379961 403007 129079 852500 308394 387245 642363 745361 631705 578225 681769 406677 625429 815207 846573 343387 664990 135306 117438 287173 579702 681045 662596 753207 982640 539363 563443 625327 953636 590984 815786 662584 657644 695023 868254 185078 492855 556363 704069 611322 299306 132036 371389 836041 738625 84182 844809 675871 333183 867496
732565 476103 1102497 940869 315794 304400 700274 922948 771041 832796 1070100 807668 915067 453011 999999999 253622 565009 217551 334316 728665 661784 593928 480598 840777 65860 598661 743178 967502 203381 1115771 141904 518913 843458 370149 575035 145511 435998 218573 211504 479441 318723 490633 1058163 604585 676512 902396 683820 350000 554914 218813 573443 380874 337636 1103875 610803 473090 498899 765223 327031 294188 954963 84548 424531 629723 850182 739436 779252 537180 472854 478002 754013 571012 987741 770900 945060 303890 227812 848446 790113 869557 935673 253842 298063 724744 1139186 296377 418830 543279 315131 321958 153984 340600 655647 1111212 812108 536692 831457 222888 363681 912259
482462 394773 942314 706894 130283 61408 715714 789616 549686 579272 880900 555456 704027 494853 253622 999999999 319333 91589 463708 493578 415600 392520 581530 670339 264830 375241 493965 747720 51279 948733 199592 440107 744030 396448 336731 258371 529985 312778 377279 275249 191657 343630 903025 369989 423144 655797 512657 280949 320666 349543 422461 192304 367438 917462 508140 300467 245340 522237 137179 83496 787857 187007 175559 386005 601772 672751 560975 516209 451448 361492 560892 317513 846608 527250 691840 55337 99907 666580 545373 712442 709545 228756 180056 485953 960122 311065 186141 308956 238927 116497 275440 438459 532309 935541 579350 572873 581275 352111 223064 668990
170893 408739 715203 392065 265923 290669 755243 615560 257860 290450 616504 305127 417836 612946 565009 319333 999999999 352702 669146 182420 96807 188080 737913 453389 559422 117306 282084 447568 370078 711604 514905 435668 626670 532806 255081 519396 690057 617565 628098 339650 422380 287391 685816 76929 176929 337518 327150 383534 60383 585746 311051 225322 519328 655121 441866 231627 126244 203036 345849 327421 562568 486981 206292 248569 285414 614879 273609 558086 515317 343601 321211 93288 654691 207932 393395 284050 396797 430923 351433 511441 402723 509276 426066 170122 705787 477324 150852 61191 484524 327079 533206 624361 425354 687116 268138 664735 268614 661415 289468 349658
522776 324014 909731 723374 99013 150995 630053 744129 554080 631612 863537 618773 700528 404540 217551 91589 352702 999999999 374737 511461 448826 380169 490040 641286 206771 381181 563716 751149 85900 919549 220745 369958 685445 306097 418270 178510 438473 341912 296529 366340 273181 297146 867855 387647 483106 688494 482425 201452 338157 264164 380105 166243 276489 898597 447354 266937 307114 549917 227331 174125 757881 135530 252882 463054 637868 603371 562767 434015 368061 301904 544286 372721 804820 555862 741044 142332 166421 643843 619681 676967 718395 285928 258397 508225 937281 220064 203372 326609 311695 207672 194775 347521 479762 910774 594612 483681 621142 372932 167203 696625
834064 350103 966432 963691 417830 524755 403176 763787 779967 959473 984317 966173 885103 177051 334316 463708 669146 374737 999999999 776626 753361 596319 147925 746412 269890 640841 921955 951798 436235 989386 466763 370583 649099 167390 790690 216846 110255 552194 124814 738185 614140 445345 917840 670517 829932 972077 616489 293317 629844 121681 503771 444031 162146 1010623 463485 470371 665070 832933 590542 540883 842184 317925 624827 831423 932406 519971 780352 308134 269507 397526 710271 718910 833101 840369 1058400 516790 504116 771837 983031 750814 937970 576434 594884 783702 1030792 192547 527406 620907 629443 574790 200439 55180 524861 999091 843773 243391 924820 550372 381038 967594
129871 459516 567779 213420 415345 470905 770273 509487 92529 247915 449693 315159 243912 683131 728665 493578 182420 511461 776626 999999999 107682 186591 816614 332465 713999 137508 339270 266103 542892 558167 692148 469670 558273 621146 398891 661624 774061 798110 759238 508268 604507 339582 545909 124368 248852 196223 263371 483550 174184 712968 315187 357252 616436 488498 436614 306289 302806 66470 528208 509022 424270 646847 387570 368861 165341 586326 111200 595584 570913 395958 204708 244015 533347 74329 307954 463425 576758 297104 403905 396017 220304 691466 608460 25139 542442 586285 311018 185920 666651 509486 673168 725996 396214 527679 86214 716272 170725 841144 403824 191924
80910 468067 672016 302822 359754 384238 802840 598944 197833 211671 557267 250098 351539 683093 661784 415600 96807 448826 753361 107682 999999999 209885 812206 425985 655368 134769 252947 370117 466509 663826 609763 488054 631510 609319 291502 612936 766083 709751 719258 401677 506831 343825 647947 89493 152089 240714 327975 462713 123538 675675 345586 313209 598978 596082 475978 295855 201560 108764 432216 418911 525183 583463 289346 264261 189053 640314 216016 613927 578455 402042 293154 137472 628990 112789 305040 378380 490160 395189 321662 488153 320908 598353 512486 87340 649769 560818 245937 132592 568739 415279 626266 706365 447294 634443 186100 727660 174292 754380 372376 253836
281982 273000 558058 369190 281626 392514 594580 434646 186581 414453 488415 459981 321150 496594 593928 392520 188080 380169 596319 186591 209885 999999999 630304 286465 567433 76825 456490 376036 434455 560878 588361 285232 438598 437082 441085 504052 588357 704937 590788 508138 548900 153746 522770 125628 350970 382031 142259 306017 129676 542926 136111 213959 434684 524949 266094 130296 298126 249980 471919 436172 402586 509472 355062 436533 350965 432692 190528 411697 384491 209440 168455 281346 479959 257910 490566 381739 489256 276130 526286 337854 350622 615865 546509 199804 568318 409516 213515 134041 608559 448868 513286 544293 240459 544638 247469 530706 352038 742603 239344 373098
892759 359657 912596 984321 511210 640647 278666 706203 803139 1023256 954503 1042133 885466 135079 480598 581530 737913 490040 147925 816614 812206 630304 999999999 723359 415408 687598 1006896 955825 561591 939624 609376 361896 578263 205651 892924 353870 51636 699000 272693 856213 746296 477075 863526 724541 908612 1012334 616487 355572 690447 263293 515040 520462 224317 976334 438533 517139 756034 878133 714635 662713 804847 456387 729029 927491 979299 443217 800066 257471 252174 420954 714077 800626 774724 885934 1113849 631241 634880 756025 1071616 715153 950598 717064 727869 827833 988550 276734 609407 683258 766862 696635 338850 146628 501348 956029 873379 145789 976530 698143 451502 1002002
462064 400201 272497 346456 548294 676673 569275 178349 245040 567953 238643 644903 198012 594607 840777 670339 453389 641286 746412 332465 425985 286465 723359 999999999 801464 338373 671479 268123 707501 278761 859200 375839 259395 580121 705938 725207 696918 978825 783003 789188 834697 350160 236323 377121 576995 448024 158919 502827 404398 734397 267897 480636 593447 267828 286286 374653 575607 386412 758032 720659 117520 757471 639973 687950 455329 343232 227237 466104 481191 371022 133599 542085 203167 392314 593178 665460 769315 47122 736345 63841 290889 897480 831583 357588 298601 593455 498659 412026 893752 734774 729642 691289 223376 270464 308913 587137 476613 1013150 478460 415069
729538 425015 1058688 923787 298803 322056 635388 874486 749199 836773 1034240 818912 887683 388034 65860 264830 559422 206771 269890 713999 655368 567433 415408 801464 999999999 580242 758755 943266 219297 1073559 199091 466229 789587 307427 598290 84883 370361 284251 149101 514240 364172 452312 1013432 591343 684895 894513 646727 302484 542416 153052 533590 358833 275400 1066987 560269 441804 507111 755263 360548 320597 913795 77864 440264 649899 844419 681710 756019 476288 413061 433486 722142 576164 940401 761396 947087 319023 263143 812153 809770 826678 914541 310694 343754 712316 1100009 237814 409546 531065 368482 351510 90400 274765 608196 1071260 795330 471495 827909 288302 330622 901472
210441 336623 604270 343547 283102 363479 668081 498319 174720 343403 516735 384400 329659 555998 598661 375241 117306 381181 640841 137508 134769 76825 687598 338373 580242 999999999 379673 372889 421914 603030 574713 354243 512051 488391 372386 525229 643314 686559 621755 451022 512054 212849 572798 48832 274228 331344 210439 347525 66599 575462 211170 221742 481782 554719 342126 171761 237238 192333 434309 405306 450093 515562 305504 363426 292773 509513 185750 480498 447891 270971 208372 209799 538415 199898 426646 354104 466219 319167 449462 395146 337469 588434 512317 142860 602539 449687 189110 75586 573382 412728 536426 591016 317162 581696 215232 596285 288946 727147 266318 329390
211214 690079 899757 452910 504134 438973 1037303 847568 429892 164099 765968 81541 559730 887321 743178 493965 282084 563716 921955 339270 252947 456490 1006896 671479 758755 379673 999999999 552523 541385 886199 646658 717749 884457 801421 183342 742185 957274 714167 859446 319545 486467 569456 881664 330863 106094 328178 580860 651755 340504 823457 588449 486440 783767 803705 719963 513031 257952 293391 434387 452259 761684 680966 319075 122106 276556 889180 448544 839699 794872 625355 541292 206419 872587 289575 262203 440491 525676 636222 69894 734813 496602 591136 501085 314135 860685 735943 397776 343079 538699 430288 758269 882732 696741 850866 385326 943656 243308 762225 555669 365534
355194 604232 376116 110426 652192 731524 831990 417286 198169 405750 221383 498104 72420 821817 967502 747720 447568 751149 951798 266103 370117 376036 955825 268123 943266 372889 552523 999999999 794787 353305 947305 594411 524560 785500 653940 879657 922219 1057540 961632 771440 869934 511176 374472 381187 487431 244063 339546 673169 428720 913057 448228 586702 790536 256597 522128 504518 568849 273426 793202 771322 281623 883416 653465 614816 280964 609748 188390 704918 704447 554528 242618 507553 405035 274029 384969 723121 836292 222379 603414 316311 56086 954599 873253 283045 314628 774990 561659 440193 932075 773827 888406 897375 461984 311065 184218 829823 312688 1099056 615036 203151
533726 408683 978468 756304 159902 102920 714501 819749 596621 630043 922542 604529 749405 484875 203381 51279 370078 85900 436235 542892 466509 434455 561591 707501 219297 421914 541385 794787 999999999 986252 153969 454578 766852 386792 379061 223853 510506 271522 341255 303932 189589 371837 938055 418916 473145 706851 548924 287302 369339 318185 453132 226879 355907 958655 529197 334062 295668 572815 154317 105844 824867 141731 222310 430783 652961 688099 607352 519678 453558 382753 602189 368369 878606 577920 742807 100956 80664 706072 590864 747071 757664 202033 173726 535871 1000003 299809 233436 357592 225834 139277 241087 416128 558258 974708 628409 565560 632547 308149 245052 719691
677068 658363 37555 463700 827037 953163 726898 235182 466164 752050 135477 841376 327479 823000 1115771 948733 711604 919549 989386 558167 663826 560878 939624 278761 1073559 603030 886199 353305 986252 999999999 1137900 625768 372061 828751 954478 994747 922958 1257585 1041890 1051231 1109575 625905 80048 634860 805440 596304 437562 771854 669552 994270 542617 759394 847092 110662 529025 653248 837303 593378 1032342 996947 161669 1033231 908462 927018 627481 504354 447838 687911 719927 640156 395626 793466 170239 596781 738258 942197 1047421 285208 943517 246962 406362 1175262 1107387 581896 69536 855452 774346 678510 1169427 1009521 997723 935405 471680 48127 500875 794930 657027 1291765 755491 555738
671591 536466 1129100 905146 310980 226368 806608 964818 749245 755969 1076262 717775 902996 563114 141904 199592 514905 220745 466763 692148 609763 588361 609376 859200 199091 574713 646658 947305 153969 1137900 999999999 582032 902782 471108 468773 257197 561965 121215 348124 356782 185027 517802 1087794 569086 594579 847860 700337 408790 519981 346419 600555 379041 438012 1112235 664844 484700 423712 717742 213307 198553 976310 156552 338651 527451 792231 813121 760395 626237 559611 521086 755910 498701 1025538 722329 870241 231448 123403 859086 685882 896787 908969 112115 164772 683530 1153040 387444 385673 508302 173705 216533 271106 464698 699848 1127389 778145 647171 769382 154390 387941 863574
564625 45946 605943 623797 314750 478029 319822 411780 444760 697587 613816 734684 524647 227440 518913 440107 435668 369958 370583 469670 488054 285232 361896 375839 466229 354243 717749 594411 454578 625768 582032 999999999 324685 204910 652273 382541 328049 701482 416457 668518 631555 148322 558512 398793 612393 661707 254869 173478 378156 369352 156553 275245 221367 640639 97215 206365 499859 534508 568986 517502 473748 444640 512484 668057 634955 233521 440307 126510 110036 94866 352273 518444 479522 542466 775704 465637 533302 402432 786989 382555 588795 655877 620079 484615 663012 233786 354421 374795 677665 545142 382146 315481 155297 631836 517479 247137 637194 724552 219807 647460
685577 368609 340957 605706 613829 770671 355195 138984 483661 804916 423544 872125 456412 474062 843458 744030 626670 685445 649099 558273 631510 438598 578263 259395 789587 512051 884457 524560 766852 372061 902782 324685 999999999 503498 878554 705215 568487 1023251 723709 931656 930714 403019 292680 559709 781881 701503 303840 496880 567897 679967 334240 557655 528860 433608 238130 455653 731160 620431 860769 813489 272733 769119 772840 874974 701747 135354 468326 341030 389048 384100 357057 719943 202073 627378 843858 758273 842043 306515 952952 208878 550229 968697 922145 582069 430248 553520 612502 571164 982551 836406 703447 598453 214944 397836 555745 432479 718932 1048049 522225 670888
690137 182724 807487 801104 310197 451933 335506 608313 617622 819585 818447 836638 718263 98446 370149 396448 532806 306097 167390 621146 609319 437082 205651 580121 307427 488391 801421 785500 386792 828751 471108 204910 503498 999999999 691986 224683 157264 579524 220213 666008 576324 283806 759413 522796 702964 817361 449232 149923 486696 177511 337273 315002 33145 845530 300089 316676 551956 680418 533264 479797 678426 315738 530247 724165 781146 383612 616965 171301 114461 232610 543511 595084 677228 688083 912712 441400 465740 604702 866457 587134 773222 567623 559884 630420 867572 87111 404244 479090 607266 512930 217029 112344 360097 836224 683935 179192 776432 591492 245873 810117
301511 616258 961337 570404 382042 276831 967734 870527 489145 324912 848566 261750 642026 785432 575035 336731 255081 418270 790690 398891 291502 441085 892924 705938 598290 372386 183342 653940 379061 954478 468773 652273 878554 691986 999999999 594139 841691 531257 713106 138648 303388 509122 934966 329434 174614 465769 581827 548012 311429 682429 552761 387116 669161 887361 678862 449030 152837 380623 255466 280853 811622 520789 165880 61256 407904 855210 507136 763402 709144 557486 572628 163883 908321 380512 435130 281400 350926 680176 217137 765276 601107 408124 318487 376932 941256 616296 299828 307493 355435 254763 611012 758028 671570 925837 471056 852067 376459 579341 455548 496215
690231 342191 978867 867433 253485 319595 556480 792210 688964 804845 960119 796172 821308 309873 145511 258371 519396 178510 216846 661624 612936 504052 353870 725207 84883 525229 742185 879657 223853 994747 257197 382541 705215 224683 594139 999999999 305417 357606 118988 527781 397349 378820 933093 541931 660010 848278 572832 222971 494609 95725 458066 304539 192125 992004 477381 375246 485185 707732 377088 329670 835928 102517 429946 640777 800929 596831 694335 392103 328425 354959 652407 548920 858647 714323 912004 313475 287780 738242 798044 747795 854100 363286 378043 662418 1023266 152931 368728 483784 413624 363107 17236 208021 526883 994002 740040 393975 787100 367152 264714 851971
846819 320914 897363 946519 460175 589036 295486 691724 764270 976650 930987 993690 852679 102312 435998 529985 690057 438473 110255 774061 766083 588357 51636 696918 370361 643314 957274 922219 510506 922958 561965 328049 568487 157264 841691 305417 999999999 654566 232184 804605 695826 434661 848341 679040 859662 970139 582722 306850 643733 217382 477635 470996 173788 954352 410695 472076 705548 834671 663325 611294 783411 407829 677617 876709 935697 435060 762014 235346 218221 379792 679763 751163 760805 842416 1068809 579613 584317 727481 1021633 692802 914718 668662 677548 784468 969316 225405 559574 636243 717425 645200 290909 97397 473686 937007 833218 142522 931994 655690 402443 961046
765734 656131 1249318 1009607 430612 327217 913701 1086020 860150 838354 1193336 790110 1016037 667464 218573 312778 617565 341912 552194 798110 709751 704937 699000 978825 284251 686559 714167 1057540 271522 1257585 121215 701482 1023251 579524 531257 357606 654566 999999999 428212 402528 227920 638860 1208336 676990 676048 943516 820101 528019 628852 437303 721479 498221 546424 1229686 785485 604728 515006 818483 286243 290849 1096104 264796 426410 592234 886535 931391 872172 740003 673801 642148 873095 589457 1146623 822478 952643 334839 221455 977548 744388 1017304 1017064 123183 213215 787586 1271449 498908 497803 617351 182824 298085 368883 558933 821020 1246226 884323 751580 861515 48090 509115 962222
798107 384320 1022400 959172 363585 438422 516250 826187 777365 916400 1021250 911589 899327 274248 211504 377279 628098 296529 124814 759238 719258 590788 272693 783003 149101 621755 859446 961632 341255 1041890 348124 416457 723709 220213 713106 118988 232184 428212 999999999 644884 506762 451218 974913 643539 775073 950187 639115 288736 598138 48936 522989 406554 196400 1050706 513612 460522 601854 809407 492908 447025 887618 208507 548722 759402 905272 602494 780732 388306 334673 415014 726250 663603 894691 816338 1021493 432433 400190 801989 916170 797075 940793 459449 486773 762374 1076858 190024 478827 587871 515825 480102 102107 144973 570306 1046248 833916 352214 893454 425575 355591 950973
427716 627230 1054344 695522 364176 215572 970192 942607 593429 463144 954255 399422 751539 763605 479441 275249 339650 366340 738185 508268 401677 508138 856213 789188 514240 451022 319545 771440 303932 1051231 356782 668518 931656 666008 138648 527781 804605 402528 644884 999999999 176989 538213 1023760 416380 308519 598590 649957 535131 384793 621740 597757 393273 638784 993012 713276 480215 214161 501319 153695 198117 900864 440174 159234 198803 540239 888860 610293 765827 705226 576987 659046 264325 987383 502429 573772 225246 252193 769516 342761 844495 720871 280010 195117 489015 1044633 582920 321127 377319 221880 164785 545016 713691 718000 1026534 587223 837988 509872 450425 453490 626742
553469 586338 1106844 809650 318729 161023 903233 967306 677649 615198 1028770 563110 837393 674298 318723 191657 422380 273181 614140 604507 506831 548900 746296 834697 364172 512054 486467 869934 189589 1109575 185027 631555 930714 576324 303388 397349 695826 227920 506762 176989 999999999 527921 1070539 491411 453582 730993 681428 471479 447829 492965 602627 373379 545257 1066674 696938 478896 305656 614630 77745 117404 951374 298490 217568 364442 672983 863764 692043 706154 640671 550913 714733 376785 1020772 617609 728955 173184 111613 824451 516882 882318 824623 104748 20661 590263 1113614 489287 336072 437374 62147 100054 413980 599833 717010 1091565 689537 755149 645870 276010 413288 753369
422351 124245 614249 518373 213706 367660 468094 447965 334656 555015 582003 587870 448112 344087 490633 343630 287391 297146 445345 339582 343825 153746 477075 350160 452312 212849 569456 511176 371837 625905 517802 148322 403019 283806 509122 378820 434661 638860 451218 538213 527921 999999999 571471 254355 464202 535522 194444 162496 230356 402441 83469 154646 283216 614690 175115 60096 356286 401288 457811 410596 464664 407523 379350 521692 502499 350863 335138 271568 235109 58258 275500 370636 507766 409128 639164 355270 443008 359924 638669 381038 493642 571302 519866 350954 648666 263826 217533 226627 580804 433449 385016 392400 189170 620579 400130 383931 501034 669846 130407 526765
670595 593419 49073 482459 778186 911870 647165 157438 453497 757410 178905 843344 334036 749235 1058163 903025 685816 867855 917840 545909 647947 522770 863526 236323 1013432 572798 881664 374472 938055 80048 1087794 558512 292680 759413 934966 933093 848341 1208336 974913 1023760 1070539 571471 999999999 608967 794755 610311 390589 710970 639225 927848 488069 711625 779144 168635 461315 603994 809728 588615 994072 955939 123388 976726 875980 912191 634886 425849 434777 613941 648885 580423 364805 771860 90609 592956 755666 900494 1002540 255062 942263 191034 422839 1131129 1067044 570567 144690 790536 734474 647273 1129237 970710 935176 864350 406744 115054 499026 718373 662306 1240783 701845 570975
168625 378599 638281 337649 292557 350419 714561 541581 186275 300817 541529 337193 346012 594575 604585 369989 76929 387647 670517 124368 89493 125628 724541 377121 591343 48832 330863 381187 418916 634860 569086 398793 559709 522796 329434 541931 679040 676990 643539 416380 491411 254355 608967 999999999 225397 306794 256967 378076 49816 598492 259076 237750 513889 580016 390332 207489 202511 166014 414003 390180 485689 523144 278540 317083 262622 558317 200737 524527 489110 312586 244520 165679 579017 172834 389918 342229 455560 354025 400669 435888 340205 573552 493508 120994 630007 478203 186652 61554 553364 393768 554197 622218 365994 610861 209495 638235 254428 719247 291030 310458
132285 585607 816195 398400 413900 374297 931728 750864 341332 162333 691464 136680 483625 786564 676512 423144 176929 483106 829932 248852 152089 350970 908612 576995 684895 274228 106094 487431 473145 805440 594579 612393 781881 702964 174614 660010 859662 676048 775073 308519 453582 464202 794755 225397 999999999 291210 478040 553041 234651 736593 482401 389049 686903 729933 613912 408474 177983 215598 389932 396096 672917 607979 256260 127801 233290 783571 360031 735011 691539 520530 444759 111602 779619 213970 276721 373257 471244 544483 175963 639578 433075 555508 464817 224317 785598 641092 302633 237599 511583 380389 675440 788473 591389 773012 308791 840728 201980 723414 457223 321789
177949 654200 617124 134536 596879 621548 952287 621985 226958 168525 465438 262554 276824 878474 902396 655797 337518 688494 972077 196223 240714 382031 1012334 448024 894513 331344 328178 244063 706851 596304 847860 661707 701503 817361 465769 848278 970139 943516 950187 598590 730993 535522 610311 306794 291210 999999999 434237 678790 353688 904814 505533 544497 812363 500454 619309 502052 428651 140796 660301 653531 503477 823558 517622 415104 58462 753427 238419 786466 765200 591421 350564 354900 625943 134001 146810 616560 726616 402668 369387 509196 189944 828041 739319 188616 558504 781019 485139 364621 791534 645947 860786 921839 571700 554944 150473 908837 89389 989222 596246 41065
385893 266661 429745 375127 389504 521872 518907 292653 207463 510979 387561 571870 270160 482295 683820 512657 327150 482425 616489 263371 327975 142259 616487 158919 646727 210439 580860 339546 548924 437562 700337 254869 303840 449232 581827 572832 582722 820101 639115 649957 681428 194444 390589 256967 478040 434237 999999999 352959 270804 590186 116169 322057 457323 420386 189451 215735 440368 328868 605693 565994 276007 600086 495445 573741 420677 323354 198019 368537 364906 224190 97787 420116 340438 336426 565565 510351 612034 165494 649617 200946 335734 740560 677235 285384 455776 449246 346019 275956 739418 582002 578466 561561 137532 428604 283946 493771 431974 854244 320548 412500
543620 128401 756376 675141 171252 328114 436781 573086 491959 671685 738933 686840 610593 238027 350000 280949 383534 201452 293317 483550 462713 306017 355572 502827 302484 347525 651755 673169 287302 771854 408790 173478 496880 149923 548012 222971 306850 528019 288736 535131 471479 162496 710970 378076 553041 678790 352959 999999999 339383 239998 237067 165626 136315 770153 261347 177660 404385 539649 416231 362860 612972 272693 390252 577189 639325 404709 494147 235337 171410 132042 437791 445358 638365 547105 767324 316369 367578 517660 717166 524892 653781 486209 458036 490385 800521 103507 255308 331208 512880 393629 226827 244149 306069 771123 552643 305105 632498 551333 96086 674891
204366 353271 670865 387432 243806 303065 697163 561622 232017 332918 581671 358027 390514 562854 554914 320666 60383 338157 629844 174184 123538 129676 690447 404398 542416 66599 340504 428720 369339 669552 519981 378156 567897 486696 311429 494609 643733 628852 598138 384793 447829 230356 639225 49816 234651 353688 270804 339383 999999999 553800 250701 191595 475690 619846 381636 177122 171495 213347 370139 343705 516619 473682 239157 308287 307154 554496 245243 501849 461639 287548 274952 152628 603494 219799 428562 294451 407573 385761 410162 460326 389004 527185 448911 170092 668314 437298 136838 11757 509478 349127 507241 582865 365164 647840 259162 611227 296123 670694 248916 359063
755047 336248 975164 911634 323233 410949 488393 780019 729498 875091 972555 873263 850551 242291 218813 349543 585746 264164 121681 712968 675675 542926 263293 734397 153052 575462 823457 913057 318185 994270 346419 369352 679967 177511 682429 95725 217382 437303 48936 621740 492965 402441 927848 598492 736593 904814 590186 239998 553800 999999999 474056 362500 151194 1002148 466566 412747 565509 764112 472052 423718 839488 196244 516985 726589 860706 561106 732631 347991 291523 366102 677374 624992 848308 771134 978941 403944 383502 753141 881733 749090 892629 455281 473570 716669 1028662 141173 437706 543750 507780 457392 78986 121922 522596 998150 786818 323725 849639 439945 309145 904833
417972 156986 530780 469300 293777 441629 458648 367190 288674 550195 502158 595525 381407 379961 573443 422461 311051 380105 503771 315187 345586 136111 515040 267897 533590 211170 588449 448228 453132 542617 600555 156553 334240 337273 552761 458066 477635 721479 522989 597757 602627 83469 488069 259076 482401 505533 116169 237067 250701 474056 999999999 230634 343190 533960 131515 123743 401882 380854 530203 485306 381546 490637 438751 556989 480459 304153 285047 281008 263429 108291 206564 401761 425517 388814 622670 429443 522286 280615 658341 297570 437406 651003 595809 331595 566488 333195 278305 250876 657364 505911 463185 449211 120372 538027 360944 403561 484489 752975 213778 490908
392887 234497 751687 565183 68409 213016 582720 597551 390942 515773 698482 524102 534658 403007 380874 192304 225322 166243 444031 357252 313209 213959 520462 480636 358833 221742 486440 586702 226879 759394 379041 275245 557655 315002 387116 304539 470996 498221 406554 393273 373379 154646 711625 237750 389049 544497 322057 165626 191595 362500 230634 999999999 297885 733981 326679 108173 239880 403750 303329 256008 597988 296714 238072 412835 498747 499061 398586 377761 322058 184662 378608 280185 654307 410500 617150 200624 292209 480148 551571 520778 556107 421060 365716 357932 774070 252888 89850 181336 427007 278977 316522 400304 343637 748350 436974 465779 487146 533322 69825 547449
679888 193374 826858 801583 287172 423965 368596 629813 617860 807949 832083 821577 724527 129079 337636 367438 519328 276489 162146 616436 598978 434684 224317 593447 275400 481782 783767 790536 355907 847092 438012 221367 528860 33145 669161 192125 173788 546424 196400 638784 545257 283216 779144 513889 686903 812363 457323 136315 475690 151194 343190 297885 999999999 860142 318146 310332 531794 674114 503820 450544 694653 282593 506097 703178 774299 411784 618208 201576 141294 236008 549715 577849 698380 681667 903446 413720 434365 615927 847905 603627 775963 534944 528566 624471 883991 56426 385996 467515 575251 483908 185040 109662 376330 852971 682140 211304 768215 558646 230197 806762
598762 667284 144257 366131 802386 914981 786094 295475 399855 661658 38825 753204 246358 852500 1103875 917462 655121 898597 1010623 488498 596082 524949 976334 267828 1066987 554719 803705 256597 958655 110662 1112235 640639 433608 845530 887361 992004 954352 1229686 1050706 993012 1066674 614690 168635 580016 729933 500454 420386 770153 619846 1002148 533960 733981 860142 999999999 547382 632377 781286 514715 988941 957906 171579 1019889 858128 854830 536661 557274 382745 719763 742685 638593 356603 730532 244216 517083 638730 904751 1013900 255446 857538 261551 311971 1139596 1066428 510600 58050 861260 736307 629858 1127805 967109 996846 955703 485776 62606 421305 834733 567695 1266621 740242 459443
546399 135260 508816 564463 378492 538475 333869 315225 394355 677621 522036 726074 450507 308394 610803 508140 441866 447354 463485 436614 475978 266094 438533 286286 560269 342126 719963 522128 529197 529025 664844 97215 238130 300089 678862 477381 410695 785485 513612 713276 696938 175115 461315 390332 613912 619309 189451 261347 381636 466566 131515 326679 318146 547382 999999999 233487 526586 503049 629384 580354 378768 533996 554302 686167 600184 176680 386415 183258 195488 146766 285613 531588 382594 510934 744259 526001 605221 317508 789855 287398 523422 731185 687381 455277 567673 330429 392357 381247 747051 605092 477770 408742 63002 536209 470214 307760 607303 811116 285333 599951
375985 177134 644596 498973 174222 317890 525979 489742 316850 507478 597846 534986 446423 387245 473090 300467 231627 266937 470371 306289 295855 130296 517139 374653 441804 171761 513031 504518 334062 653248 484700 206365 455653 316676 449030 375246 472076 604728 460522 480215 478896 60096 603994 207489 408474 502052 215735 177660 177122 412747 123743 108173 310332 632377 233487 999999999 296193 363990 406577 361597 491627 388665 321064 462135 464533 409885 320628 326669 284527 112489 281040 312139 546141 371602 596810 305715 400367 377214 581859 413024 480769 529222 472221 314199 670382 280951 159091 171954 533885 382265 383894 419789 240710 643845 375265 434115 459951 638521 111264 497320
