NAME : synthetic_000592
TYPE : CTSP-D
DIMENSION : 100
GROUPS : 8
RELAXATION_LEVEL : 1
EDGE_WEIGHT_TYPE : EXPLICIT
EDGE_WEIGHT_FORMAT : FULL_MATRIX
EDGE_WEIGHT_SECTION
999999999 102415 506509 827933 854423 391178 1056126 969572 820656 847016 512967 610760 711897 485095 580037 551571 567756 518339 781083 682781 655462 429344 546978 400253 99839 1097234 734409 85409 1063391 430694 481273 290921 628774 874966 863929 707427 795798 979087 933149 845228 339293 264449 1297363 834384 1150145 285091 635546 701928 617165 159195 1006389 1093704 922930 494688 1070371 748132 306543 384548 578880 885161 553205 870952 727073 1004047 593915 647780 660439 858968 625696 666019 118529 794001 327508 494550 1283162 538148 891968 931158 836240 914220 61053 754151 369823 953383 314467 581540 606747 1175984 994804 633824 167263 1116730 880832 854948 268896 874393 894465 573673 866450 219808
102415 999999999 542012 856138 887809 324978 1060018 983032 769432 832411 492617 645953 734060 453267 535348 541992 637880 586122 837698 728472 669173 494924 545875 465355 160693 1094081 789878 109821 1079583 503140 444142 362482 702575 954188 818000 786065 790503 975276 979215 902019 323679 188476 1314557 814219 1178959 368967 593443 760190 701386 84241 974414 1124934 898362 513378 1099704 701671 275722 464449 638321 877081 561434 877589 786567 1004506 676810 686806 717493 853019 583990 674412 127929 774936 320657 442036 1296722 555822 857571 993285 888856 967736 119637 812871 441046 907671 366461 626901 551482 1182236 961661 694826 227995 1136678 818969 847381 204218 928014 902054 646623 812292 186138
506509 542012 999999999 322499 348060 467640 584075 480083 612166 454550 281649 104480 216157 330775 425210 238746 236714 199313 323028 193471 189430 178050 195407 183220 406671 641793 275377 438339 567535 219319 354746 262726 299380 533251 616758 391824 374487 532479 440130 384047 285334 488785 797916 467952 643782 316007 439780 258850 378441 494839 666141 587206 561073 89830 563981 533598 345322 270764 171545 461817 151076 401515 286695 543284 352670 145152 217769 431036 432375 217424 414451 430897 265170 431304 788254 99193 580624 486735 361222 439583 447659 307247 224051 688098 199610 99563 494256 695120 661414 218163 341851 615738 719748 433515 453822 401224 420994 260518 663722 392554
827933 856138 322499 999999999 53951 709701 313520 189368 641062 352302 459429 220424 128401 525032 566484 388406 412028 417722 254241 196472 210006 459675 355289 478170 728211 390305 247377 756599 256554 489910 551057 577158 427043 527940 611763 475361 273472 316095 203186 265591 560636 771729 478625 394197 322973 623665 545106 277855 533481 799949 556896 269284 456500 344649 243570 584118 622862 553342 336743 309188 316133 186207 283806 299547 519503 194141 281848 285199 543144 226881 730466 379923 550555 624135 473563 304391 525904 354558 222295 259890 768358 274330 521373 647654 521342 270571 632666 401084 560670 320893 664256 296267 756848 297398 735464 243481 186529 431779 682679 690411
854423 887809 348060 53951 999999999 755005 337866 212312 694872 403774 507465 243672 173754 572896 618077 436764 405352 417946 221172 194717 257429 469482 401703 490427 754591 418122 223695 785898 261160 496230 599097 593897 411467 488457 664994 450186 326516 355015 149302 222431 600270 811651 468812 446530 297546 636968 597969 258536 517178 834845 604706 239488 506051 381009 217968 638061 662763 560489 335487 357696 359915 232492 259402 332877 505685 209099 270630 335115 595813 277179 761017 433251 588423 673165 469321 342870 577769 305343 179687 208792 795717 245497 533103 699358 543599 282809 684820 412352 609169 310848 688903 289158 810596 347767 775436 195905 229084 423098 736254 726824
391178 324978 467640 709701 755005 999999999 831303 783568 448541 570227 256153 548721 581844 192931 229579 325991 665590 613553 789347 653905 499923 533768 354581 510278 354532 846935 742347 317601 882668 564690 170515 461433 736029 988235 501480 830993 553804 731259 881353 848439 188600 137941 1111506 540638 1014070 506478 288585 726307 780511 241576 673730 969916 612387 392633 940134 386469 143871 562679 625922 627731 395296 666064 754224 769616 752595 595623 684584 610296 280422 488377 290090 505967 215397 129516 1084522 420638 555642 952887 821202 896989 352131 774820 513744 590388 404776 567127 229995 954887 659432 679534 367665 947719 494028 601015 122792 860696 691446 684164 489194 185327
1056126 1060018 584075 313520 337866 831303 999999999 125636 572639 277270 582955 499841 370694 640394 624478 522131 721867 721377 558993 507013 404591 748332 514149 761447 960447 83079 559077 975506 129196 783684 661055 846398 740427 820423 517393 786934 277771 111397 439695 553579 737991 931695 291761 321311 293692 899982 577588 591055 846865 989306 368307 298065 311411 565439 271131 552877 793129 844187 643482 210104 502922 185863 595338 63997 832346 490156 594786 222075 581166 390337 944898 342097 739369 713787 257131 522473 407554 617059 512891 518506 995084 583040 804250 507916 777477 564160 670659 123876 380324 633231 905648 185546 671437 232838 897263 519717 163868 742702 594432 877123
969572 983032 480083 189368 212312 783568 125636 999999999 595605 283331 528153 388381 263933 590674 596703 460883 600393 602919 433480 384852 314618 636196 443312 651495 871648 206157 433625 891998 99210 669640 614017 742433 616305 696988 549762 661377 244273 164905 322490 429869 667239 870545 332606 331693 249414 793517 558399 466041 722727 917384 438347 227989 356757 474888 196117 559236 726045 731579 523436 217174 421690 119446 469840 129068 708870 373269 471211 211128 559865 309325 862859 337976 664361 676078 313963 431424 445991 498435 388581 399255 908687 457404 694693 560172 677977 448891 652332 216747 446875 510151 812879 164952 704338 225315 834969 397463 94980 620613 626604 804998
820656 769432 612166 641062 694872 448541 572639 595605 999999999 312342 356915 621491 554371 350477 242709 375636 847870 811121 845195 714740 487414 769907 417057 760809 758012 545908 811845 738099 676968 811637 345900 774531 906193 1110404 66482 993421 371330 462117 844167 882942 502503 585970 860152 263991 842868 833393 193970 818201 990566 685191 267647 822954 265301 526672 790781 80932 516995 842896 775327 379110 462237 490121 840419 511411 964823 655879 790094 385497 203866 453060 705938 264670 525908 327733 819678 514579 170730 984358 842365 896635 770546 848150 787575 145487 695057 681371 218636 677832 250770 808343 741283 744770 116237 371152 565379 873116 508402 872011 52104 600871
847016 832411 454550 352302 403774 570227 277270 283331 312342 999999999 339961 413485 303379 387178 352302 295662 661116 640052 588356 478245 272265 632546 307452 635407 759284 277995 565526 762408 367738 673843 403872 692550 704117 864405 269341 777516 87925 167763 550313 613039 510618 683357 568882 48364 531435 751834 302158 582848 803536 754961 219112 510637 112074 397634 478486 279319 557205 723641 580014 68998 321673 181180 599268 213295 781938 431138 566264 73835 306500 239300 729836 65942 519627 446486 533950 363048 174206 706506 570156 612101 787420 599542 673482 295596 613817 483775 394270 395756 218441 595155 716213 436294 422497 59548 651194 594921 197235 685265 345113 646274
512967 492617 281649 459429 507465 256153 582955 528153 356915 339961 999999999 330664 333863 65634 143751 71135 515336 471892 577097 437589 250040 419004 108319 407124 431933 607354 533917 427619 627346 459741 91655 418307 580376 812204 380113 673409 305957 489105 642145 630040 173690 348974 857815 322494 758258 477670 167175 527300 652494 415097 495780 715125 409967 191911 684982 276029 217244 487014 453150 387880 157796 411667 553711 523280 625460 375571 490354 366269 158304 234266 394590 282697 187962 166919 832607 199722 384765 736357 597198 668324 455138 569349 431620 464681 338351 370856 212643 706817 485183 497367 400461 691898 453333 359011 315047 635037 437075 538272 408773 306515
610760 645953 104480 220424 243672 548721 499841 388381 621491 413485 330664 999999999 130302 389650 467709 271021 247696 230922 246618 107318 143469 248574 226160 263114 510925 564068 203389 542763 470974 284118 415529 357515 293165 491626 614821 374248 327021 461998 340442 301734 375413 584091 698311 436784 539985 406116 469499 200300 390235 596721 631918 482982 524810 156237 460173 547671 437319 344379 166558 406023 174676 324567 225284 465599 368455 46903 168808 375143 463762 178846 518590 404679 358786 493463 690924 132075 561043 407614 272576 348439 552076 239124 306322 676518 301237 70789 538270 605041 629739 188322 445510 515863 734581 380663 548441 311983 340687 271793 671149 491947
711897 734060 216157 128401 173754 581844 370694 263933 554371 303379 333863 130302 999999999 399216 449022 263379 369607 359012 292614 174874 84045 377963 227998 390763 612852 433786 264403 637434 352966 414261 425454 478663 404926 565082 535590 474612 215529 332671 311421 328700 433067 643862 585736 334839 446477 530549 434307 279611 507658 675064 521859 395548 415270 220697 368240 488963 495106 473850 287944 284478 187735 194430 296980 335297 488219 132210 263654 254351 431072 108436 609982 309403 424014 499958 573684 178779 465586 431410 288755 348999 651503 299577 433620 585801 414409 198372 517333 479231 521789 294672 551774 404841 670414 261967 607599 321510 210427 392788 600368 564573
485095 453267 330775 525032 572896 192931 640394 590674 350477 387178 65634 389650 399216 999999999 112671 136763 558584 512241 636204 496953 315507 450900 172390 435449 412544 660237 591964 400059 689753 489839 26420 430204 625723 863943 384381 719984 362624 543020 706632 690652 152913 296183 918785 363694 822965 487469 156905 583078 691439 372384 522557 780363 445337 242930 750098 271944 179663 509706 501587 440266 219993 473155 610004 579507 663916 435425 544701 420848 146907 299829 367005 325826 175445 103927 892342 257621 407110 796844 658878 731057 430237 626884 454727 472549 353609 424535 171996 764205 510449 548726 391190 754944 435096 412435 264243 697133 498543 580650 400694 269652
580037 535348 425210 566484 618077 229579 624478 596703 242709 352302 143751 467709 449022 112671 999999999 196807 659014 615091 712220 573124 366294 558915 241558 544981 515327 630146 670811 496609 693360 598758 103778 542872 724115 954084 284062 817030 354231 518581 760385 762094 261061 359727 912678 317447 840477 600088 59267 666785 795492 451599 444860 804401 383786 335395 772843 168095 274767 621137 596602 415339 293050 477319 692595 560999 768309 510840 631156 402913 50844 341511 464163 286468 285789 100098 881267 339733 326780 868223 726901 794448 528617 706758 565968 373682 466034 512537 70565 746038 430911 639861 499692 761166 322550 391670 334096 763359 501793 681868 291374 360430
551571 541992 238746 388406 436764 325991 522131 460883 375636 295662 71135 271021 263379 136763 196807 999999999 475459 436384 515530 376340 179391 395287 45298 388128 463819 552224 474011 467245 560063 437332 162668 418207 537100 759488 386845 627862 248652 433424 572856 566233 218314 411017 792028 287011 688080 478475 202133 470585 616622 468284 474047 644353 379533 151275 614347 295990 271148 472934 407224 335402 96572 346157 496131 464315 590433 314053 435895 311030 195346 163187 434887 246146 224638 236598 768336 145643 370935 672503 531980 601510 491809 509986 418271 465198 337159 318769 267364 645658 465434 446949 423212 623747 481292 305535 375988 569159 371483 499236 427581 356843
567756 637880 236714 412028 405352 665590 721867 600393 847870 661116 515336 247696 369607 558584 659014 475459 999999999 53734 237907 215623 389817 144470 431908 173718 478566 793678 201472 528376 665154 137251 580578 277221 70591 326678 849459 165414 574701 700362 415374 296783 477126 649047 870453 683174 683991 291060 676190 162032 144261 619072 879266 622073 772237 325492 609260 769854 526697 192304 81788 652237 385644 560752 178889 697223 121000 237853 135929 621547 668620 424428 517230 649641 450294 653984 873981 333293 804535 368206 302483 371821 521807 206061 198079 916896 281764 177398 726834 812913 876727 95805 409934 693694 956301 627659 618811 334081 572979 24479 899168 541796
518339 586122 199313 417722 417946 613553 721377 602919 811121 640052 471892 230922 359012 512241 615091 436384 53734 999999999 273497 223482 367817 91489 394072 120979 427500 790040 231914 476441 673774 91214 533496 227421 123869 380354 815957 217836 555259 691681 445290 335366 425338 595345 886388 658878 705259 246976 635129 194222 180745 565833 856399 643742 749884 285198 628618 732142 473912 152489 82573 636531 350327 553013 215579 692330 154129 231413 159437 605581 627221 401093 464534 623737 398160 605741 887020 298202 776567 413881 335624 408877 470932 243242 148838 886253 228135 160797 681961 818074 852926 123591 358428 707034 917632 610596 565200 369995 567289 70632 862784 488066
781083 837698 323028 254241 221172 789347 558993 433480 845195 588356 577097 246618 292614 636204 712220 515530 237907 273497 999999999 139513 359249 354370 471354 382387 685274 639223 48467 728609 473820 364422 662009 493614 215381 276639 828167 232849 502332 570336 180482 64339 608345 809056 654379 624166 459210 519795 709422 79859 313777 803308 802205 397513 698070 398482 390025 776812 667928 425693 202521 555652 420140 437986 59026 552247 308542 201674 120682 528698 704502 392573 710984 601175 587590 739949 664753 378583 756144 163724 65728 135417 728872 32609 418245 877165 471371 223865 782717 627410 804234 150277 615518 487448 960808 539224 774785 96583 440445 246721 892107 708626
682781 728472 193471 196472 194717 653905 507013 384852 714740 478245 437589 107318 174874 496953 573124 376340 215623 223482 139513 999999999 227456 277712 331982 300716 583942 580394 98436 621727 451030 302201 522846 408293 236598 395976 702334 300233 390370 492500 250969 194875 476666 682150 663500 508785 486754 446979 571926 105467 342278 686077 696674 426156 590142 261484 408594 643814 537641 366603 141325 456863 280696 353213 125771 485280 326066 62288 90977 427410 566697 262380 600562 481414 457889 600779 663546 239393 638379 300453 168284 246213 626708 134854 342419 757447 368315 101685 643662 597514 696662 126933 515527 483622 829462 435813 647053 208216 362729 235815 763004 585680
655462 669173 189430 210006 257429 499923 404591 314618 487414 272265 250040 143469 84045 315507 366294 179391 389817 367817 359249 227456 999999999 365952 145360 372629 558163 456276 324471 577397 410429 406052 341680 445976 436595 623399 475571 516051 187952 344280 394866 402154 358816 567780 645391 293519 520179 502096 354586 331742 533171 605807 489565 472310 382661 161420 443630 417640 419882 459912 309456 272997 110329 218898 353220 358588 510808 170196 306815 242085 350736 35692 548264 261240 352799 415938 628574 118117 417805 506995 364349 428900 594492 360821 413353 534192 373998 212508 435217 521677 486910 330507 501505 468229 602434 245325 531607 399249 240959 414124 535548 493982
429344 494924 178050 459675 469482 533768 748332 636196 769907 632546 419004 248574 377963 450900 558915 395287 144470 91489 354370 277712 365952 999999999 357279 29568 336912 811167 309375 385175 715299 42342 469826 139454 212851 469477 781661 304110 552327 705529 517681 417913 347673 507123 936796 644916 764312 169774 585749 274576 247146 474603 842959 703854 738475 247493 685804 689478 391679 95887 152266 638929 321287 570728 298689 712501 219181 265633 234861 608034 577126 395210 373046 607167 319358 538082 933226 272641 753955 501816 413056 489207 380470 326075 65281 857312 138164 189122 622760 852942 837736 205153 267537 755082 871486 610976 477992 449637 588118 157178 821987 399374
546978 545875 195407 355289 401703 354581 514149 443312 417057 307452 108319 226160 227998 172390 241558 45298 431908 394072 471354 331982 145360 357279 999999999 352145 455332 550656 429372 464197 541944 399555 198797 391028 492758 714191 424704 583093 248937 432248 534246 522936 224790 427946 775829 305663 662516 451161 247145 425443 573802 476068 498538 616397 399848 110354 587141 338212 282751 438438 362598 338925 51493 332874 451095 459088 547877 269715 390608 312121 240504 136332 432720 265179 225250 275143 754563 100568 400607 629259 489420 560089 486358 465249 384534 500266 310585 273540 312115 636591 491096 401762 409240 603634 524398 308619 392125 527032 357756 455835 468771 363627
400253 465355 183220 478170 490427 510278 761447 651495 760809 635407 407124 263114 390763 435449 544981 388128 173718 120979 382387 300716 372629 29568 352145 999999999 307433 822379 336882 355607 732706 55290 453332 111274 241533 497894 774971 331861 557065 714833 543567 446145 325756 479730 956304 645607 786427 146598 574277 302718 270350 445468 843180 726346 739660 244005 707559 680091 367413 88246 179924 644930 319494 581750 327222 723699 242489 284131 262383 614190 565423 400259 343601 607160 297061 519691 951553 273027 751357 530985 440268 516901 351013 354504 43295 852287 110476 208146 607439 868139 837391 233768 238008 774222 860401 616465 451138 477241 599984 185626 812912 371829
99839 160693 406671 728211 754591 354532 960447 871648 758012 759284 431933 510925 612852 412544 515327 463819 478566 427500 685274 583942 558163 336912 455332 307433 999999999 1003771 638132 56346 964856 342981 412896 202113 542410 793503 796378 625381 704124 886155 834609 749560 260864 250760 1198516 749620 1050335 210199 567667 606631 541368 167814 927694 993864 840132 396931 970555 682212 241966 303947 483829 794255 457989 774871 632319 909545 516511 548109 564609 767281 557665 570111 67833 708903 243978 439099 1184922 440399 815574 837819 739186 817514 43670 659116 281000 884955 215891 482508 550988 1079473 916934 539573 69807 1017605 827730 763951 241411 777682 798065 486577 805995 169474
1097234 1094081 641793 390305 418122 846935 83079 206157 545908 277995 607354 564068 433786 660237 630146 552224 793678 790040 639223 580394 456276 811167 550656 822379 1003771 999999999 637294 1014834 206506 848001 678726 902005 815638 902681 485839 865365 303591 118807 522772 635665 770446 955486 317893 314786 362066 957333 578717 668109 921943 1020197 315747 374004 280644 613946 348946 537752 822400 906978 714037 219980 546444 240630 673677 98689 906439 558760 669524 241453 583595 437020 983361 343693 774741 724333 274865 572062 375891 700124 594630 601526 1036416 662420 864623 463169 830070 630806 669126 133705 329794 707212 952280 253397 636115 248358 922156 602303 223391 815172 561064 909051
734409 789878 275377 247377 223695 742347 559077 433625 811845 565526 533917 203389 264403 591964 670811 474011 201472 231914 48467 98436 324471 309375 429372 336882 638132 637294 999999999 680934 483322 321936 617578 448148 191147 300822 797689 228074 478326 560880 214240 112341 560573 760708 675519 598945 484741 476472 670325 39591 295109 754950 781999 422745 676548 352560 412022 741655 619921 384381 157110 537674 377936 424870 36431 546805 285935 160333 74522 509528 665047 358865 662997 573714 539557 695482 682680 334583 729982 211538 104006 180082 681682 36464 373862 850130 423724 175971 741372 635653 783094 108551 568435 503356 926893 519192 726496 140367 430055 213611 859664 660166
85409 109821 438339 756599 785898 317601 975506 891998 738099 762408 427619 542763 637434 400059 496609 467245 528376 476441 728609 621727 577397 385175 464197 355607 56346 1014834 680934 999999999 986971 394251 396865 254095 593560 846237 780144 678147 712632 896439 872686 792946 253931 202731 1221548 749239 1079519 266004 551479 650816 596030 112482 921031 1024289 837585 417982 999935 664634 222236 358140 528731 801568 472947 790930 677070 922442 570852 582209 608242 775750 541585 586154 33135 708915 242782 413626 1205925 461220 806752 883629 780545 859298 34549 703477 332123 869457 257238 520044 526042 1096174 909491 585146 118950 1041911 801546 771417 198710 819526 814775 537527 784592 138125
1063391 1079583 567535 256554 261160 882668 129196 99210 676968 367738 627346 470974 352966 689753 693360 560063 665154 673774 473820 451030 410429 715299 541944 732706 964856 206506 483322 986971 999999999 746302 712980 828068 672489 719775 626636 706428 339447 221371 331032 456992 765404 969472 234980 415479 169092 876996 653219 519266 777930 1015019 492746 168876 425156 569088 142552 646784 824573 809519 592204 299080 518824 217389 518226 173469 766815 449754 531404 299239 655148 407216 958320 426925 761860 774325 220781 525767 519076 507395 419648 411406 1002685 501549 775997 626662 766820 526274 747294 153791 503704 571479 904612 68789 781739 312811 933836 419160 192281 683603 704008 902743
430694 503140 219319 489910 496230 564690 783684 669640 811637 673843 459741 284118 414261 489839 598758 437332 137251 91214 364422 302201 406052 42342 399555 55290 342981 848001 321936 394251 746302 999999999 508083 140914 199448 452870 823839 285243 593014 743768 534133 426540 380845 529830 964798 686771 788392 155770 626706 284880 216791 489667 884871 727356 780195 289827 710645 731123 421468 64439 167383 679019 363583 607947 306728 749429 189135 296974 248364 648074 617992 435939 385471 649166 352073 574880 962836 314740 796249 504150 425889 499837 385884 334390 62128 899634 161973 220806 661827 886232 879753 214220 275328 783810 912634 651314 502279 460808 624684 143609 863729 421833
481273 444142 354746 551057 599097 170515 661055 614017 345900 403872 91655 415529 425454 26420 103778 162668 580578 533496 662009 522846 341680 469826 198797 453332 412896 678726 617578 396865 712980 508083 999999999 442657 648214 887995 383826 742728 383413 562155 733043 716710 157302 280644 941111 378067 847675 498892 154948 608224 712002 361984 530275 805554 456901 267607 775173 269319 174732 525500 525053 458951 246360 496025 635250 599656 684367 461422 569552 440546 144983 325512 364049 341226 182429 77940 914008 283460 413637 822868 685099 757398 428050 652383 470865 472849 367717 449348 155594 784739 517600 572868 395921 778529 425112 431654 250186 723405 521376 602365 395028 263245
290921 362482 262726 577158 593897 461433 846398 742433 774531 692550 418307 357515 478663 430204 542872 418207 277221 227421 493614 408293 445976 139454 391028 111274 202113 902005 448148 254095 828068 140914 442657 999999999 340305 592144 797707 424064 621029 789979 653865 557289 293866 404846 1055643 695748 891161 60275 581762 413894 344981 353442 889551 831834 790219 295487 811796 693855 318734 108001 291191 711388 370908 662713 438142 803904 318891 385178 373654 681471 572170 468437 247562 655634 265150 497887 1048327 333626 789108 640676 551459 628175 244971 465515 79158 880316 81070 311439 597810 957810 881924 344607 135236 873197 865050 681773 381199 588510 682927 284522 826088 298471
628774 702575 299380 427043 411467 736029 740427 616305 906193 704117 580376 293165 404926 625723 724115 537100 70591 123869 215381 236598 436595 212851 492758 241533 542410 815638 191147 593560 672489 199448 648214 340305 999999999 256766 904600 95235 616605 729057 395719 265622 547512 719016 866332 729492 673645 347010 738847 153479 106441 686781 923172 611753 816022 389095 602417 829263 597287 246355 130870 689401 444740 589644 159549 721401 94795 273536 146218 659244 731585 472011 583844 697832 520786 722351 873826 392766 854167 321018 280928 341140 585228 182947 261529 968965 350878 226517 792602 823618 921661 110539 474691 694410 1016266 666526 689031 306501 599305 56127 957034 611577
874966 954188 533251 527940 488457 988235 820423 696988 1110404 864405 812204 491626 565082 863943 954084 759488 326678 380354 276639 395976 623399 469477 714191 497894 793503 902681 300822 846237 719775 452870 887995 592144 256766 999999999 1098078 168125 777840 842881 389933 267131 799746 975694 859779 899116 658345 589922 960300 292334 263128 942309 1078834 602904 974522 621415 607209 1038388 851709 490783 364254 832223 663170 713399 270211 821059 283002 454643 323746 805337 954183 658350 838331 874471 773911 964351 881158 614521 1030525 222716 308986 309859 835472 265538 514763 1150880 607592 441559 1024197 871980 1080777 315237 727356 716974 1224709 815828 945465 301352 714398 312317 1158912 868325
863929 818000 616758 611763 664994 501480 517393 549762 66482 269341 380113 614821 535590 384381 284062 386845 849459 815957 828167 702334 475571 781661 424704 774971 796378 485839 797689 780144 626636 823839 383826 797707 904600 1098078 999999999 988936 338518 408297 813704 861927 537254 637605 801972 222106 794216 857386 228878 807175 993314 733909 201188 777750 206663 535026 745820 116351 557951 859385 774065 332668 465682 450266 827967 457716 968372 645711 781879 343160 238845 440197 747506 231872 558644 376449 760447 517757 110311 960936 820345 870320 811724 833612 804456 89708 717170 678244 272391 618700 184299 803052 774758 693576 155113 328889 614925 849127 466505 873840 77386 644454
707427 786065 391824 475361 450186 830993 786934 661377 993421 777516 673409 374248 474612 719984 817030 627862 165414 217836 232849 300233 516051 304110 583093 331861 625381 865365 228074 678147 706428 285243 742728 424064 95235 168125 988936 999999999 689594 787192 401906 263912 642540 811229 883253 806021 684771 422592 829955 199515 107906 774904 996360 624059 889563 481651 619555 917574 691745 322971 220772 756964 534015 649587 191692 774571 120818 347602 211276 727620 822940 551737 670543 776347 615671 817193 895858 482619 933385 286783 292084 333967 667391 205125 346948 1050222 442155 312078 885918 859843 995916 185927 559291 719730 1104786 736036 781871 306600 656348 147685 1043767 703474
795798 790503 374487 273472 326516 553804 277771 244273 371330 87925 305957 327021 215529 362624 354231 248652 574701 555259 502332 390370 187952 552327 248937 557065 704124 303591 478326 712632 339447 593014 383413 621029 616605 777840 338518 689594 999999999 184784 475202 529419 466856 654930 560134 122358 492109 679351 314176 495085 716595 716804 306906 462645 199974 325811 430400 322765 519225 645036 493343 91030 252303 126567 511803 217342 695338 343406 478348 63184 315826 157116 680838 107164 471539 438602 531191 287859 254824 625278 486894 532816 735252 512634 596434 376558 544227 397599 408170 401587 306361 507429 656098 407624 486002 60926 620903 513400 149556 598741 410600 605495
979087 975276 532479 316095 355015 731259 111397 164905 462117 167763 489105 461998 332671 543020 518581 433424 700362 691681 570336 492500 344280 705529 432248 714833 886155 118807 560880 896439 221371 743768 562155 789979 729057 842881 408297 787192 184784 999999999 482238 577446 651639 837636 402777 210406 390448 846371 469695 587753 834321 901459 275149 383125 204238 498948 352847 441531 703724 800871 619228 103713 429726 139701 597141 49423 816765 462705 583303 122873 473780 322350 864866 233419 656033 610533 366559 457820 299281 655077 534621 556009 918342 589705 756393 405308 716403 531008 562028 228022 284778 618900 835694 286429 563005 130585 804080 549339 130873 722900 485593 790258
933149 979215 440130 203186 149302 881353 439695 322490 844167 550313 642145 340442 311421 706632 760385 572856 415374 445290 180482 250969 394866 517681 534246 543567 834609 522772 214240 872686 331032 534133 733043 653865 395719 389933 813704 401906 475202 482238 999999999 138161 714798 924387 482195 594177 282867 686867 743541 253409 491725 934921 744380 222419 649224 493707 220688 787019 777040 597403 367060 500178 488080 373868 238348 451306 488176 295607 285968 479806 740885 419079 851287 582159 699064 809018 497691 461272 724520 177486 114802 80411 877504 213067 582899 845685 618787 352653 828381 482270 750072 322576 765902 327822 959856 493003 888635 95776 365888 426058 885365 831921
845228 902019 384047 265591 222431 848439 553579 429869 882942 613039 630040 301734 328700 690652 762094 566233 296783 335366 64339 194875 402154 417913 522936 446145 749560 635665 112341 792946 456992 426540 716710 557289 265622 267131 861927 263912 529419 577446 138161 999999999 669228 871519 620232 651772 420976 582205 755867 143437 356468 867229 821967 360561 720193 456287 357667 817351 729353 486891 266453 574201 472322 451749 119827 554244 355099 255371 184952 549115 751484 433655 775257 631963 649129 794572 634738 433575 784242 106329 43300 75698 793166 92179 481402 905958 535708 285659 832329 610463 825255 213080 679794 461812 999049 560664 837026 42724 450600 303140 928427 771801
339293 323679 285334 560636 600270 188600 737991 667239 502503 510618 173690 375413 433067 152913 261061 218314 477126 425338 608345 476666 358816 347673 224790 325756 260864 770446 560573 253931 765404 380845 157302 293866 547512 799746 537254 642540 466856 651639 714798 669228 999999999 211381 999842 495690 878335 347119 309593 542005 594819 251404 668070 828570 583655 221320 800874 424646 62546 386415 438157 553537 248496 557656 570018 681508 566854 421726 499616 529340 299576 358206 220901 455555 29187 204235 979239 257411 555017 772031 644948 722462 281817 591760 334289 625212 225908 384603 307997 860885 656924 492478 238801 825695 581739 523768 175171 684856 582546 495970 552079 139135
264449 188476 488785 771729 811651 137941 931695 870545 585970 683357 348974 584091 643862 296183 359727 411017 649047 595345 809056 682150 567780 507123 427946 479730 250760 955486 760708 202731 969472 529830 280644 404846 719016 975694 637605 811229 654930 837636 924387 871519 211381 999999999 1202555 658695 1087949 437423 418920 738281 745255 107287 804199 1039097 736454 432041 1011029 521879 148926 512402 625560 735578 457696 757098 766168 872252 718078 629746 695063 714934 410051 563996 182945 621566 225325 261831 1179350 468788 686238 971817 849992 928343 236230 789712 471541 726875 369256 585913 367336 1055508 790478 682112 285243 1031575 631070 707219 36266 889996 782386 663972 627089 108002
1297363 1314557 797916 478625 468812 1111506 291761 332606 860152 568882 857815 698311 585736 918785 912678 792028 870453 886388 654379 663500 645391 936796 775829 956304 1198516 317893 675519 1221548 234980 964798 941111 1055643 866332 859779 801972 883253 560134 402777 482195 620232 999842 1202555 999999999 613037 201608 1102159 867737 714270 967895 1249817 632092 259927 595500 803572 264356 844168 1058580 1028927 803828 501109 753737 446180 707044 355634 960930 672218 734532 510095 870882 641819 1193082 633289 996698 998718 49271 760343 691682 637096 591707 556571 1236787 685589 999392 780847 997525 748226 961259 184196 646704 774758 1137324 182452 953543 521960 1167116 577971 420781 886259 877931 1137482
834384 814219 467952 394197 446530 540638 321311 331693 263991 48364 322494 436784 334839 363694 317447 287011 683174 658878 624166 508785 293519 644916 305663 645607 749620 314786 598945 749239 415479 686771 378067 695748 729492 899116 222106 806021 122358 210406 594177 651772 495690 658695 613037 999999999 579675 755626 264303 614065 826683 735014 198195 558970 94538 403735 526809 232486 538501 733731 602975 116400 327279 228208 631816 257637 804172 458471 594935 121766 269592 258749 716348 40869 507193 414346 576852 372684 132470 747222 609218 654017 775652 633662 682100 254250 615803 505990 354364 437254 194055 621887 710213 483914 374548 107415 627671 635392 245098 707526 297336 628425
1150145 1178959 643782 322973 297546 1014070 293692 249414 842868 531435 758258 539985 446477 822965 840477 688080 683991 705259 459210 486754 520179 764312 662516 786427 1050335 362066 484741 1079519 169092 788392 847675 891161 673645 658345 794216 684771 492109 390448 282867 420976 878335 1087949 201608 579675 999999999 933007 805173 524155 772816 1121481 660926 61996 594018 666479 79813 808567 939835 852828 623111 463793 630296 365645 514167 342475 767560 506644 548745 460199 806075 526548 1053435 587358 870316 914409 224875 625159 687427 435741 394984 355459 1090863 491157 828684 795750 840815 579775 898699 262452 672233 588349 985467 108883 949305 474277 1051764 378412 342760 697943 871507 1011029
285091 368967 316007 623665 636968 506478 899982 793517 833393 751834 477670 406116 530549 487469 600088 478475 291060 246976 519795 446979 502096 169774 451161 146598 210199 957333 476472 266004 876996 155770 498892 60275 347010 589922 857386 422592 679351 846371 686867 582205 347119 437423 1102159 755626 933007 999999999 640236 440070 332926 373504 949699 872860 850124 354367 854158 752834 366164 100695 320105 769436 430167 717374 462378 858973 309089 429996 402309 739340 630576 525705 266904 715586 318994 551300 1096536 391571 849381 659146 580470 655191 249337 490032 104622 940285 141321 354427 653427 1009632 942129 369518 153924 919908 922560 739971 417267 615992 737001 293404 884822 334558
635546 593443 439780 545106 597969 288585 577588 558399 193970 302158 167175 469499 434307 156905 59267 202133 676190 635129 709422 571926 354586 585749 247145 574277 567667 578717 670325 551479 653219 626706 154948 581762 738847 960300 228878 829955 314176 469695 743541 755867 309593 418920 867737 264303 805173 640236 999999999 669797 815848 509907 385595 772211 326236 350721 740275 115060 329243 653927 609259 367537 297447 439827 694561 513722 789193 510084 636558 357879 10021 325889 518765 236302 332293 159074 834719 347702 267513 861242 718783 782949 582901 706665 598533 317995 502962 520569 94082 697696 371650 648847 548087 721613 286159 345787 392952 753825 463525 699696 244831 416512
701928 760190 258850 277855 258536 726307 591055 466041 818201 582848 527300 200300 279611 583078 666785 470585 162032 194222 79859 105467 331742 274576 425443 302718 606631 668109 39591 650816 519266 284880 608224 413894 153479 292334 807175 199515 495085 587753 253409 143437 542005 738281 714270 614065 524155 440070 669797 999999999 258684 728083 800797 462159 694558 341042 451080 746071 600069 346656 123059 558935 374017 450087 28021 576024 248184 162337 43364 530025 664024 366990 634011 586880 519735 685852 720770 327672 743833 234726 141597 215142 650272 52695 338385 862896 393734 159941 737271 670886 801140 70672 536833 541127 932387 538978 704642 175946 456942 174034 866929 636033
617165 701386 378441 533481 517178 780511 846865 722727 990566 803536 652494 390235 507658 691439 795492 616622 144261 180745 313777 342278 533171 247146 573802 270350 541368 921943 295109 596030 777930 216791 712002 344981 106441 263128 993314 107906 716595 834321 491725 356468 594819 745255 967895 826683 772816 332926 815848 258684 999999999 698355 1022143 711218 915020 465638 703572 912014 637763 238099 223740 791860 528662 694738 261553 827450 27967 375528 252421 761436 807960 568040 592143 793549 566478 782693 976929 476308 948695 392095 377929 430085 581801 282311 273725 1061145 378738 320707 861919 929496 1019936 215473 478663 798134 1097909 768179 718489 398835 704942 119784 1042050 637392
159195 84241 494839 799949 834845 241576 989306 917384 685191 754961 415097 596721 675064 372384 451599 468284 619072 565833 803308 686077 605807 474603 476068 445468 167814 1020197 754950 112482 1015019 489667 361984 353442 686781 942309 733909 774904 716804 901459 934921 867229 251404 107287 1249817 735014 1121481 373504 509907 728083 698355 999999999 891979 1069228 817709 455307 1042874 617599 198066 460545 608985 801882 496313 808925 755293 932421 672333 639817 684819 778766 500525 608059 106774 696198 253183 357827 1230094 496323 774829 962728 850548 929608 141474 780615 428204 823563 338703 585678 467278 1112277 879024 666080 220688 1074008 735561 772497 120066 890258 833743 630710 728120 112485
1006389 974414 666141 556896 604706 673730 368307 438347 267647 219112 495780 631918 521859 522557 444860 474047 879266 856399 802205 696674 489565 842959 498538 843180 927694 315747 781999 921031 492746 884871 530275 889551 923172 1078834 201188 996360 306906 275149 744380 821967 668070 804199 632092 198195 660926 949699 385595 800797 1022143 891979 999999999 657743 107163 600362 627797 295886 702211 931188 798466 247775 524088 372262 816346 320038 1000211 650248 785169 273563 394250 455483 887896 236021 683739 544405 587025 570514 118105 910047 778705 812800 949818 815272 879083 151558 808963 701871 453999 448420 16989 814267 894159 553628 333367 263059 777180 799987 378495 903510 265276 792172
1093704 1124934 587206 269284 239488 969916 298065 227989 822954 510637 715125 482982 395548 780363 804401 644353 622073 643742 397513 426156 472310 703854 616397 726346 993864 374004 422745 1024289 168876 727356 805554 831834 611753 602904 777750 624059 462645 383125 222419 360561 828570 1039097 259927 558970 61996 872860 772211 462159 711218 1069228 657743 999999999 582896 613923 32302 783542 890496 791777 561708 445129 581665 336630 452249 337860 705744 448172 486920 437587 772450 481540 998780 562574 819364 874365 278271 573395 673592 381049 333554 296959 1034786 429374 768415 786169 783043 520404 864915 292263 667822 526464 928368 128375 932275 451906 1002848 318173 315840 635959 854561 959531
922930 898362 561073 456500 506051 612387 311411 356757 265301 112074 409967 524810 415270 445337 383786 379533 772237 749884 698070 590142 382661 738475 399848 739660 840132 280644 676548 837585 425156 780195 456901 790219 816022 974522 206663 889563 199974 204238 649224 720193 583655 736454 595500 94538 594018 850124 326236 694558 915020 817709 107163 582896 999999999 498194 551665 262589 623238 827836 691366 149051 421728 275358 710588 253339 893159 543178 678322 171313 333386 348812 804551 134674 596739 483509 554497 466645 96396 810901 677057 714816 864874 710212 776415 203434 710190 594839 407996 412655 106597 707186 802520 490666 360061 159530 706972 699978 285254 796460 283288 713487
494688 513378 89830 344649 381009 392633 565439 474888 526672 397634 191911 156237 220697 242930 335395 151275 325492 285198 398482 261484 161420 247493 110354 244005 396931 613946 352560 417982 569088 289827 267607 295487 389095 621415 535026 481651 325811 498948 493707 456287 221320 432041 803572 403735 666479 354367 350721 341042 465638 455307 600362 613923 498194 999999999 587663 447237 283763 331417 261246 416471 76469 379578 368318 517405 439301 203110 301965 386897 343128 176929 389831 364535 207592 344978 788521 43475 507370 561392 428575 504676 433830 386521 278751 609836 218528 181757 404551 683089 594095 306211 340242 624135 632438 386665 396002 468112 402133 348976 578526 346057
1070371 1099704 563981 243570 217968 940134 271131 196117 790781 478486 684982 460173 368240 750098 772843 614347 609260 628618 390025 408594 443630 685804 587141 707559 970555 348946 412022 999935 142552 710645 775173 811796 602417 607209 745820 619555 430400 352847 220688 357667 800874 1011029 264356 526809 79813 854158 740275 451080 703572 1042874 627797 32302 551665 587663 999999999 751240 862618 775079 546227 413164 553373 304341 442970 308311 696887 427048 473519 405373 740581 451828 973988 530277 792255 843521 277110 546655 641959 387132 327636 298424 1011129 421261 749967 755025 761036 500514 833080 275482 637625 513461 905654 112402 900268 419698 974802 315981 283543 624096 822574 932738
748132 701671 533598 584118 638061 386469 552877 559236 80932 279319 276029 547671 488963 271944 168095 295990 769854 732142 776812 643814 417640 689478 338212 680091 682212 537752 741655 664634 646784 731123 269319 693855 829263 1038388 116351 917574 322765 441531 787019 817351 424646 521879 844168 232486 808567 752834 115060 746071 912014 617599 295886 783542 262589 447237 751240 999999999 442614 762000 698495 348291 384609 447138 769071 489578 886055 583860 716479 348472 125073 384380 632121 221302 447269 260356 806564 436804 181552 920340 777717 835376 696494 778086 706670 206055 614255 605576 159593 665619 280190 733207 663134 715443 187225 334518 498742 809951 467779 793881 132948 528498
