NAME : synthetic_000947
TYPE : CTSP-D
DIMENSION : 100
GROUPS : 8
RELAXATION_LEVEL : 1
EDGE_WEIGHT_TYPE : EXPLICIT
EDGE_WEIGHT_FORMAT : FULL_MATRIX
EDGE_WEIGHT_SECTION
999999999 610923 181941 640949 674670 414534 555120 590442 734712 630566 690462 544371 681916 694729 469968 480929 377754 793930 634361 489613 733688 1045616 714059 746765 379118 649320 88593 764126 370135 291969 580227 419184 624359 204726 884788 320152 313725 328901 745953 60035 497551 659672 577303 645380 527949 222411 673421 388463 762875 432869 748715 213616 261956 147720 540591 424583 301195 393083 678050 216657 666425 640062 741276 292409 745176 741109 785499 734490 261540 780013 505106 335993 759779 115466 608992 75021 541148 588702 149272 221610 729148 570450 137820 215120 408935 515017 887333 237302 213085 268516 164485 406456 402719 205881 613000 662575 437127 267177 674326 720115
610923 999999999 554796 207944 63750 848073 81298 125247 231036 946550 490587 456895 134249 984062 229736 594309 894463 525299 61720 125540 642448 847423 104135 475244 786751 1017803 626062 395644 602972 619144 845973 196386 658715 429264 761823 364139 821176 535270 756153 669080 944698 887854 566661 198310 193561 591906 824624 758629 650567 480585 1150941 525491 846960 621622 339170 593642 823374 928199 568872 812441 123467 556064 137884 318585 1023402 135676 675692 169375 426901 1173672 637564 902496 795006 509978 377692 634237 874274 95917 647954 685093 1134059 153533 492595 403251 856165 724936 789981 450112 438955 844828 586107 204746 281804 604483 386900 1085757 865151 877155 743153 274547
181941 554796 999999999 527562 615857 317741 520146 572648 624816 494245 523104 374924 592226 553162 483396 299032 340887 629374 560962 451030 553811 866723 650211 585726 263955 533626 116772 618930 191142 123816 425761 391042 442440 137248 704045 374772 267246 147411 564384 226147 413921 500505 397231 534684 422287 55591 501090 254601 583546 257970 651507 343853 307555 319238 393970 243236 268590 373486 501188 376284 639360 462743 692420 270124 602568 690457 605566 705100 132054 679949 324352 351519 579257 114255 455660 255890 405416 561838 326882 399509 632543 561891 108167 174990 320411 343763 705783 106215 288471 437037 322698 368257 292798 55291 458074 572550 338606 372271 494116 596925
640949 207944 527562 999999999 218291 770488 269647 329942 97343 820913 290364 294298 109384 847824 399586 460372 843640 317364 151910 264375 447916 639559 220392 267746 708542 902483 626747 191614 506650 550295 715524 307628 489687 436853 557622 486523 774382 453855 571684 700859 861926 742852 400717 12420 113670 547130 665727 672421 452096 360969 1038188 623838 835103 696719 180402 478319 782324 882669 377779 856693 326529 372327 289857 379107 881395 283426 476169 354378 397846 1056920 499782 875078 612616 526646 188969 685439 760722 300229 720250 772870 1023122 353987 505020 428041 782467 594405 587470 424849 525357 901940 668690 294776 239858 565234 197339 983902 783631 890702 572483 86627
674670 63750 615857 218291 999999999 904930 134976 155231 213031 995106 508422 492100 119373 1030177 280056 639080 954630 530429 71814 188238 664780 849112 41978 483413 843292 1068788 689158 393051 655603 676105 893055 259435 693436 491974 775486 422997 881544 589741 784583 732824 1001116 931325 601894 206749 234758 651542 863639 813867 670036 527373 1202751 586013 909881 683841 373101 642591 884274 988942 593120 875872 116772 584067 82010 382334 1068101 77947 694306 136184 486778 1224718 681717 964614 824574 573387 401779 697665 925168 130815 710289 745967 1186190 187754 555807 466590 913577 771432 805690 510589 501180 907676 647871 268469 337058 664738 410706 1139468 921507 940858 777638 268002
414534 848073 317741 770488 904930 999999999 825381 882774 864549 236373 647257 519697 857244 303567 800683 351183 128399 750436 842074 757237 593217 883201 934415 724537 62165 235808 329435 797774 265464 228935 235486 702850 447166 454171 711327 688533 125167 318680 526977 413584 97405 313519 467565 780433 684756 266986 379080 100531 624697 415441 337955 624506 269005 557265 599886 307124 147859 168652 578033 483865 944695 543649 985243 586778 352466 982223 636475 1008011 426421 368112 334359 226119 517493 418161 635527 477992 158546 869078 551011 616348 318575 874811 420043 492559 19201 262668 695767 407570 593618 549117 578772 677994 567977 262462 633399 255749 22597 382758 442895 819667
555120 81298 520146 269647 134976 825381 999999999 69468 307704 942822 536539 481792 212634 984897 148450 601002 860943 582964 139277 69148 681317 905713 176874 530895 765338 1008634 579451 461083 593299 598010 845790 136202 681064 387607 809253 288396 787258 522053 786316 611591 922716 894082 589468 261987 222453 562463 838819 740937 692653 485441 1139415 452376 800519 552779 369406 592208 787344 892326 606345 749429 119495 589029 187487 264968 1026664 188193 718491 185099 399099 1163743 644812 860580 823337 461425 419165 571643 866076 45681 579471 612537 1121874 85698 446175 356841 831828 726872 835056 419465 370665 778145 515889 153457 274167 572593 428439 1070090 843754 822298 764992 344861
590442 125247 572648 329942 155231 882774 69468 999999999 355417 1007451 603629 551258 258202 1050765 139631 668744 912174 646140 186846 128072 749920 968867 192560 594862 823549 1071354 622947 519761 656886 657088 911573 181708 750454 437227 876254 298937 838531 584755 855726 644572 980178 961317 658899 321160 291285 617626 907441 800913 760743 553131 1201061 464778 842670 571506 438584 658212 837260 941928 675079 774835 78757 658213 176719 308304 1093101 180105 786467 145672 456680 1225969 712574 906034 892796 504640 486991 599049 929389 29734 598479 624075 1183286 33093 491346 403577 888374 793386 902640 475330 393306 798327 532776 204965 340578 626304 496274 1130146 901718 856601 834336 399658
734712 231036 624816 97343 213031 864549 307704 355417 999999999 904507 335710 373202 97250 927649 451270 545572 940063 331532 169519 322512 495601 642258 196371 291308 802798 988535 723096 187835 599751 646301 798451 377656 558698 531485 585356 558761 871163 549345 627433 794723 954890 820159 473884 90396 207032 644368 737457 765779 493937 451949 1124264 704827 932334 783669 267672 568172 879346 979345 431958 949627 329787 434013 263606 464613 958758 256299 515606 338776 494794 1141825 583011 972378 669493 621144 257374 776585 848124 326603 807918 857577 1109734 384547 599784 520539 876965 678614 618784 521767 608116 993165 753844 369988 335826 662545 264097 1072842 877101 986837 638795 66972
630566 946550 494245 820913 995106 236373 942822 1007451 904507 999999999 618217 531693 922435 67202 950978 360641 349635 704627 925782 879440 510777 749565 1017030 695386 253093 94976 542174 791487 351411 374537 106312 838220 376427 616575 587400 865406 361528 424880 400443 639331 213886 124564 440238 832567 761221 438663 226123 243608 537796 467976 224279 830499 504097 777491 640511 352913 384110 380111 526591 719959 1057821 502929 1077103 740794 116719 1072721 540050 1114777 565153 238180 321569 452261 374383 607036 650464 699701 89787 988395 774537 842866 212804 1006409 602399 655974 250995 226515 561595 555128 782708 785417 794061 810486 669258 444270 645211 200156 217326 617325 328281 847875
690462 490587 523104 290364 508422 647257 536539 603629 335710 618217 999999999 148303 397141 627301 636823 296092 753014 107863 440040 506584 160062 386982 509693 78436 592049 710119 639747 177869 399508 477536 513750 519070 244766 504913 272714 667830 697323 388721 292893 743676 721737 515371 183334 302229 316971 512239 421393 548389 161758 267807 842487 759412 801784 795263 185121 345023 712802 796104 99791 898326 612991 115415 579521 524489 650666 572905 185897 644597 433024 854728 317137 815519 335265 581354 119181 755479 581958 574898 812518 879021 830715 621888 559614 519470 663873 407271 299481 454685 662443 956773 779854 494968 349528 534275 110195 806707 652874 887436 315414 269154
544371 456895 374924 294298 492100 519697 481792 551258 373202 531693 148303 999999999 401070 554807 553311 176568 617032 255422 420288 436001 219289 512159 505502 215842 461203 617333 491631 278079 260597 333340 425491 429624 201868 365868 368536 554716 557514 241612 305323 596585 601788 448705 109921 306465 263838 364459 372857 419251 241020 120193 752820 627922 655999 654732 119016 212573 571652 659574 147645 750532 579130 117207 571653 406149 587321 566122 267052 624042 290996 769457 210830 673528 341602 437526 120014 611034 479285 525287 670666 738796 738862 562566 416276 385082 534963 306725 383550 310794 534205 809550 642056 402334 241254 386446 116043 705614 528182 739671 286296 316372
681916 134249 592226 109384 119373 857244 212634 258202 97250 922435 397141 401070 999999999 951912 358720 562046 921158 412190 73389 235515 555907 729880 112722 366455 795080 1001584 680935 273717 597408 631861 817850 297233 598400 484086 660052 476805 849870 538570 680924 741748 950965 848484 508770 96982 173223 619333 773548 761422 558768 457153 1136981 629852 896864 716051 284189 574856 855633 958406 486641 893038 235137 481708 182655 398865 986760 175910 582268 251922 460174 1156823 602752 943595 721938 571921 298349 716761 858785 229490 741290 786206 1121379 287576 551786 467004 867948 696167 691316 486351 536215 932240 683766 294502 299740 635484 306720 1079449 871817 941716 681485 148631
694729 984062 553162 847824 1030177 303567 984897 1050765 927649 67202 627301 554807 951912 999999999 1000537 391299 415385 706757 959868 923146 506493 722283 1050038 702658 318906 126378 606189 803583 399432 431436 139205 885263 382577 671441 566469 921185 428716 473354 385007 705015 276149 112377 456199 859761 795472 497760 213740 306529 531107 503497 228118 892247 571045 842008 668059 392689 451274 444550 531701 787144 1098047 512182 1111975 792711 50469 1107283 530062 1153097 616248 232852 349421 518018 353602 666780 671086 764620 153905 1030572 839643 908426 221894 1051353 661047 710599 318076 259128 537545 608072 841373 852618 857650 857140 710731 504747 665113 229865 284401 684135 322104 868604
469968 229736 483396 399586 280056 800683 148450 139631 451270 950978 636823 553311 358720 1000537 999999999 637383 814241 698729 285991 135829 767240 1018442 321051 644922 744694 1005652 514055 589487 601111 584079 862380 124277 740715 346515 906150 162236 741479 527189 856114 520534 897240 921024 652923 394186 323045 533962 880791 728120 783291 524751 1130135 326972 728766 436065 455705 614873 737313 840298 692067 642686 217541 668401 315415 214138 1045969 318289 809707 282104 386111 1157109 680391 796958 889397 398149 517724 469808 867655 153246 463036 485414 1111605 110465 388917 308431 803799 750411 927895 398665 263088 662711 396580 152575 315966 538623 526639 1054054 821099 732273 821572 481244
480929 594309 299032 460372 639080 351183 601002 668744 545572 360641 296092 176568 562046 391299 637383 999999999 459163 400149 568606 543225 267607 579515 658772 373407 296379 442968 407636 451455 120390 207568 255813 515494 143448 356318 411323 593237 407963 154169 266019 521825 428156 293796 120095 471975 404323 264587 243451 252455 299186 115613 578708 619982 526045 615220 279995 59734 425457 502464 233685 662307 710731 196686 720794 447842 429231 716049 317787 763648 282041 596722 43831 528607 284311 396947 296507 554857 303235 646540 624814 697126 564183 672957 380628 389231 367791 134166 409403 287718 540992 726649 613537 486734 329199 285260 292590 529269 357260 623414 201725 491459
377754 894463 340887 843640 954630 128399 860943 912174 940063 349635 753014 617032 921158 415385 814241 459163 999999999 858705 896832 791806 712670 1008149 987599 828553 165585 322857 306474 892892 356454 294297 362931 730490 567859 474949 835952 683620 73696 392182 653401 358635 147771 439191 578626 852531 748132 303415 507474 210043 744450 503995 389175 590881 164487 505622 683041 408031 77895 43355 691347 390978 980035 655343 1032302 605763 461394 1030106 757728 1045952 467853 421884 449070 102643 645196 416798 727346 427321 281990 902290 493755 551225 369969 899784 425357 509568 109374 386368 821711 444362 580640 452288 534137 708584 623181 289981 726420 300722 139204 272830 569215 901206
793930 525299 629374 317364 530429 750436 582964 646140 331532 704627 107863 255422 412190 706757 698729 400149 858705 999999999 468353 564180 205485 322797 523097 54284 696524 798310 745797 144806 506639 585322 602760 587757 328346 603690 256035 748197 804161 496459 342729 848145 821747 594436 283144 327322 376021 619791 494923 652513 189509 375359 927910 851271 909639 893689 268730 451186 819949 901904 178884 1003646 642730 208410 592354 610320 724983 585232 203774 664067 534291 937809 417389 922797 384327 683118 195929 857284 676019 616548 911967 976960 917327 668440 661082 615134 767456 503408 291504 557064 752768 1061234 876215 566307 434853 641803 189210 897974 755013 995017 386010 266660
634361 61720 560962 151910 71814 842074 139277 186846 169519 925782 440040 420288 73389 959868 285991 568606 896832 468353 999999999 167349 595067 789533 92568 419490 780157 1000699 641299 335860 589132 613836 823171 233428 621634 443222 709180 409865 824290 525015 713471 693596 937623 860308 530080 141254 164591 593431 791946 749374 601266 457813 1135100 566803 860461 657616 301287 573817 828205 932328 522804 841458 174646 512922 152404 345077 997346 147473 625869 206227 429948 1156578 611018 911818 753284 528222 331226 663830 857134 157618 683415 724918 1118763 215205 509305 421632 851404 701417 738503 454867 475913 877494 623795 235034 274784 607807 340241 1073244 858044 898056 705850 213529
489613 125540 451030 264375 188238 757237 69148 128072 322512 879440 506584 436001 235515 923146 135829 543225 791806 564180 167349 999999999 643608 885035 229481 510635 697465 943391 511244 453713 528814 530438 783941 71323 631500 318569 778011 242518 718119 456743 741287 546897 854614 834828 540952 259512 190073 493672 783683 673847 657523 427727 1073381 401036 732433 496086 329970 530802 718204 823189 568235 687957 188404 547612 251706 197880 965820 251500 683760 254239 330820 1098124 587033 791827 776842 393474 387494 509780 801338 111844 522414 560199 1055684 129795 377777 288285 763433 666267 801525 350738 313426 719462 460696 84836 214112 503589 396599 1003101 775809 756640 714595 347355
733688 642448 553811 447916 664780 593217 681317 749920 495601 510777 160062 219289 555907 506493 767240 267607 712670 205485 595067 643608 999999999 313503 668108 216517 547086 605598 667791 328439 387811 474696 414001 644851 146380 574336 152830 773923 668941 406870 138316 779900 651677 394921 156580 460023 458882 527289 292976 502676 31935 304419 731223 840615 792724 856886 313667 327099 687929 755829 75377 925868 765748 102424 737738 625108 521726 731249 51812 800847 497112 738992 265498 790417 180574 636196 264757 804986 494310 722068 870181 940702 721906 765337 616560 597842 611648 332157 164364 512721 749535 988951 848417 618351 459634 548780 255558 708542 593435 891021 184427 428888
1045616 847423 866723 639559 849112 883201 905713 968867 642258 749565 386982 512159 729880 722283 1018442 579515 1008149 322797 789533 885035 313503 999999999 838025 375073 844135 841538 981162 456268 699896 787075 672616 903816 445531 877607 172303 1054673 971411 720133 358042 1092869 926752 625001 469786 649140 695485 840773 525979 800766 283224 613563 947883 1139727 1100971 1164711 572024 639239 991612 1050485 368834 1239371 963183 406061 905862 910230 718052 898558 262183 980264 801712 946608 571970 1092564 376453 945059 503439 1115948 760085 939249 1179290 1248780 943520 991223 924678 897147 902258 621790 189488 819611 1044798 1302397 1153640 880610 736079 862230 495021 948009 879567 1201982 441168 581581
714059 104135 650211 220392 41978 934415 176874 192560 196371 1017030 509693 505502 112722 1050038 321051 658772 987599 523097 92568 229481 668108 838025 999999999 478478 872540 1092691 726430 382137 681633 706013 913923 300490 705385 528734 772469 464974 914803 617557 791685 772494 1030075 949232 614627 208175 256040 684214 878251 841917 671380 549118 1227251 627935 946721 725397 386815 665584 918176 1022585 598155 916512 142398 591764 69936 422002 1086766 63215 694955 142414 520029 1248525 700778 1000115 832359 611411 408393 738316 949175 170080 751799 787856 1210991 225529 593402 504532 943607 792083 803940 544438 542720 948909 689577 308484 366751 698081 417017 1165739 950485 979776 789119 257056
746765 475244 585726 267746 483413 724537 530895 594862 291308 695386 78436 215842 366455 702658 644922 373407 828553 54284 419490 510635 216517 375073 478478 999999999 668688 787710 701581 112504 473492 548948 591360 533522 320312 553899 294538 694133 771401 457235 354479 801841 799886 590436 261766 278241 322046 579265 494330 625279 208058 335792 919579 798784 871812 843334 216117 420642 786250 871502 171264 958139 594128 192582 548185 556918 724400 541191 227263 618181 486048 931275 395441 888558 396897 634848 143249 808800 660294 565369 862079 926328 908055 616503 612660 564041 740956 485684 327492 509507 700016 1014725 825043 512025 381674 601130 137107 884816 730542 954102 386711 224836
379118 786751 263955 708542 843292 62165 765338 823549 802798 253093 592049 461203 795080 318906 744694 296379 165585 696524 780157 697465 547086 844135 872540 668688 999999999 273602 291375 739089 204470 167759 224658 644357 402425 398641 671837 637830 132305 256517 491618 386243 157951 306418 414809 718438 622608 210998 356632 44555 578870 354669 387570 584081 275805 525227 538684 249009 154814 208783 526863 475016 884509 491398 923758 530560 369249 920675 592290 947427 366878 416239 283861 250204 486488 369481 575851 446999 165354 809296 521635 589773 368588 816345 369236 437549 74487 222884 658878 349023 546186 541624 543366 619065 506265 209216 573991 309371 78499 388372 407580 758475
649320 1017803 533626 902483 1068788 235808 1008634 1071354 988535 94976 710119 617333 1001584 126378 1005652 442968 322857 798310 1000699 943391 605598 841538 1092691 787710 273602 999999999 562936 881841 415672 421897 196370 897582 469964 663777 681059 908370 353731 486685 494844 649331 175307 217635 530234 913876 836704 478750 320425 279517 632737 544646 135753 857102 486079 792957 722432 427308 374236 344460 619888 710226 1125512 595128 1150736 792618 156378 1146683 635012 1184551 620316 155932 406513 423050 467706 642270 736961 713743 143621 1053882 786811 851799 121595 1068045 640764 703236 244516 310620 654418 607028 819133 773356 813772 870611 737451 480234 732146 106475 213444 595675 423258 933623
88593 626062 116772 626747 689158 329435 579451 622947 723096 542174 639747 491631 680935 606189 514055 407636 306474 745797 641299 511244 667791 981162 726430 701581 291375 562936 999999999 730819 291995 209459 492081 444070 550613 198077 816741 377423 237435 261070 669754 114756 415908 571885 511377 632729 516931 143442 588787 299874 697958 374637 665876 295110 221238 236235 505401 349360 228586 328140 617052 259697 695623 578489 761073 315241 656629 760054 719404 763227 230439 696717 427929 283561 681132 118350 569452 161006 452680 617149 236338 307812 646352 606737 133643 223259 325190 430604 816760 203545 274245 321340 252086 426412 387296 124111 572306 580837 352010 264117 595447 700698
764126 395644 618930 191614 393051 797774 461083 519761 187835 791487 177869 278079 273717 803583 589487 451455 892892 144806 335860 453713 328439 456268 382137 112504 739089 881841 730819 999999999 536925 603428 685951 489753 421671 562341 400531 662767 830848 506827 465876 822026 879104 692057 351608 199151 277966 622251 599162 697316 320548 389289 1015573 785549 918217 844080 225419 490651 843475 934983 277232 979873 507916 291651 450611 538431 828072 443380 339363 524163 503963 1029053 480046 943621 508363 649112 166610 819543 749241 490038 865215 924679 1003092 544908 626641 564670 812978 574123 435346 529782 685714 1032124 821059 472686 371501 643267 166692 975509 806145 991196 493232 125318
370135 602972 191142 506650 655603 265464 593299 656886 599751 351411 399508 260597 597408 399432 601111 120390 356454 506639 589132 528814 387811 699896 681633 473492 204470 415672 291995 536925 999999999 87259 261721 486886 260248 279952 531335 528904 297947 73923 377786 406741 355297 326209 236583 516947 427226 148750 312495 166042 419275 150215 548023 528996 407875 510343 334425 60719 313321 398981 349583 543343 709858 311409 737289 394427 445281 733540 438155 769032 217873 571244 135942 416175 389787 299437 372315 444994 272786 638678 517357 590064 531087 655143 286825 317694 278956 158934 528203 212831 460597 608248 513223 459088 321901 168081 370881 484113 277370 503349 304240 554203
291969 619144 123816 550295 676105 228935 598010 657088 646301 374537 477536 333340 631861 431436 584079 207568 294297 585322 613836 530438 474696 787075 706013 548948 167759 421897 209459 603428 87259 999999999 302134 479222 347004 242772 618587 490880 228175 98037 462657 323851 325672 376748 322061 559501 458729 71071 381732 144481 506048 214957 546571 467556 324765 436378 389230 147837 240056 334706 434131 456756 717037 395630 756321 370735 480372 753328 525221 779729 200845 573126 221333 340710 472294 238007 436919 366927 287233 642199 440937 513489 528273 650969 230305 282277 237596 223388 615180 185480 410295 522024 443463 453267 339327 86132 436814 473224 246252 417095 386609 606928
580227 845973 425761 715524 893055 235486 845790 911573 798451 106312 513750 425491 817850 139205 862380 255813 362931 602760 823171 783941 414001 672616 913923 591360 224658 196370 492081 685951 261721 302134 999999999 746403 274639 537515 504917 787535 352870 335516 315906 598172 256140 82042 334439 727255 658602 371367 149569 197586 442532 365757 329675 768728 498403 727854 535165 253608 376005 400792 424055 698606 959252 398779 974972 655991 183613 970420 447449 1014803 479383 344457 215794 461542 297040 540016 544161 652902 88111 891461 728303 799164 317209 912175 532297 576286 254012 121863 483133 472588 711807 765423 739769 718211 571634 381234 538900 295524 224013 611819 236880 741600
419184 196386 391042 307628 259435 702850 136202 181708 377656 838220 519070 429624 297233 885263 124277 515494 730490 587757 233428 71323 644851 903816 300490 533522 644357 897582 444070 489753 486886 479222 746403 999999999 616511 255564 785864 181105 656838 413351 731898 476086 800194 802179 528651 305099 213517 436796 758601 623619 661820 401872 1025242 333457 664887 425747 335580 495994 655726 760483 569903 616635 251685 545263 322234 128994 929618 322281 688278 319165 278400 1051035 558820 726158 765120 325828 400704 438457 757216 173228 451926 491559 1007145 171994 311278 222591 707907 631945 806501 295373 243288 648444 390985 28765 191720 444917 409349 952328 722196 686338 697581 393631
624359 658715 442440 489687 693436 447166 681064 750454 558698 376427 244766 201868 598400 382577 740715 143448 567859 328346 621634 631500 146380 445531 705385 320312 402425 469964 550613 421671 260248 347004 274639 616511 999999999 491086 274192 717080 526922 296715 125015 665001 505723 270607 92078 502075 465455 407290 179352 358262 177613 224745 600145 757630 655514 757664 320503 201302 546688 610865 150225 803581 780730 130035 772380 568367 406503 766686 189871 825861 414445 611136 127111 648352 150675 538295 302599 698199 350954 725210 767782 839952 589211 759943 521092 521100 465702 185784 268312 423891 674432 868464 754719 588144 424802 427563 295192 570114 447095 757711 84439 495900
204726 429264 137248 436853 491974 454171 387607 437227 531485 616575 504913 365868 484086 671441 346515 356318 474949 603690 443222 318569 574336 877607 528734 553899 398641 663777 198077 562341 279952 242772 537515 255564 491086 999999999 727101 250025 401319 210902 616070 264355 550768 605745 424014 441680 324455 187664 587877 384510 600525 272000 785297 267564 418001 290375 341780 313538 400252 505105 509750 421293 506001 474148 565414 132886 719388 564062 625274 572637 77556 812984 392606 473910 638909 89799 412616 257314 529920 427894 308281 374113 766557 425335 68317 39510 457416 438607 736078 68975 184712 470495 276189 234362 198012 192289 417583 707966 474649 457726 557869 515413
884788 761823 704045 557622 775486 711327 809253 876254 585356 587400 272714 368536 660052 566469 906150 411323 835952 256035 709180 778011 152830 172303 772469 294538 671837 681059 816741 400531 531335 618587 504917 785864 274192 727101 999999999 922481 799219 556686 189012 929751 757136 463426 307709 568877 589124 674847 361537 628466 127583 457134 794337 993123 929628 1009461 450544 470970 819512 878355 220916 1073321 883308 253734 842300 774465 568524 835365 102004 911076 649920 796131 401122 920318 213464 788680 390901 956644 591585 847435 1022487 1093208 788305 894582 769187 750211 730347 449585 38989 665516 901420 1137208 1001230 760378 605538 695951 381706 787292 708104 1031720 270493 519215
320152 364139 374772 486523 422997 688533 288396 298937 558761 865406 667830 554716 476805 921185 162236 593237 683620 748197 409865 242518 773923 1054673 464974 694133 637830 908370 377423 662767 528904 490880 787535 181105 717080 250025 922481 999999999 613157 457740 839854 365883 782170 855093 638186 484799 384901 429683 832038 629094 795330 492368 1025123 165934 582029 273830 483318 557380 605745 705233 701802 481190 377660 671578 470492 149533 969313 472475 821536 443515 314064 1054061 632899 654474 867644 270955 554206 310774 777852 307158 300800 325756 1005989 271926 268712 211385 688668 686735 938249 316077 107183 500500 234407 191806 318747 428754 561987 944281 710210 575716 791126 573004
313725 821176 267246 774382 881544 125167 787258 838531 871163 361528 697323 557514 849870 428716 741479 407963 73696 804161 824290 718119 668941 971411 914803 771401 132305 353731 237435 830848 297947 228175 352870 656838 526922 401319 799219 613157 999999999 326083 621843 301822 187525 433404 528056 783004 677095 230991 488735 172357 700873 441616 438582 527312 145677 448520 617229 353345 23179 108559 641628 359187 906340 604560 958980 532352 477474 956839 715991 972276 394842 470613 403460 121501 618122 344756 664562 369225 282100 828595 439186 500997 419042 826286 352574 436130 111370 352850 787917 371072 511431 424126 474261 634890 551201 216808 664156 351103 144824 259414 538108 834067
328901 535270 147411 453855 589741 318680 522053 584755 549345 424880 388721 241612 538570 473354 527189 154169 392182 496459 525015 456743 406870 720133 617557 457235 256517 486685 261070 506827 73923 98037 335516 413351 296715 210902 556686 457740 326083 999999999 420144 373153 413043 398396 250359 463359 366151 124198 377060 224360 436914 121455 617557 468438 414740 461112 291203 103877 337348 432735 356807 520047 639451 318119 670960 321066 519112 667516 458557 699745 144836 641691 185024 436810 437878 243021 340217 402046 344716 567231 471079 543241 600199 582252 227363 247376 329550 229059 558466 142373 394324 582396 459546 385699 253467 146283 340528 550520 333616 498885 354054 509040
745953 756153 564384 571684 784583 526977 786316 855726 627433 400443 292893 305323 680924 385007 856114 266019 653401 342729 713471 741287 138316 358042 791685 354479 491618 494844 669754 465876 377786 462657 315906 731898 125015 616070 189012 839854 621843 420144 999999999 784478 568810 277737 203766 584036 565819 526379 174420 449582 154422 348292 612886 882635 757752 881236 418040 321385 643089 695154 195579 918750 879452 200550 860537 690680 393734 854356 147631 919609 539334 617354 241847 741700 42503 662532 383363 820254 402704 829214 890716 963091 605516 867751 645637 645826 546131 269023 169116 548901 799232 984434 879080 703950 540692 545856 374678 600599 522356 864093 84189 561381
60035 669080 226147 700859 732824 413584 611591 644572 794723 639331 743676 596585 741748 705015 520534 521825 358635 848145 693596 546897 779900 1092869 772494 801841 386243 649331 114756 822026 406741 323851 598172 476086 665001 264355 929751 365883 301822 373153 784478 999999999 489140 679148 623324 705348 587926 258109 701202 402084 809689 482511 740400 239171 224142 147120 597826 463855 285753 367767 726889 157869 721295 688561 798319 350519 755413 798330 831634 789320 318412 772387 542668 302687 795827 174741 665381 68920 551183 644020 137710 203589 720856 623421 196893 275098 405369 543472 930549 293357 259135 213117 176426 464389 462362 238844 669111 652867 435889 212142 710136 779756
497551 944698 413921 861926 1001116 97405 922716 980178 954890 213886 721737 601788 950965 276149 897240 428156 147771 821747 937623 854614 651677 926752 1030075 799886 157951 175307 415908 879104 355297 325672 256140 800194 505723 550768 757136 782170 187525 413043 568810 489140 999999999 320900 539139 872164 779061 364009 405672 189673 682262 503545 251517 710174 311768 635509 688552 390631 205562 170259 645481 537345 1042000 613403 1081664 683528 319222 1078552 691091 1105177 523806 283299 404782 247848 552629 511259 719810 556093 168052 966457 626639 688360 231946 972139 514412 588902 93718 320737 737404 504954 685158 599529 660102 775387 664061 358650 717027 165070 79611 420466 486726 907869
659672 887854 500505 742852 931325 313519 894082 961317 820159 124564 515371 448705 848484 112377 921024 293796 439191 594436 860308 834828 394921 625001 949232 590436 306418 217635 571885 692057 326209 376748 82042 802179 270607 605745 463426 855093 433404 398396 277737 679148 320900 999999999 346901 754946 696768 447129 103670 279481 420222 408887 336808 844303 579072 807072 564309 306275 456578 475306 419394 780638 1004510 400459 1012706 719148 138658 1007735 420373 1057225 543231 344106 250320 539398 250122 614512 562953 732867 157632 939699 808222 879427 328450 964188 605491 643804 331494 170656 437132 539035 783656 847445 817805 773622 620857 458391 556639 323903 300052 692696 210528 759996
577303 566661 397231 400717 601894 467565 589468 658899 473884 440238 183334 109921 508770 456199 652923 120095 578626 283144 530080 540952 156580 469786 614627 261766 414809 530234 511377 351608 236583 322061 334439 528651 92078 424014 307709 638186 528056 250359 203766 623324 539139 346901 999999999 413041 373376 371589 265032 370496 186590 152015 664112 691505 644346 702373 228806 176755 545462 621965 113661 769848 688652 76725 681196 488704 485264 675589 208343 733960 346459 678185 134391 648630 236593 481499 216513 648947 399218 633457 714972 785946 651503 668917 462404 450444 484794 224191 313025 359987 603656 832637 695423 500559 337166 393260 209919 624761 471875 739153 176507 413117
645380 198310 534684 12420 206749 780433 261987 321160 90396 832567 302229 306465 96982 859761 394186 471975 852531 327322 141254 259512 460023 649140 208175 278241 718438 913876 632729 199151 516947 559501 727255 305099 502075 441680 568877 484799 783004 463359 584036 705348 872164 754946 413041 999999999 117445 555194 678040 682593 463982 371832 1049561 624178 842145 698692 192090 489306 790693 891367 390044 860785 315888 384727 277717 380436 893469 271253 487966 342733 404445 1068417 511549 882930 624991 531422 201381 688792 771977 291428 722447 774234 1034434 345809 509936 431839 792267 606052 598941 431407 526075 905364 670136 293310 245494 573079 209739 994907 793747 896520 584892 88598
527949 193561 422287 113670 234758 684756 222453 291285 207032 761221 316971 263838 173223 795472 323045 404323 748132 376021 164591 190073 458882 695485 256040 322046 622608 836704 516931 277966 427226 458729 658602 213517 465455 324455 589124 384901 677095 366151 565819 587926 779061 696768 373376 117445 999999999 446959 631326 589808 470679 293245 971391 514132 728903 583819 147810 409546 683298 785652 383893 743360 315302 367208 316503 267668 833368 311848 496661 362111 290737 992513 446985 772768 603791 414135 198222 571774 693229 263938 607101 660799 955240 306645 392752 314493 695166 536876 613768 317450 414898 788286 556552 194937 130050 463650 207423 910922 699723 780286 549880 197358
222411 591906 55591 547130 651542 266986 562463 617626 644368 438663 512239 364459 619333 497760 533962 264587 303415 619791 593431 493672 527289 840773 684214 579265 210998 478750 143442 622251 148750 71071 371367 436796 407290 187664 674847 429683 230991 124198 526379 258109 364009 447129 371589 555194 446959 999999999 452358 199417 557936 244443 598055 397434 295986 365672 400293 205993 236346 339340 480175 398666 681954 441441 729790 319909 547260 727413 578642 746678 165023 626113 284607 328211 538391 169141 456409 297428 349831 605248 370861 443520 579218 608552 163758 226560 271222 294152 673958 143026 344046 462372 372392 412664 320265 22088 457718 520302 287166 375226 452767 611378
673421 824624 501090 665727 863639 379080 838819 907441 737457 226123 421393 372857 773548 213740 880791 243451 507474 494923 791946 783683 292976 525979 878251 494330 356632 320425 588787 599162 312495 381732 149569 758601 179352 587877 361537 832038 488735 377060 174420 701202 405672 103670 265032 678040 631326 452358 999999999 320488 317371 357023 440208 841488 632091 818024 491450 274865 511410 546879 323176 817921 944482 308431 943893 689160 230302 938501 316850 993436 518139 446535 200937 603078 149538 611701 480587 748232 237620 883977 822567 895029 432086 913447 599315 623661 398112 158406 336951 519097 771228 884870 823714 729836 570520 467610 473498 426254 370142 743691 108975 675092
388463 758629 254601 672421 813867 100531 740937 800913 765779 243608 548389 419251 761422 306529 728120 252455 210043 652513 749374 673847 502676 800766 841917 625279 44555 279517 299874 697316 166042 144481 197586 623619 358262 384510 628466 629094 172357 224360 449582 402084 189673 279481 370496 682593 589808 199417 320488 999999999 534481 315469 402160 586940 312349 535986 500234 206699 193993 253283 482389 502079 859581 447034 894888 514381 356917 891555 548093 921396 345219 429008 239309 292313 445956 365287 535015 459286 153822 785444 534575 604433 383811 795268 362339 423918 115881 180559 616163 329789 541878 569026 551122 597513 477066 202320 532869 329259 111329 423268 365774 719922
762875 650567 583546 452096 670036 624697 692653 760743 493937 537796 161758 241020 558768 531107 783291 299186 744450 189509 601266 657523 31935 283224 671380 208058 578870 632737 697958 320548 419275 506048 442532 661820 177613 600525 127583 795330 700873 436914 154422 809689 682262 420222 186590 463982 470679 557936 317371 534481 999999999 332146 756963 866013 824534 884595 327957 358583 719864 787590 93529 956376 773467 126482 741233 647083 544364 734595 26466 806220 523580 763899 297433 822350 195312 664142 273843 833763 523839 732491 898303 968517 748082 777292 644243 623013 643174 363265 144681 539918 773948 1019228 875369 635814 479152 579507 264561 736314 624695 922568 209960 426977
432869 480585 257970 360969 527373 415441 485441 553131 451949 467976 267807 120193 457153 503497 524751 115613 503995 375359 457813 427727 304419 613563 549118 335792 354669 544646 374637 389289 150215 214957 365757 401872 224745 272000 457134 492368 441616 121455 348292 482511 503545 408887 152015 371832 293245 244443 357023 315469 332146 999999999 679897 539508 536072 552521 185008 117754 454646 545860 245250 634252 595798 207523 609329 343900 543100 604858 355955 649718 194445 700167 159444 555667 375276 331996 223357 502440 401650 531002 566181 636399 664229 557493 312170 298978 429151 244393 464515 208504 452409 694659 544235 373120 213844 266472 222621 623179 426613 619663 300220 404498
748715 1150941 651507 1038188 1202751 337955 1139415 1201061 1124264 224279 842487 752820 1136981 228118 1130135 578708 389175 927910 1135100 1073381 731223 947883 1227251 919579 387570 135753 665876 1015573 548023 546571 329675 1025242 600145 785297 794337 1025123 438582 617557 612886 740400 251517 336808 664112 1049561 971391 598055 440208 402160 756963 679897 999999999 960770 551721 886950 858173 562361 455509 397068 750370 778413 1257008 727177 1284625 916201 231072 1280685 757058 1316914 746980 32866 541993 478034 581693 755567 872315 807559 278290 1184425 877724 938371 19574 1196535 756414 824461 340724 446105 764816 731950 931463 837370 911578 998783 869851 596765 867390 88453 315754 652285 547084 1069165
213616 525491 343853 623838 586013 624506 452376 464778 704827 830499 759412 627922 629852 892247 326972 619982 590881 851271 566803 401036 840615 1139727 627935 798784 584081 857102 295110 785549 528996 467556 768728 333457 757630 267564 993123 165934 527312 468438 882635 239171 710174 844303 691505 624178 514132 397434 841488 586940 866013 539508 960770 999999999 463278 114115 582686 572239 514700 604205 774132 325068 543457 739538 636113 247329 942291 637948 891144 608954 345087 991738 653409 541697 904043 230388 655568 172592 740733 472943 140174 160202 941228 437250 242236 243054 620206 685940 1003109 333748 99836 337364 73436 335842 418047 388047 662070 875239 647068 434435 821553 710036
261956 846960 307555 835103 909881 269005 800519 842670 932334 504097 801784 655999 896864 571045 728766 526045 164487 909639 860461 732433 792724 1100971 946721 871812 275805 486079 221238 918217 407875 324765 498403 664887 655514 418001 929628 582029 145677 414740 757752 224142 311768 579072 644346 842145 728903 295986 632091 312349 824534 536072 551721 463278 999999999 364667 695922 467675 122499 156713 757457 226842 916178 719233 982262 535917 618874 981195 841706 983925 438193 584552 529084 80852 757017 339104 752221 291476 427156 837738 348393 398231 532746 825257 354866 444486 253256 490323 921055 411457 475030 287828 398382 647610 598945 275201 753334 463422 286866 113849 674976 903819
147720 621622 319238 696719 683841 557265 552779 571506 783669 777491 795263 654732 716051 842008 436065 615220 505622 893689 657616 496086 856886 1164711 725397 843334 525227 792957 236235 844080 510343 436378 727854 425747 757664 290375 1009461 273830 448520 461112 881236 147120 635509 807072 702373 698692 583819 365672 818024 535986 884595 552521 886950 114115 364667 999999999 629188 561485 432812 513419 795920 210956 650230 759152 739092 319094 892471 740402 908470 716749 363736 918808 643024 444990 897779 220875 701105 79466 688272 577255 26987 84094 867391 545460 240356 280285 550120 659752 1015145 345102 182678 226844 40697 422744 472639 350942 706512 799621 579755 323880 812942 781141
540591 339170 393970 180402 373101 599886 369406 438584 267672 640511 185121 119016 284189 668059 455705 279995 683041 268730 301287 329970 313667 572024 386815 216117 538684 722432 505401 225419 334425 389230 535165 335580 320503 341780 450544 483318 617229 291203 418040 597826 688552 564309 228806 192090 147810 400293 491450 500234 327957 185008 858173 582686 695922 629188 999999999 300524 627943 723875 238310 755530 462040 219631 452676 342195 702573 447181 354304 505446 279418 876642 319482 725785 456229 426302 72882 598727 581146 411577 648754 711654 843282 452458 403854 349113 613140 414003 472380 304853 484048 809042 609707 310692 166515 420749 79628 805324 611478 766191 404838 219794
424583 593642 243236 478319 642591 307124 592208 658212 568172 352913 345023 212573 574856 392689 614873 59734 408031 451186 573817 530802 327099 639239 665584 420642 249009 427308 349360 490651 60719 147837 253608 495994 201302 313538 470970 557380 353345 103877 321385 463855 390631 306275 176755 489306 409546 205993 274865 206699 358583 117754 562361 572239 467675 561485 300524 999999999 369904 451088 290192 602947 705794 252350 724600 416144 435033 720343 377444 762008 243351 583022 81738 473056 336297 345672 329309 498981 284071 637883 570009 642560 546578 659522 330769 348870 322483 135982 468532 244606 497673 667496 561737 467487 318042 226307 326776 505600 315882 564001 251591 518382
