NAME : synthetic_000225
TYPE : CTSP-D
DIMENSION : 100
GROUPS : 8
RELAXATION_LEVEL : 1
EDGE_WEIGHT_TYPE : EXPLICIT
EDGE_WEIGHT_FORMAT : FULL_MATRIX
EDGE_WEIGHT_SECTION
999999999 609302 734794 821179 538986 633182 702455 858749 327128 428677 537681 648541 169485 235929 1124030 781043 663401 712985 813122 774411 860939 188067 509415 779847 88143 526813 644661 653440 689768 464448 647007 474302 926278 769967 640759 468285 765122 660469 897255 225988 693080 289936 714317 918082 642831 624914 984422 329157 316871 657596 519827 291554 431337 864285 411668 719401 816037 1005561 463343 383566 627224 509309 1042029 198171 704111 564736 40429 435295 855069 715414 1054953 737165 363267 1044579 1076381 466146 710884 103704 954770 574128 391576 271988 1116400 829481 240230 437970 701582 164045 897619 91788 350922 612509 1058785 268168 696375 525848 748509 587399 766005 700342
609302 999999999 133381 594795 681463 24335 106928 287327 556222 802948 607928 64626 581483 706353 864596 830461 690716 858346 434088 861280 303326 583285 857495 255940 587729 866321 807822 388078 130011 445095 586377 224225 318972 387078 461158 850078 302880 839409 720844 486935 536965 408558 891964 312086 84776 108442 689042 289125 305479 977626 578446 446899 351665 334849 716654 983186 436516 566070 818060 787670 76786 877755 835125 456623 364852 310561 618054 192303 527582 857875 755924 747007 319356 786622 707368 474946 116945 510064 447841 655527 217975 510763 872128 657795 551317 773281 119974 583501 840461 554101 259728 893027 673168 421699 98924 98847 185726 402656 461218 626953
734794 133381 999999999 663874 802467 113784 33606 243758 687846 934623 725918 134299 691511 839584 906017 934253 798595 972711 477345 968724 270456 716421 987434 263957 706377 995718 925728 474749 78373 566781 689054 304240 192202 437017 556054 981498 336141 957787 791204 620268 627509 510269 1008627 211317 99943 131472 731555 420704 437488 1104252 697154 579889 477917 318900 847071 1105545 479208 568395 948830 920308 113493 1008345 891385 588980 434554 415687 740658 303942 575735 971943 792657 849313 417018 832831 725263 596705 28136 637818 429032 771872 344114 608005 917136 733895 684667 903925 136652 716243 927251 684004 383909 1018413 687695 555080 38556 231676 185324 505052 525066 724269
821179 594795 663874 999999999 413412 592195 663035 505763 521880 663734 347465 546103 915054 725299 308069 361095 293598 463710 208781 411176 476963 658967 659826 421011 866115 655282 459434 216209 710775 356750 210366 758593 730699 233500 184531 689992 338828 487216 127360 595293 130531 829736 510906 640908 676806 703229 167693 592920 589093 694465 344942 530051 408750 424970 575090 643508 208454 317280 650229 687281 671208 689306 247997 629709 231151 318128 855339 676520 129150 460749 235041 287358 783970 226279 286727 357675 670729 734094 402074 351085 626953 919121 305442 78581 598159 616483 527248 679051 282887 729555 650755 609876 287066 559703 655883 545968 487637 248662 139226 183292
538986 681463 802467 413412 999999999 693849 784254 762885 219005 252821 83159 668817 684872 361215 661524 242091 143920 194425 537881 238586 744915 350937 248037 660227 612719 245515 131706 393002 810552 236390 204984 728347 945488 523042 314276 276614 593495 160898 428275 346977 300283 685657 216976 882830 761049 770052 573348 489624 474540 315493 107674 316117 332647 712231 173571 303332 539684 709611 236968 282674 748315 277263 562045 405514 464915 397512 579148 641630 514348 195475 630077 208545 688207 594267 699759 206517 794212 490473 744373 62429 570618 740191 646216 377865 302731 205579 687452 374959 371514 455919 566374 225773 700024 361859 775908 588978 687613 325521 452733 233741
633182 24335 113784 592195 693849 999999999 90695 265392 574118 820902 619081 49940 605734 727494 856900 837150 698501 868403 425422 869097 282498 604628 874226 239465 612029 882725 819101 388952 122870 457527 592409 245059 296102 379420 464608 867830 291215 850881 718834 507865 539456 432313 902841 287755 84724 114417 681210 311858 327974 992581 589841 466281 366101 316152 733674 996261 427756 551115 835333 806548 81074 894910 830292 478778 361336 316451 642182 216328 520333 867830 747165 753171 342653 779705 695238 487450 100740 533668 429537 666120 242033 534311 865125 656973 571535 790462 100141 605298 842545 577224 283902 907379 660410 442285 82387 118264 166552 408108 456950 631507
702455 106928 33606 663035 784254 90695 999999999 265811 663148 909876 708994 121792 657931 810927 913155 923098 785789 957533 482408 956262 290689 687596 964185 274693 673184 972870 909007 467994 55347 548009 677936 271085 225386 440060 547151 957000 342190 940876 790356 592039 620221 476681 992499 243452 66618 99383 737995 390661 407692 1083219 679886 553505 456768 336192 823435 1086823 484427 583721 924912 894431 79908 984582 894635 559281 432348 402792 707861 270693 580140 956886 800715 838587 383458 838594 737653 577941 10071 606041 448094 755698 312413 574553 923382 731258 657241 880111 138496 686844 921763 652875 351720 998071 700744 527331 8347 205745 195356 493503 525066 715043
858749 287327 243758 505763 762885 265392 265811 999999999 715005 950218 679968 227243 857425 903158 697335 833050 715601 900801 297797 875989 31830 787662 986030 102667 852644 990113 868034 375912 320122 549602 599911 510294 228079 275813 462218 992877 176791 900451 627091 690076 515127 692376 943129 135150 321473 357667 529792 529970 541882 1078200 656014 632424 492019 88667 854947 1058858 298498 334539 955425 948419 328202 1011374 701506 678933 309924 373666 874676 475754 391700 899093 581927 748348 605499 631783 498563 576460 267008 755344 187733 716948 484023 795496 712249 583295 741086 911181 169017 794807 787270 788645 526610 988599 459283 624442 263723 340127 110907 437455 372585 618902
327128 556222 687846 521880 219005 574118 663148 715005 999999999 246784 210761 563110 466374 209029 813097 458360 336313 407521 568979 457590 705430 143538 304474 616918 395928 315301 340042 401718 676886 185143 328620 547822 857078 536591 357988 293867 571281 362798 580992 129774 391402 474077 420063 814215 625106 625386 689408 306991 289499 437486 194742 118850 223524 688251 163392 466472 571553 761112 262770 235612 610458 322685 724704 189701 468693 348802 366424 467171 583596 409221 756346 410287 488552 736676 797593 171004 673167 271545 751493 247591 395956 522514 802862 516518 86904 218546 597861 166488 570505 239899 380702 362833 787234 160635 655108 457477 618732 325048 500926 379503
428677 802948 934623 663734 252821 820902 909876 950218 246784 999999999 317855 809218 597112 194445 911628 448409 392520 339653 766211 420311 937763 274087 80753 849559 516047 98344 281236 606534 922674 401773 453486 778614 1102305 742881 540921 48120 795203 281324 679890 340525 544055 666442 322509 1055754 870823 869682 825676 543794 525697 229126 327053 359715 465094 914571 96537 294410 768386 948410 36351 49053 855990 84574 810007 394633 678314 577270 466751 703412 756616 343179 882898 445889 702740 846259 950461 376902 919888 431257 964425 314854 633864 686243 895172 630686 270382 47330 842142 291520 601623 376852 612721 191408 948812 394359 901851 704164 858950 530772 686317 486330
537681 607928 725918 347465 83159 619081 708994 679968 210761 317855 999999999 591802 670399 390974 616297 261647 127306 252541 457389 274101 661821 353562 325039 577329 603651 324365 200024 309977 737679 165279 137492 671088 864791 440905 232484 348002 510337 231912 381653 326300 226280 649337 284085 800673 689097 700170 512233 438047 424586 398618 30125 281530 265358 629106 227632 382894 459290 633161 307861 339818 676932 353634 522271 380294 382013 316749 576707 583049 439573 252524 573295 202107 641756 544111 633842 136760 718870 474980 662667 50078 513463 713239 603562 323295 297526 270979 607999 376909 360091 449242 514169 308868 631167 325962 700651 518069 606058 242525 373551 178920
648541 64626 134299 546103 668817 49940 121792 227243 563110 809218 591802 999999999 633115 726976 807611 801604 664951 838433 375941 835276 241044 605378 858986 191351 633721 866598 791530 346850 164967 433680 556392 287929 295197 330360 425383 855452 241275 823625 673102 507432 498739 465253 874344 270033 133028 164137 631909 321416 336071 972631 563153 460556 347608 270557 719570 972055 378244 502055 821664 797725 130722 880787 782412 483812 314957 281862 660385 248535 471334 837677 697560 716972 378392 730743 645344 463556 130934 546986 383355 637607 262152 568285 816104 612387 568070 776645 58229 608023 800820 587005 304892 886155 610606 440987 113798 122890 122073 372031 409759 593251
169485 581483 691511 915054 684872 605734 657931 857425 466374 597112 670399 633115 999999999 405286 1222799 924615 797705 867539 870269 923204 865794 341728 677743 793668 81360 694951 799095 724374 632711 566735 763372 397288 882378 823087 730587 637460 796553 817452 1005536 344174 793210 185992 872760 892497 592783 567230 1070583 347883 343674 826218 648427 396982 507439 880093 573480 885716 873247 1055306 631317 552636 578336 678417 1149487 293743 762455 624937 135161 390217 927616 869679 1142751 872492 278614 1141306 1147730 575976 664812 195540 981578 711989 373655 119344 1218237 935452 382460 603980 690488 318791 1028254 231670 331396 778316 1125242 359394 653402 517681 747098 669215 838193 818203
235929 706353 839584 725299 361215 727494 810927 903158 209029 194445 390974 726976 405286 999999999 1006949 595271 502250 506554 777229 578300 896954 123472 275030 809196 323937 292768 440588 609747 813292 393612 523284 636184 1021314 743461 566616 232447 771005 450137 772472 219774 595608 494181 499527 990690 762074 753916 892943 422481 404746 422380 384590 270936 415232 885149 199962 488175 779842 969868 230054 147972 746469 273528 913089 254811 675269 549305 273064 572240 792263 509536 957999 569737 544665 933439 1004699 379951 820540 256236 955059 412091 509000 500778 994516 712145 162073 210839 769885 128137 732718 198120 478936 383052 995379 286014 803503 609598 800593 533484 709953 569413
1124030 864596 906017 308069 661524 856900 913155 697335 813097 911628 616297 807611 1222799 1006949 999999999 501595 519185 629706 431839 550117 665510 954553 887577 642958 1172379 878405 656256 515191 965856 660687 485074 1050178 921667 477597 492550 927504 570966 674371 234716 898197 431539 1135701 673453 822675 940560 971218 175701 899393 896241 878467 622965 834528 716819 608693 834519 804172 429625 382608 890340 944128 937961 916493 106816 935606 507455 619557 1159316 972251 337089 625845 115432 471032 1085773 82333 222501 657935 919147 1039931 530680 602132 927924 1226505 26954 296586 894271 865103 774908 975911 344938 1032242 954360 808078 260561 866141 907182 832741 720749 556336 411987 437546
781043 830461 934253 361095 242091 837150 923098 833050 458360 448409 261647 801604 924615 595271 501595 999999999 143769 128534 553393 51834 808178 593014 404884 735739 853871 392507 168532 466189 959604 413772 245231 923133 1044269 560544 380501 451429 656409 178356 300727 582815 318198 910984 171941 965223 914699 931114 475033 696387 683820 377007 288992 542534 513115 762770 396996 304393 553997 676818 419510 490556 904366 431829 394823 639143 524542 520727 821170 834492 489257 124615 509716 85577 901468 454639 610309 389336 932441 729374 758580 214883 767072 973505 480130 290066 543724 407065 804148 617034 161361 697238 771561 310830 624258 587335 914949 750253 784990 429598 467202 214779
663401 690716 798595 293598 143920 698501 785789 715601 336313 392520 127306 664951 797705 502250 519185 143769 999999999 185810 454589 170602 693089 477623 374230 615242 730677 367481 167050 340933 820380 270300 115690 779391 918455 451890 253970 410486 539399 196622 287857 453596 207350 772454 230094 844445 774492 789792 442834 553976 541872 401253 150960 407351 369374 652212 317428 356425 455784 605868 372359 425405 763727 403692 418565 507202 405950 383098 702734 690745 409950 183872 494611 74831 759515 454386 573968 246592 795308 602279 664144 90961 623492 839141 503172 244422 423212 345920 671462 501292 234652 575765 628700 316294 578895 451056 777559 608288 657725 294091 366289 111868
712985 858346 972711 463710 194425 868403 957533 900801 407521 339653 252541 838433 867539 506554 629706 128534 185810 999999999 638688 85538 878644 527028 285781 799963 792094 271687 68469 525340 988324 417818 301199 920522 1100547 637526 438643 335058 724892 58329 421916 537167 392366 878936 47331 1028689 940384 952296 593468 683250 668455 248774 282635 510176 517775 838021 307258 181599 639753 780719 307347 385496 928521 310924 523014 596682 591475 558031 753406 833123 587264 3979 633043 177470 882619 580465 728489 389174 967287 675967 847816 203406 762651 929944 608495 400419 486278 303583 849532 550668 289471 636103 759973 183918 739380 555905 949216 770055 839746 473076 550464 292247
813122 434088 477345 208781 537881 425422 482408 297797 568979 766211 457389 375941 870269 777229 431839 553393 454589 638688 999999999 600262 268482 683883 782087 219821 837906 781753 618824 167525 534459 383841 343805 631097 524374 49828 225883 801524 141340 649869 329422 599341 247458 748423 684190 432798 508797 539828 256191 524169 526807 846366 441699 531701 382894 216214 670489 810355 2978 194230 761612 778049 506493 810358 414798 615057 109134 248806 840838 560431 98662 636345 321863 471926 683992 356209 285039 400450 488797 714121 209636 481271 528519 847464 441158 287029 625856 721305 343920 699055 491483 726326 562230 757452 257454 545986 476187 413039 293565 243938 88303 346743
774411 861280 968724 411176 238586 869097 956262 875989 457590 420311 274101 835276 923204 578300 550117 51834 170602 85538 600262 999999999 851804 586637 370184 777530 850236 356545 139760 505566 990973 434013 281191 943500 1084297 605354 418972 418686 699199 141392 352472 585101 360981 920016 124310 1007179 944974 959907 526858 712134 698666 330178 303253 549979 534477 807569 378416 254324 600976 727540 389310 464695 934107 395862 443307 643037 566485 553493 814772 855093 538756 81582 561029 128519 915672 505187 662128 407723 965755 729035 806677 224636 786346 977960 528065 341229 540802 381673 840526 610600 206744 693436 788170 269313 676060 595430 948043 778116 824160 463774 513324 257217
860939 303326 270456 476963 744915 282498 290689 31830 705430 937763 661821 241044 865794 896954 665510 808178 693089 878644 268482 851804 999999999 783168 971391 88532 858077 974965 847513 355095 345572 536240 577474 527402 259196 248959 440619 979730 153783 879839 597378 686191 490829 704206 921496 164559 343639 379804 498146 533261 544341 1060405 638618 626887 483546 56876 842034 1038858 269057 303675 941863 937503 349361 997159 670157 677809 287169 360493 878212 488324 361315 876844 550100 723821 618977 600096 467128 562379 292579 757304 158827 697515 492160 807604 680459 554805 735018 897903 183469 791223 759037 788599 534429 970681 427947 621183 288017 348197 119949 419478 345323 594589
188067 583285 716421 658967 350937 604628 687596 787662 143538 274087 353562 605378 341728 123472 954553 593014 477623 527028 683883 586637 783168 999999999 351354 696298 265093 367070 458570 517272 689862 307923 471202 517285 899080 646279 486953 320104 663757 475993 723496 98334 528623 392356 531070 870845 638615 630710 825638 299072 281300 498965 338279 157532 308032 774839 233301 549461 686637 878033 304176 238463 623017 358646 867559 132237 578093 445423 228302 450387 710230 529313 893996 550744 432099 877194 928321 301855 697186 159109 850888 387572 386061 417416 944956 658070 60820 270137 649687 24023 712248 110327 357148 441719 915166 164926 680204 486967 683057 443846 624059 522714
509415 857495 987434 659826 248037 874226 964185 986030 304474 80753 325039 858986 677743 275030 887577 404884 374230 285781 782087 370184 971391 351354 999999999 884086 596726 18166 236860 629173 980278 437089 452898 847203 1149065 763411 556477 51768 824467 228804 660733 410724 548210 743228 260722 1097173 928625 929707 816056 609096 591216 148713 340920 421964 511657 944178 141314 215534 784043 957253 47206 127843 914161 29537 783396 467091 701618 612576 547501 769418 762309 289594 868833 416723 775954 826955 945085 409628 974246 509666 985658 309496 698846 765794 869344 618143 341556 86634 888140 369862 563664 456141 680364 117438 946856 459962 956029 759264 899882 556026 698585 477671
779847 255940 263957 421011 660227 239465 274693 102667 616918 849559 577329 191351 793668 809196 642958 735739 615242 799963 219821 777530 88532 696298 884086 999999999 781272 887957 766071 274636 329392 448258 499623 477248 311688 187513 361377 891750 82380 798526 546019 599784 417564 639442 841843 229649 314316 349044 469459 454629 464530 975533 553349 539583 395254 86429 753958 956615 221250 312472 854039 849014 316203 909635 633951 593589 211205 272358 798748 427179 318160 798338 529078 650588 558494 571328 463010 474713 279497 676148 194313 614571 421736 742899 654897 496598 647386 809962 142035 704911 698661 705211 463017 885934 426364 535300 269731 279961 79339 334833 283456 521050
88143 587729 706377 866115 612719 612029 673184 852644 395928 516047 603651 633721 81360 323937 1172379 853871 730677 792094 837906 850236 858077 265093 596726 781272 999999999 614004 723629 684918 654106 512246 703948 426559 898552 792362 682674 556163 775818 740958 950393 280114 741024 225251 795710 899682 610302 588410 1025586 327060 318859 745111 583311 339031 463703 867200 494815 805489 840868 1027075 550416 471365 595138 597142 1095007 236817 728985 589618 56239 402499 888401 794357 1097175 805192 309644 1091662 1109719 518344 680892 132748 963883 643230 371645 188569 1166417 881161 310156 523778 689437 241598 963264 156825 329003 698260 1089437 306416 667844 513471 741737 624494 798775 758319
526813 866321 995718 655282 245515 882725 972870 990113 315301 98344 324365 866598 694951 292768 878405 392507 367481 271687 781753 356545 974965 367070 18166 887957 614004 999999999 225239 630660 989813 442086 449697 859840 1155719 764167 556533 69230 827163 215370 652882 424257 545726 758525 245077 1102534 938244 939916 810019 620998 603198 132114 341619 433406 519030 946824 151929 197374 783655 955121 63707 145845 923887 39363 773800 481170 703114 617038 565025 781366 759712 275544 861781 407374 790027 818838 939826 414158 982937 525675 986315 306131 710568 782251 859821 611800 355510 99587 894786 385938 552052 472550 692841 99966 942341 472173 964686 768324 905277 558296 697570 472577
644661 807822 925728 459434 131706 819101 909007 868034 340042 281236 200024 791530 799095 440588 656256 168532 167050 68469 618824 139760 847513 458570 236860 766071 723629 225239 999999999 492433 937475 363694 275295 860054 1060889 612534 407402 282903 693989 32542 436531 469798 371542 812580 85432 992932 888634 898902 601903 621113 605868 235201 229376 444927 462111 809912 240738 192159 620172 772897 251325 325048 876274 264371 550725 529523 561471 514193 685087 773298 576994 70768 647859 187125 818526 600396 735313 334265 918877 607726 828415 154400 702319 862194 636797 404318 418020 241931 806189 482222 326871 567639 697854 153992 742575 490571 900665 717141 800788 433692 530739 278906
653440 388078 474749 216209 393002 388952 467994 375912 401718 606534 309977 346850 724374 609747 515191 466189 340933 525340 167525 505566 355095 517272 629173 274636 684918 630660 492433 999999999 510944 216608 225566 542399 578732 136768 86988 644271 201790 524782 337290 435129 152817 621985 567282 503537 472157 495629 350474 387420 386270 707899 289403 367225 222365 319477 510125 683802 170170 361073 604857 615224 464841 656514 464012 455509 72457 104457 683208 460526 203582 523733 422959 380613 570699 433020 424803 234594 476667 557252 357912 343019 412973 715571 516288 271243 458785 562965 340833 533055 453984 564778 439302 618108 405501 385273 460224 331125 318837 77161 113964 252267
689768 130011 78373 710775 810552 122870 55347 320122 676886 922674 737679 164967 632711 813292 965856 959604 820380 988324 534459 990973 345572 689862 980278 329392 654106 989813 937475 510944 999999999 574331 715057 237986 252382 491058 587415 970278 395080 968969 837887 596664 662011 448475 1021753 286666 51879 65746 790452 390815 408566 1103674 708116 563623 479407 391514 839029 1111577 536557 638999 939604 904481 67071 999490 945092 559210 479642 439054 692090 254473 631655 987863 853911 875801 354848 890616 792401 604107 53115 596893 503273 785428 306486 542851 975616 777352 663916 895146 191077 687183 964832 646609 342433 1020015 755654 533815 59670 222836 250116 530856 573766 754376
464448 445095 566781 356750 236390 457527 548009 549602 185143 401773 165279 433680 566735 393612 660687 413772 270300 417818 383841 434013 536240 307923 437089 448258 512246 442086 363694 216608 574331 999999999 201587 509793 716146 352003 179255 443503 394084 394884 438922 238545 229158 511659 448552 660477 525115 535277 521012 285153 274237 540375 135209 173844 100648 513109 305821 538877 386420 576263 405836 404522 512631 461956 583197 275499 284469 175958 498932 421258 402590 417777 590933 340133 491068 580585 620453 29938 557986 379570 569178 214726 353314 587970 654241 369168 247663 361704 455885 326189 477561 372805 358886 452974 607397 207391 539666 353450 463259 139928 317595 256329
647007 586377 689054 210366 204984 592409 677936 599911 328620 453486 137492 556392 763372 523284 485074 245231 115690 301199 343805 281191 577474 471202 452898 499623 703948 449697 275295 225566 715057 201587 999999999 694136 803842 337788 138585 480777 423752 306711 252379 424231 97721 712860 344636 728932 670889 688565 374763 482891 473422 503452 138727 366445 289928 537113 364918 467257 345228 506445 440833 477112 660996 482192 396384 469760 290311 276003 684193 605870 310374 299373 436493 160764 687997 410250 497044 187762 687254 571665 553274 143566 542466 789334 474310 189017 411634 406280 559597 493232 277509 555815 553794 415240 495708 405098 669800 509340 543349 184456 256002 55000
474302 224225 304240 758593 728347 245059 271085 510294 547822 778614 671088 287929 397288 636184 1050178 923133 779391 920522 631097 943500 527402 517285 847203 477248 426559 859840 860054 542399 237986 509793 694136 999999999 490166 581617 594728 826611 513254 888596 877867 438119 672333 211668 945240 513869 204477 174066 877471 241781 258710 985053 641257 429161 410019 558396 708897 1011417 633824 782029 802272 750813 192156 861237 1006159 386680 542909 443050 470018 88663 716397 921014 947727 846702 118772 969272 913453 535792 276330 393333 670787 721164 157871 304933 1054175 809345 508355 760642 344192 508315 968030 449125 167187 909966 881739 388007 268226 218393 409817 527607 638285 743757
926278 318972 192202 730699 945488 296102 225386 228079 857078 1102305 864791 295197 882378 1021314 921667 1044269 918455 1100547 524374 1084297 259196 899080 1149065 311688 898552 1155719 1060889 578732 252382 716146 803842 490166 999999999 497953 665446 1147988 393818 1093409 853729 801561 726883 699581 1140277 99894 289615 316387 756687 607950 624059 1256205 837953 755751 637945 315633 1011124 1247680 525258 548262 1113282 1092226 304244 1171866 929313 774619 520915 548097 932720 496075 619485 1099245 806306 958779 605977 858360 715464 745388 217904 828342 396110 906830 534934 795099 937621 807280 863105 1068262 260938 900610 1010084 873058 575383 1168072 675437 735351 230755 412332 260831 627845 594578 829584
769967 387078 437017 233500 523042 379420 440060 275813 536591 742881 440905 330360 823087 743461 477597 560544 451890 637526 49828 605354 248959 646279 763411 187513 792362 764167 612534 136768 491058 352003 337788 581617 497953 999999999 208820 780017 105384 644248 358927 559320 245643 699145 681917 410512 463387 493663 301979 476272 479434 835488 422589 492122 341803 202258 646565 804682 52679 235604 740424 751989 460447 791132 454651 572274 68304 205340 796789 510619 140978 635441 369282 476935 634228 400387 334809 371120 446884 670014 222260 469202 478938 798505 485748 309370 589286 698960 301797 660544 512338 684254 512961 745974 306748 503990 433532 363439 256037 213723 96894 348617
640759 461158 556054 184531 314276 464608 547151 462218 357988 540921 232484 425383 730587 566616 492550 380501 253970 438643 225883 418972 440619 486953 556477 361377 682674 556533 407402 86988 587415 179255 138585 594728 665446 208820 999999999 575699 286880 439589 287836 415860 77910 648479 480973 590475 545901 566716 343769 411593 406653 626993 215835 349232 224392 402609 445649 599277 227937 409290 535759 554548 537310 584623 426046 446909 154070 154435 673830 509014 225649 436986 414799 294979 607982 410808 441399 187201 556161 551157 430213 260778 453356 735902 489185 217383 426470 495695 424130 505433 380330 549616 473331 537377 429458 376506 539181 393588 405189 67983 146287 168227
468285 850078 981498 689992 276614 867830 957000 992877 293867 48120 348002 855452 637460 232447 927504 451429 410486 335058 801524 418686 979730 320104 51768 891750 556163 69230 282903 644271 970278 443503 480777 826611 1147988 780017 575699 999999999 835605 277433 698241 388498 573865 712231 311704 1100084 918441 917541 849314 591909 573814 190786 360217 407611 510268 955192 138028 264757 803612 980944 40143 84911 903650 41142 824291 442232 716422 619404 505476 751530 787540 338808 904278 457926 749987 864755 976368 417669 967022 476058 1002050 339016 681978 729392 910001 652504 318306 81884 887541 336683 608637 420771 660799 169120 976388 442467 948951 751344 903048 569336 720013 509766
765122 302880 336141 338828 593495 291215 342190 176791 571281 795203 510337 241275 796553 771005 570966 656409 539399 724892 141340 699199 153783 663757 824467 82380 775818 827163 693989 201790 395080 394084 423752 513254 393818 105384 286880 835605 999999999 726272 464255 570225 338372 655172 767715 309292 372560 405128 395870 450030 457036 908860 488146 506273 356402 119718 698837 885534 143131 269795 797013 798442 371703 850940 556028 572109 133450 222547 787630 451888 239945 723108 458850 571609 581127 496808 404489 418303 348261 662196 189738 544719 433338 757508 581357 414229 611036 753746 204018 674808 616348 685075 471892 819070 370568 508710 336234 301074 152323 269158 201076 442134
660469 839409 957787 487216 160898 850881 940876 900451 362798 281324 231912 823625 817452 450137 674371 178356 196622 58329 649869 141392 879839 475993 228804 798526 740958 215370 32542 524782 968969 394884 306711 888596 1093409 644248 439589 277433 726272 999999999 458741 492469 402450 836523 57488 1025456 919970 929880 626439 648904 633393 209412 261043 470554 492773 842007 251778 160556 651176 801852 249110 327249 907514 254725 568208 552497 593646 546610 700835 802192 606298 61878 670388 209364 844799 621037 760485 365321 950760 627710 859499 186810 731020 883624 654152 429800 438204 245586 838578 499365 339360 585784 725592 133764 768793 516032 932532 748297 833326 466234 561692 308174
897255 720844 791204 127360 428275 718834 790356 627091 580992 679890 381653 673102 1005536 772472 234716 300727 287857 421916 329422 352472 597378 723496 660733 546019 950393 652882 436531 337290 837887 438922 252379 877867 853729 358927 287836 698241 464255 458741 999999999 672582 215092 935087 468452 761905 803338 829208 175090 698578 692766 667553 389089 611364 507764 543583 600624 602794 328632 396389 660216 710907 797426 690032 144802 714055 358261 434919 933683 793907 237750 418348 211664 249591 895764 166530 310027 432267 798073 817651 506566 368095 740559 1019958 222287 70955 663730 633006 654590 745384 178757 805667 761165 590464 326408 646299 783183 668415 614215 355683 266301 203130
225988 486935 620268 595293 346977 507865 592039 690076 129774 340525 326300 507432 344174 219774 898197 582815 453596 537167 599341 585101 686191 98334 410724 599784 280114 424257 469798 435129 596664 238545 424231 438119 801561 559320 415860 388498 570225 492469 672582 999999999 467101 345284 549663 772520 545077 539180 759119 207636 189486 552700 304356 67922 217748 679409 276186 590215 602176 793414 365029 313764 529625 423513 817378 60261 491689 355498 261280 364660 633730 538819 829352 528407 366455 818616 854260 240591 601736 149073 758594 368818 296968 393280 890859 604232 70279 324672 551379 105143 684374 134273 272808 484339 838428 66612 584512 389870 584967 365391 545578 478404
693080 536965 627509 130531 300283 539456 620221 515127 391402 544055 226280 498739 793210 595608 431539 318198 207350 392366 247458 360981 490829 528623 548210 417564 741024 545726 371542 152817 662011 229158 97721 672333 726883 245643 77910 573865 338372 402450 215092 467101 999999999 720169 437326 647025 621580 643217 298014 483925 477800 601076 219264 403002 292676 447320 452412 562907 248736 409494 533755 564172 613397 577315 357008 504210 206403 232221 727971 586307 214103 390183 365423 233240 682990 351532 411138 227901 629012 608476 457092 240060 529521 804954 425474 144141 467836 497249 493580 548889 303553 601320 548020 512956 406003 435085 612375 471278 468999 144813 159243 103786
289936 408558 510269 829736 685657 432313 476681 692376 474077 666442 649337 465253 185992 494181 1135701 910984 772454 878936 748423 920016 704206 392356 743228 639442 225251 758525 812580 621985 448475 511659 712860 211668 699581 699145 648479 712231 655172 836523 935087 345284 720169 999999999 893910 715412 410667 383409 972263 236951 242385 889860 622443 370135 428197 725183 617011 933751 751364 922393 696146 629458 396776 750995 1074505 285034 645742 517728 275544 216815 818810 880320 1044671 845935 93645 1053368 1032594 529619 483016 238157 832277 696897 222042 103521 1134906 864159 407418 660181 523456 375745 989166 296061 186193 826908 1005851 324593 472704 359507 584276 581737 732021 767192
714317 891964 1008627 510906 216976 902841 992499 943129 420063 322509 284085 874344 872760 499527 673453 171941 230094 47331 684190 124310 921496 531070 260722 841843 795710 245077 85432 567282 1021753 448552 344636 945240 1140277 681917 480973 311704 767715 57488 468452 549663 437326 893910 999999999 1070001 973158 983829 640465 705910 690500 205871 313772 528024 547327 881748 303619 134510 685309 827823 288200 370179 960927 283485 566654 609741 634444 595417 754601 858605 634094 50557 679286 224800 902221 625883 775550 419262 1002329 683930 893532 236815 787559 940344 651767 447732 494646 291189 887400 554247 330988 641129 782626 150289 786638 573513 984163 801917 879668 512432 595906 338253
918082 312086 211317 640908 882830 287755 243452 135150 814215 1055754 800673 270033 892497 990690 822675 965223 844445 1028689 432798 1007179 164559 870845 1097173 229649 899682 1102534 992932 503537 286666 660477 728932 513869 99894 410512 590475 1100084 309292 1025456 761905 772520 647025 715412 1070001 999999999 309712 342651 659070 591444 605978 1196763 775242 720848 591299 219635 962208 1182312 433443 448374 1063895 1049700 321719 1121328 832680 752489 440783 486908 928776 502293 525791 1027145 707399 880155 623263 760419 615604 688763 239430 816897 296218 840139 528789 815305 838989 718433 829710 1019112 221237 874963 922348 856900 571079 1107668 575565 705918 245747 392904 197291 559571 507381 750609
642831 84776 99943 676806 761049 84724 66618 321473 625106 870823 689097 133028 592783 762074 940560 914699 774492 940384 508797 944974 343639 638615 928625 314316 610302 938244 888634 472157 51879 525115 670889 204477 289615 463387 545901 918441 372560 919970 803338 545077 621580 410667 973158 309712 999999999 36202 764861 339678 357334 1052586 659395 511744 429240 384395 787355 1061453 511070 626694 887845 852612 15778 947738 914943 508286 446029 395214 646574 208343 604362 940006 830198 831446 317278 863771 774979 554789 72370 548484 497768 737213 256529 508073 949130 741096 612172 843417 172329 636260 925021 597284 293655 969241 739349 482048 64000 172345 236862 487343 541671 711709
624914 108442 131472 703229 770052 114417 99383 357667 625386 869682 700170 164137 567230 753916 971218 931114 789792 952296 539828 959907 379804 630710 929707 349044 588410 939916 898902 495629 65746 535277 688565 174066 316387 493663 566716 917541 405128 929880 829208 539180 643217 383409 983829 342651 36202 999999999 795541 331964 349975 1056581 670251 509971 437421 420192 788414 1068583 542167 661514 888012 849575 33431 947937 943307 499241 473235 414180 626696 189780 634504 952061 861582 848637 289765 893807 808492 564638 103340 533071 533639 748895 245256 478893 979263 765875 607447 843930 207025 627031 946754 583673 279408 974474 773186 477820 98152 182296 272169 506267 569493 730983
984422 689042 731555 167693 573348 681210 737995 529792 689408 825676 512233 631909 1070583 892943 175701 475033 442834 593468 256191 526858 498146 825638 816056 469459 1025586 810019 601903 350474 790452 521012 374763 877471 756687 301979 343769 849314 395870 626439 175090 759119 298014 972263 640465 659070 764861 795541 999999999 737829 736247 835851 511516 692869 563312 441350 739303 774974 254006 241537 810026 851419 762274 845587 176316 790471 334732 454542 1017597 801277 161905 590031 72509 417652 917913 102228 135303 523877 744131 894580 375879 511010 760037 1065973 185584 198489 764818 778346 599626 845362 348728 893131 788584 755503 152313 719927 731930 659437 546509 401585 241478 339641
329157 289125 420704 592920 489624 311858 390661 529970 306991 543794 438047 321416 347883 422481 899393 696387 553976 683250 524169 712134 533261 299072 609096 454629 327060 620998 621113 387420 390815 285153 482891 241781 607950 476272 411593 591909 450030 648904 698578 207636 483925 236951 705910 591444 339678 331964 737829 999999999 18189 744473 408970 188141 193869 540333 469341 769637 527145 707497 565189 520269 324040 624754 837583 168814 417712 284075 344962 160370 587509 683975 810331 625032 205915 817072 804987 307388 400026 226348 637181 487752 90073 328152 898217 627701 276813 522482 372984 296704 760387 265918 76750 668382 780652 149488 383565 198610 419501 344788 499299 536239
316871 305479 437488 589093 474540 327974 407692 541882 289499 525697 424586 336071 343674 404746 896241 683820 541872 668455 526807 698666 544341 281300 591216 464530 318859 603198 605868 386270 408566 274237 473422 258710 624059 479434 406653 573814 457036 633393 692766 189486 477800 242385 690500 605978 357334 349975 736247 18189 999999999 726975 395756 170670 186021 549851 451612 752861 529785 711932 547217 502083 341724 606752 832660 151590 419505 283914 334243 178202 587645 669241 808752 613464 217673 813966 806159 295468 417114 213516 645060 474111 108200 330304 894528 621826 258624 504593 386744 279313 750755 250936 92463 651268 782561 131453 400526 213550 431738 340514 498951 527159
657596 977626 1104252 694465 315493 992581 1083219 1078200 437486 229126 398618 972631 826218 422380 878467 377007 401253 248774 846366 330178 1060405 498965 148713 975533 745111 132114 235201 707899 1103674 540375 503452 985053 1256205 835488 626993 190786 908860 209412 667553 552700 601076 889860 205871 1196763 1052586 1056581 835851 744473 726975 999999999 422225 556335 626506 1027347 276862 93467 847926 1006597 195690 274422 1038696 149767 771751 610630 779406 710085 695347 904574 810302 252625 879203 418600 919113 828413 969827 510922 1093281 657711 1055054 366290 833214 914356 857137 639002 485019 229708 996241 518015 536841 604659 817867 89797 977670 597116 1074938 880987 1000592 640974 759131 512939
519827 578446 697154 344942 107674 589841 679886 656014 194742 327053 30125 563153 648427 384590 622965 288992 150960 282635 441699 303253 638618 338279 340920 553349 583311 341619 229376 289403 708116 135209 138727 641257 837953 422589 215835 360217 488146 261043 389089 304356 219264 622443 313772 775242 659395 670251 511516 408970 395756 422225 999999999 256398 235234 607392 233680 410142 443728 621417 320185 345074 647159 368886 531635 356712 361798 289900 558351 553151 429906 282636 574656 225549 613156 548860 629824 106635 689784 453404 644798 80052 483705 688181 611376 327569 280524 281017 580366 361156 380081 430281 484922 332739 625262 300159 671541 488208 579939 219224 359832 186190
291554 446899 579889 530051 316117 466281 553505 632424 118850 359715 281530 460556 396982 270936 834528 542534 407351 510176 531701 549979 626887 157532 421964 539583 339031 433406 444927 367225 563623 173844 366445 429161 755751 492122 349232 407611 506273 470554 611364 67922 403002 370135 528024 720848 511744 509971 692869 188141 170670 556335 256398 999999999 151295 617469 281547 583412 534526 725842 378929 341145 496756 438769 755983 103319 424323 289130 325291 348363 565966 511387 763459 481922 374519 754392 786655 179538 563419 206287 693744 327763 277261 431830 827933 542193 109040 335514 500733 169173 633435 200432 262165 480935 770595 45743 545660 348225 529719 297629 477709 421235
431337 351665 477917 408750 332647 366101 456768 492019 223524 465094 265358 347608 507439 415232 716819 513115 369374 517775 382894 534477 483546 308032 511657 395254 463703 519030 462111 222365 479407 100648 289928 410019 637945 341803 224392 510268 356402 492773 507764 217748 292676 428197 547327 591299 429240 437421 563312 193869 186021 626506 235234 151295 999999999 469933 373180 632223 385770 576532 475337 458561 416170 534009 648939 233245 274516 137860 460844 321378 425192 517832 635381 437391 398153 634923 646691 128612 466825 335000 542866 315079 254626 512418 713561 436816 254648 430318 377297 320459 567337 343543 263880 541406 627865 163352 448476 256905 395321 161786 335688 342728
864285 334849 318900 424970 712231 316152 336192 88667 688251 914571 629106 270557 880093 885149 608693 762770 652212 838021 216214 807569 56876 774839 944178 86429 867200 946824 809912 319477 391514 513109 537113 558396 315633 202258 402609 955192 119718 842007 543583 679409 447320 725183 881748 219635 384395 420192 441350 540333 549851 1027347 607392 617469 469933 999999999 818274 1001873 216519 250346 916662 917091 388458 970656 613703 676030 248638 339733 883897 511887 306596 836059 493295 679178 643224 543261 411871 537727 339122 760639 113601 662298 508074 828682 623587 503240 724061 873322 216094 784501 707689 788224 549423 937552 373014 615910 332656 365880 149624 388666 296801 550659
411668 716654 847071 575090 173571 733674 823435 854947 163392 96537 227632 719570 573480 199962 834519 396996 317428 307258 670489 378416 842034 233301 141314 753958 494815 151929 240738 510125 839029 305821 364918 708897 1011124 646565 445649 138028 698837 251778 600624 276186 452412 617011 303619 962208 787355 788414 739303 469341 451612 276862 233680 281547 373180 818274 999999999 317409 672699 854024 102167 112197 772869 161299 735565 334804 581834 481601 451778 629703 663527 310134 798929 378966 642621 765961 861441 280549 833489 391326 867983 232530 558776 650035 819560 547271 209823 57139 750431 255234 540207 343310 541756 210051 858222 320924 815306 618274 765113 434262 591463 402039
719401 983186 1105545 643508 303332 996261 1086823 1058858 466472 294410 382894 972055 885716 488175 804172 304393 356425 181599 810355 254324 1038858 549461 215534 956615 805489 197374 192159 683802 1111577 538877 467257 1011417 1247680 804682 599277 264757 885534 160556 602794 590215 562907 933751 134510 1182312 1061453 1068583 774974 769637 752861 93467 410142 583412 632223 1001873 317409 999999999 811644 959719 258321 342821 1048280 226126 697401 649913 753327 699638 758392 927793 764933 184977 813343 358798 954748 759031 910049 508939 1096813 708243 1019991 342221 856070 966843 781778 581807 526354 281741 990505 570442 459734 658452 845096 107751 920917 626845 1078483 889108 988635 622770 722145 467299
