NAME : synthetic_000602
TYPE : CTSP-D
DIMENSION : 100
GROUPS : 8
RELAXATION_LEVEL : 1
EDGE_WEIGHT_TYPE : EXPLICIT
EDGE_WEIGHT_FORMAT : FULL_MATRIX
EDGE_WEIGHT_SECTION
999999999 580168 427794 672196 275891 348425 424600 345255 243811 632121 442350 828669 242279 807317 527256 297072 834758 728890 382108 246009 847908 402384 682635 813716 841545 977081 753153 622006 349891 814764 775748 341233 646367 612310 362502 1096595 486251 612112 885095 730602 862029 492496 772025 202546 553642 858226 1060010 133098 856261 376762 191481 824761 374400 193461 592954 886540 721001 859311 648233 580992 865781 406185 666676 64731 837843 801595 814295 581892 828803 608666 746288 500052 493192 179895 489687 887563 475000 428652 1062626 735328 794710 562655 630091 1015376 908841 636226 486057 750835 474338 728428 970574 1068823 1002336 1047851 961334 969692 623797 58780 34967 771996
580168 999999999 205578 163289 631939 237994 277515 754267 658634 84021 715342 1055546 359974 227691 835569 295510 954784 595003 714061 477077 598388 421165 134532 242687 279252 703119 882271 282128 565058 655943 286355 751131 408524 875220 237247 783313 604354 739040 393934 961819 282713 93004 499876 418165 390059 837437 645365 706537 278797 203437 444749 694468 255618 681558 312905 359026 720698 906678 711294 348615 295116 182366 731198 598166 624347 227391 607466 103814 248684 32347 496346 85477 348038 437245 112161 699447 695127 408170 841946 531342 537928 257056 493496 719216 931969 191678 396200 198418 818311 437632 528843 812615 599674 818541 538563 535898 324584 597886 595232 218388
427794 205578 999999999 358577 560667 99900 310303 678351 570912 285911 683996 1061969 268080 418401 801790 133314 993900 697008 661722 412056 740109 431019 265705 400520 483101 857763 914469 423425 532412 771425 483354 674642 527760 860155 199740 951780 614994 761815 594548 962660 459265 166569 642052 322959 474553 918021 835578 560601 473071 119628 350474 802984 244263 571104 433076 564125 786614 968072 754171 454777 495415 163203 775293 429494 755928 392012 735681 273476 435211 237780 630427 169572 412563 259201 93566 827290 680398 432037 986093 652334 677875 375581 585044 880926 1002686 364266 448819 330637 770573 580712 722426 966111 785990 964413 728033 727876 455720 430666 451018 423931
672196 163289 358577 999999999 658230 362184 281371 776817 695892 80593 704745 1001619 432466 196236 820759 419021 878505 484285 720158 513233 457054 407493 239474 270183 178638 551479 813620 170285 566850 531850 124855 774295 298064 843914 309735 624337 568020 683989 236431 914919 267077 201432 361935 483595 315778 733338 482181 787533 221022 316124 506016 574200 302901 735238 218037 217181 632301 814910 641685 260766 211446 271476 659580 702492 489439 249910 475638 93304 221022 137348 365111 195801 301479 557009 266801 564979 672568 385116 694521 408816 400011 181718 399146 563678 832565 66987 350312 272872 815374 302527 366183 660369 436468 670406 375285 372874 214930 701012 680073 108837
275891 631939 560667 658230 999999999 461147 377132 122347 55665 650596 166461 556608 293125 836109 260428 436951 560329 527282 111386 155401 671959 265747 760618 873279 836667 794882 479532 543427 121057 608558 727458 119192 510623 339924 398045 919456 243315 345406 820438 457209 902275 539986 618903 238012 419581 605284 932649 267020 873884 459304 211035 607111 376635 133175 498042 846094 474828 592680 392979 468234 869424 454570 409006 339708 649008 856600 626408 586894 860643 651103 588947 547196 384284 396140 581570 682711 202509 294461 853116 560758 630601 495337 453458 838304 644278 601915 350866 828290 216430 593335 866729 871559 874625 842473 848474 861668 525119 333537 245052 767039
348425 237994 99900 362184 461147 999999999 235525 579491 472877 303400 584699 965111 168269 465153 702151 58013 902788 628379 561822 312171 688948 341093 334326 465475 512921 811934 822400 384659 433657 706956 482329 575822 471817 761572 116466 913895 521396 669000 595828 865404 515944 161925 593527 223891 406372 838452 818397 478913 516787 49780 251605 735044 162356 477100 382896 578078 704007 882435 665788 396713 531908 104884 686973 361179 699213 453785 677727 269361 485246 268811 577984 168429 340415 199674 141271 767511 582515 345700 932544 592931 627187 329525 515203 839258 919384 349268 370451 402762 670673 534655 710932 918163 765424 912060 711711 714360 409397 361213 367598 447078
424600 277515 310303 281371 377132 235525 999999999 496698 414697 277722 439838 781540 187356 461564 559556 266602 693357 392888 445232 233091 463406 143665 412034 508113 459986 590275 616810 197407 292826 472196 362109 494046 245991 597733 119539 700145 328674 468360 466082 686246 529485 197832 372848 222819 171540 607724 638286 524442 497256 194126 239520 499560 75159 457300 172216 478783 476953 659905 450348 171658 492335 147651 471179 468734 468690 489990 446480 212475 486414 288870 353118 203019 104897 364079 273737 534597 417684 132770 702869 361421 403192 138238 279690 621957 693037 228191 138615 474743 545861 319373 546035 693288 581314 683406 537604 545399 202800 465682 424330 390077
345255 754267 678351 776817 122347 579491 496698 999999999 110644 771820 159833 494125 412482 957114 192795 551481 536588 594417 89391 277654 747807 376283 882894 995468 954792 864542 462372 654337 217927 669587 840620 4063 607916 283836 520228 989329 301827 356738 929395 401045 1023718 662333 706309 355600 521258 625189 1023089 286430 993945 580086 327927 660373 498885 155391 606787 959253 508477 591207 420418 573746 988246 576748 431801 402858 718931 978702 697562 707716 981747 773262 675610 669544 494145 493852 702849 742217 216125 403452 905484 640909 713102 609432 537435 909677 645327 718817 455906 950617 133976 688085 965503 931292 965803 897762 944858 959302 632208 396705 310627 885638
243811 658634 570912 695892 55665 472877 414697 110644 999999999 683123 206573 585124 307916 868784 283447 442472 602407 582897 140047 183898 726990 313387 784234 901114 874526 850278 522991 588777 175917 664223 770593 106664 562154 369159 421999 974791 298446 394562 866231 487669 933559 565847 672477 249689 470059 657349 985182 216242 908592 476752 221769 662611 405716 78977 544912 888972 528474 640596 445413 516894 906236 478156 460788 305201 704461 885092 681810 620704 893008 679666 642707 573262 431163 383849 600194 738374 249649 342640 908676 615486 684934 538533 507921 893575 692920 641913 400446 852623 231543 645340 917007 927222 927050 898103 899543 912330 572762 298974 210478 804390
632121 84021 285911 80593 650596 303400 277722 771820 683123 999999999 715645 1034966 399499 185687 834388 361351 922217 542802 722934 499257 529899 416507 169993 233555 210697 628883 853443 224523 570478 597008 202376 768981 354632 865726 273590 704338 590539 716588 310263 944598 252066 142496 432832 454864 353830 789812 561763 753570 227650 261622 479622 637727 278564 714599 264430 278857 680849 865805 681147 304635 233681 225943 700126 656411 559468 214501 544190 65680 210076 56755 432814 135485 324678 502369 192593 635038 689138 398397 770397 472581 471082 215433 448829 642552 887120 122752 374454 215942 823145 371665 444953 738108 516772 746544 455195 452171 269380 655529 643625 143681
442350 715342 683996 704745 166461 584699 439838 159833 206573 715645 999999999 394823 419905 895807 120438 571795 395872 446640 73303 275763 603887 299285 849176 947679 877468 715309 316538 560810 153056 517294 748415 161224 490250 180497 498910 839473 161679 197570 825498 294322 965334 628919 573606 374121 414215 465922 889754 420800 925734 571662 350910 504812 465859 281709 509851 865158 349106 437713 260764 471369 913583 553171 271970 506080 571177 929318 550888 649968 920891 728517 542717 635291 405246 553130 687007 588579 57690 319740 748467 502302 575333 526084 405447 761185 491059 641252 359155 913572 113212 564617 843209 776733 833794 741684 819470 835460 530813 499898 411284 811490
828669 1055546 1061969 1001619 556608 965111 781540 494125 585124 1034966 394823 999999999 806678 1197641 302712 959193 183330 576322 446949 665975 716325 640334 1189218 1266678 1153500 776081 202715 834805 534750 596004 1004955 497756 721719 216734 866748 878965 453103 318421 1048733 100820 1268412 979341 741790 765574 685856 399835 1012875 780261 1214991 944654 743794 557105 827094 647916 784446 1108290 404041 296391 363972 741496 1192324 916283 348925 890285 668380 1246889 659146 971682 1222197 1061429 716186 984553 710855 947953 1050184 638321 383890 648851 730771 661923 722774 822478 615144 820287 335156 934632 661352 1247433 360153 765819 1011988 784157 968007 737329 980050 999777 793303 884060 795595 1097306
242279 359974 268080 432466 293125 168269 187356 412482 307916 399499 419905 806678 999999999 581276 535761 152562 759212 543647 393860 144883 638530 218267 479556 601850 605476 767379 677117 383378 272008 628211 533537 408892 425469 598771 125925 881379 376282 523461 642866 706195 641412 267486 553310 59049 339016 722843 825599 355399 626793 168969 86725 647836 132133 322231 359307 645099 584031 752163 532153 354223 632133 177791 553085 282103 637079 587198 613924 344476 604242 384735 530791 275147 272436 189239 292525 696576 422788 234813 869704 530251 580709 323425 433925 801779 794059 394121 280803 548436 502736 503351 731785 866554 768669 852047 724413 731687 390009 279323 247734 535176
807317 227691 418401 196236 836109 465153 461564 957114 868784 185687 895807 1197641 581276 999999999 1013258 522210 1071665 668401 906420 684933 615033 596755 172919 96597 102952 687087 1008415 363997 753416 705925 230950 954315 487212 1039173 455695 734061 763144 880182 285878 1111154 70842 315599 528652 637906 511902 917350 550122 932377 55717 430884 663314 750352 463812 899183 413403 216558 823590 1003746 836867 456306 90038 404406 854419 825809 654290 79674 644236 249436 25099 198661 538529 307954 495934 663554 330847 728064 866054 576406 834809 587573 564887 377468 591349 688334 1018037 263163 545261 148355 1004906 475587 433016 790924 520464 809896 456045 445126 407382 825561 821421 110849
527256 835569 801790 820759 260428 702151 559556 192795 283447 834388 120438 302712 535761 1013258 999999999 686423 353349 517979 149046 390893 677373 417913 969500 1066930 991393 778221 286698 671788 273121 577686 858224 196248 590769 91689 618874 899629 260749 226417 929672 208257 1083117 749348 660815 487036 522009 478583 972293 479148 1041736 690800 462315 556737 586246 345321 620201 973489 387727 423707 301600 580125 1028081 673375 304788 588164 639291 1048421 621255 768720 1038356 848387 630342 755709 519747 656447 807021 644025 149545 436890 790484 584814 657214 640604 497405 824842 478272 756340 472133 1033714 60964 659804 935874 826622 918176 787285 909911 926996 639083 581943 493759 926521
297072 295510 133314 419021 436951 58013 266602 551481 442472 361351 571795 959193 152562 522210 686423 999999999 907702 657081 542175 296083 727777 352708 386702 519387 570933 852788 826157 431529 424567 737995 538047 547670 509870 751105 148959 957877 524458 672303 651551 858741 571722 219591 634248 199942 437828 856990 869624 429148 574214 103330 226097 763558 191444 438651 425031 635369 720234 894504 675587 434612 589788 154730 696721 305559 735015 508407 712948 325916 541959 326551 616883 226214 370255 141797 195020 801173 575308 361939 969098 627889 666625 374396 544036 881883 933884 403290 394474 454403 650797 576969 763873 957636 815846 949320 763460 766809 452899 305912 318738 505032
834758 954784 993900 878505 560329 902788 693357 536588 602407 922217 395872 183330 759212 1071665 353349 907702 999999999 419825 464856 631536 546891 562888 1084947 1148110 1017094 596858 82836 708384 499854 425535 864856 539382 585525 265413 794247 696787 383290 235756 896223 181536 1141619 888148 584379 729054 568454 217854 838287 815119 1082866 874299 712163 383754 750639 676308 661100 960749 250411 113064 243857 619060 1056188 837525 223645 899173 497920 1127929 491426 862390 1095455 955821 561630 892331 607162 923674 967091 460953 359932 563438 547441 506897 560941 706784 480340 640223 154997 812301 560390 1137946 413549 616725 846045 601073 795990 554117 812975 833101 664392 893058 805050 966370
728890 595003 697008 484285 527282 628379 392888 594417 582897 542802 446640 576322 543647 668401 517979 657081 419825 999999999 506473 482935 159401 331458 712529 752594 603955 270144 373827 318326 408250 85982 450302 594437 188174 490820 512349 394986 292688 301007 476437 512487 736345 552516 165676 546760 222764 249312 457015 778603 672878 585534 545894 106673 467146 657869 282100 541443 172557 337924 228917 248429 642906 534721 236507 788328 124701 732314 104336 492793 690914 587112 141810 554172 287995 732881 641164 158947 390230 310003 333810 87072 147958 338758 113227 315329 349638 422497 264458 755489 547910 198549 438031 345182 405297 319837 407578 426655 273434 783475 712803 559316
382108 714061 661722 720158 111386 561822 445232 89391 140047 722934 73303 446949 393860 906420 149046 542175 464856 506473 999999999 249836 661111 313261 846016 951711 896270 776451 387035 587076 153335 580711 774773 90157 530218 230319 487336 901131 214569 270680 858552 348498 974682 624401 623266 342233 447300 538842 940290 350282 939954 554841 316511 571035 459527 211480 537731 892888 419705 510549 332021 502125 931100 543273 344117 444520 631125 934078 610024 657689 931354 730164 592427 631227 427668 507434 674543 653135 127522 337982 816093 555706 628317 546490 454121 821801 564063 659250 385587 912257 108876 608432 886931 842109 883437 808408 865017 880098 561369 438298 349557 828420
246009 477077 412056 513233 155401 312171 233091 277654 183898 499257 275763 665975 144883 684933 390893 296083 631536 482935 249836 999999999 605889 161058 605241 718953 691749 734451 548736 417180 133080 568778 593373 274410 413907 455504 242651 855620 256271 397429 693457 565206 749967 384842 535506 99717 319479 623111 836250 310602 724761 305812 80627 579078 222507 225055 377998 710953 484003 637335 419088 356635 722944 299174 439046 306519 593396 702565 569872 436838 709197 497002 508148 392104 267425 292304 427088 641695 283112 189471 816718 492713 555176 363094 386045 774058 683344 461255 249158 672992 358608 497739 757349 823970 777959 802156 743482 754323 407688 301428 230749 621417
847908 598388 740109 457054 671959 688948 463406 747807 726990 529899 603887 716325 638530 615033 677373 727777 546891 159401 661111 605889 999999999 445857 696404 707589 533106 129405 514541 320372 551075 121360 384348 747559 217922 648179 578819 250000 446543 458822 374044 661371 676892 579857 99031 653757 299569 343524 300710 911950 606656 641391 658274 164710 537660 798992 307586 448366 316741 448486 385122 293165 570101 586605 390222 903425 49360 687960 58186 495304 634420 582396 110995 579388 366378 824554 668795 114095 548135 419261 246212 113314 62234 364537 221278 168328 443173 408317 362817 726609 706819 161492 299919 229943 252282 224304 266324 286584 284517 899122 836082 504529
402384 421165 431019 407493 265747 341093 143665 376283 313387 416507 299285 640334 218267 596755 417913 352708 562888 331458 313261 161058 445857 999999999 555691 649086 583029 574848 483619 278384 160520 417248 464349 374236 254422 454068 231453 695208 187439 331728 554846 543943 666116 340037 374523 215366 160136 505946 678251 470976 627999 311439 215068 433016 188685 372940 232299 582972 368065 542297 324718 203603 618031 277171 345904 459405 435758 630521 412214 350831 621822 431789 347091 345619 118597 405650 410197 488409 274262 29582 663310 333021 394254 233784 228022 613754 581176 345999 89328 618077 408332 338447 604639 666892 619916 647469 588511 600521 259543 454837 390299 515416
682635 134532 265705 239474 760618 334326 412034 882894 784234 169993 849176 1189218 479556 172919 969500 386702 1084947 712529 846016 605241 696404 555691 999999999 134868 264232 789393 1013746 394402 698258 766815 338944 879637 524369 1009750 362786 855530 738631 872125 426970 1095942 197462 221628 600576 538572 517430 958866 692202 813165 228002 313001 565996 807698 386516 801424 432655 370537 847102 1032695 842114 471537 261556 306334 861706 691460 727784 127691 713123 223295 182636 129126 601919 214796 479923 522877 193122 803387 829592 542558 933485 642487 638767 380583 616545 799179 1055471 292300 528732 69025 951126 540160 573127 897704 654309 909237 590181 583080 439112 692113 701748 231175
813716 242687 400520 270183 873279 465475 508113 995468 901114 233555 947679 1266678 601850 96597 1066930 519387 1148110 752594 951711 718953 707589 649086 134868 999999999 197513 782777 1081938 440402 800474 794604 324995 992413 567839 1099280 479928 830646 824037 948286 381997 1177327 72802 335683 618867 660361 582190 1001905 645105 943034 132926 439691 687152 838375 496668 923872 487024 310918 902467 1084962 909667 529267 176220 424765 928022 824768 745498 20300 734436 298846 85988 222226 626854 328163 557681 656958 324524 819902 922395 631715 930342 674136 655742 444395 669286 784670 1101757 335851 607482 77261 1053830 563679 528675 887097 616616 905466 552287 541023 485113 825249 831478 203663
841545 279252 483101 178638 836667 512921 459986 954792 874526 210697 877468 1153500 605476 102952 991393 570933 1017094 603955 896270 691749 533106 583029 264232 197513 999999999 595178 958769 322466 743204 632189 153784 952326 432834 1008551 480400 635412 734461 839732 185259 1071612 147590 353086 453469 658662 474626 850095 447656 960783 74317 472219 682003 677607 478643 913115 374295 113678 766900 941810 789794 416537 39094 435671 805923 867017 575371 182064 567736 261017 112324 246992 467510 345964 472238 712402 390674 647127 842200 559233 743104 519545 487697 351391 539393 593285 951718 237033 519265 250118 989191 406260 331235 696592 419617 718111 355522 343740 361202 866077 851790 70637
977081 703119 857763 551479 794882 811934 590275 864542 850278 628883 715309 776081 767379 687087 778221 852788 596858 270144 776451 734451 129405 574848 789393 782777 595178 999999999 580877 434488 674593 200536 458958 864575 344289 738599 703966 124894 562830 553549 417510 734740 742589 694382 218576 783152 428627 380036 251485 1039161 669418 763614 787634 226375 663880 923668 429051 495499 397880 488184 478007 418962 628978 708391 478606 1032791 146082 764087 168475 602371 703598 683816 237298 693180 495007 952710 782009 139465 658297 548482 147936 241844 187180 483923 348770 46688 468456 511455 492218 811661 813076 277759 302042 109514 223938 122953 267290 286760 403405 1028472 964890 579923
753153 882271 914469 813620 479532 822400 616810 462372 522991 853443 316538 202715 677117 1008415 286698 826157 82836 373827 387035 548736 514541 483619 1013746 1081938 958769 580877 999999999 644418 417021 394992 808287 464942 525936 205495 715061 689581 301747 153854 847734 156110 1078841 812947 539426 646376 500022 218356 812626 737054 1022475 794977 629362 357855 671982 598005 595587 908888 201386 139450 172351 552961 997781 759540 154042 817671 467064 1061876 457058 792272 1032582 884760 514243 817391 534239 840848 890271 441747 278153 485656 552181 459793 520063 638390 419419 626160 193269 746905 486383 1068500 344999 565311 809335 600179 766626 555180 777509 797186 601411 811577 723811 905203
622006 282128 423425 170285 543427 384659 197407 654337 588777 224523 560810 834805 383378 363997 671788 431529 708384 318326 587076 417180 320372 278384 394402 440402 322466 434488 644418 999999999 437088 374341 187905 652379 130209 686175 287747 530330 412944 518732 277472 750516 434463 260215 221360 420026 152161 565996 443892 719225 380481 335132 435565 413985 256882 641391 51900 305812 462072 645169 472981 94171 360476 279780 490429 665425 343022 420145 325564 178337 388199 270673 214863 259382 160202 549730 348672 417750 522254 250888 566291 249638 258666 60102 228884 457812 664193 105197 202129 437780 673677 159009 348678 543188 388003 543787 341220 348319 45185 662528 621228 262755
349891 565058 532412 566850 121057 433657 292826 217927 175917 570478 153056 534750 272008 753416 273121 424567 499854 408250 153335 133080 551075 160520 698258 800474 743204 674593 417021 437088 999999999 490824 624093 216225 392789 327926 345859 799006 136775 267724 711512 434204 821930 477266 498343 232527 304047 508625 812975 374074 786632 418940 213280 492160 313404 249625 389028 742570 372468 512067 298390 355859 777874 400256 317057 414210 528927 782564 506165 505062 778383 579705 468250 483798 276947 424068 533972 565074 150936 186426 737119 439714 509584 394259 332419 717731 560294 506240 237987 763475 253484 474607 750087 753237 755100 725538 730704 744465 414282 408453 325691 675176
814764 655943 771425 531850 608558 706956 472196 669587 664223 597008 517294 596004 628211 705925 577686 737995 425535 85982 580711 568778 121360 417248 766815 794604 632189 200536 394992 374341 490824 999999999 479340 669874 248563 539788 591674 322990 369695 353342 485559 544334 771301 621322 178721 632458 300708 224947 417720 862766 704017 662749 631827 45968 547081 740132 345704 556793 201176 328041 277909 317500 670395 610590 279611 874296 72522 774511 67921 552372 727065 644950 167753 622308 367783 817424 710705 74250 459897 395339 248184 124703 145969 404055 194956 247160 326073 474523 347994 804721 613017 230935 420993 263163 372012 235033 387602 407813 331366 869434 798431 595244
775748 286355 483354 124855 727458 482329 362109 840620 770593 202376 748415 1004955 533537 230950 858224 538047 864856 450302 774773 593373 384348 464349 338944 324995 153784 458958 808287 187905 624093 479340 999999999 838543 283256 868521 417111 517064 598237 694253 113514 925647 292964 323938 300777 579602 336354 696348 360141 884190 224680 434717 599264 524544 401417 818381 238567 118680 614474 788209 640992 278112 192638 386250 656386 811016 424629 305866 415776 213760 250076 258113 313884 318800 347271 673086 391643 497746 708716 437668 606044 365762 335900 232186 389817 463960 797948 139706 390029 353715 861391 252476 242674 564926 317544 581252 254550 250308 219490 809043 780199 121369
341233 751131 674642 774295 119192 575822 494046 4063 106664 768981 161224 497756 408892 954315 196248 547670 539382 594437 90157 274410 747559 374236 879637 992413 952326 864575 464942 652379 216225 669874 838543 999999999 606680 287181 516940 989383 301787 358359 927603 404505 1020848 659147 705563 351934 519768 626819 1022281 282920 991275 576581 324242 660933 495798 151517 604949 957189 509593 593442 421636 572080 985714 573456 433180 398895 718906 975678 697480 704934 978933 770216 674885 666368 492203 489811 699389 742591 217242 401511 906167 640443 712569 607254 536754 909654 647519 716442 454209 947395 137626 686999 964283 931716 964951 898339 943754 958138 630473 392740 306614 883123
646367 408524 527760 298064 510623 471817 245991 607916 562154 354632 490250 721719 425469 487212 590769 509870 585525 188174 530218 413907 217922 254422 524369 567839 432834 344289 525936 130209 392789 248563 283256 606680 999999999 591333 360916 455941 331075 412288 339747 642999 556659 373495 127849 446724 94457 435955 424129 724508 497403 424882 454901 285983 319865 626042 97185 390181 336474 517223 357748 75287 471854 370647 373344 698209 228388 547540 207921 305533 510631 399404 107196 374209 154102 608911 463020 299711 443504 225114 460796 125423 157220 155678 106666 376731 534620 234849 165149 567814 602761 84025 357608 447839 365817 440248 337979 351706 85260 694344 638532 380879
612310 875220 860155 843914 339924 761572 597733 283836 369159 865726 180497 216734 598771 1039173 91689 751105 265413 490820 230319 455504 648179 454068 1009750 1099280 1008551 738599 205495 686175 327926 539788 868521 287181 591333 999999999 670112 856462 276035 189851 930599 118572 1109766 792940 644933 554348 534063 411662 947763 569772 1063472 745481 531373 512946 633741 434574 634296 980410 341018 344829 263160 592363 1046287 722543 260200 674328 606232 1080164 590487 800551 1064198 885105 615491 798818 543346 732664 857068 600840 181535 468358 735608 565913 636115 662206 490595 785222 398762 777853 493914 1071696 152546 652592 922261 776680 895956 734841 894079 912203 649506 668102 579482 946549
362502 237247 199740 309735 398045 116466 119539 520228 421999 273590 498910 866748 125925 455695 618874 148959 794247 512349 487336 242651 578819 231453 362786 479928 480400 703966 715061 287747 345859 591674 417111 516940 360916 670112 999999999 810058 416737 562814 528880 768406 516743 144246 485482 182281 290971 722760 730387 480513 500880 80119 208157 619021 46001 444868 277092 524984 589224 769260 554517 285654 506466 56524 575654 394160 586515 464507 564613 219747 478859 260306 467925 151779 224369 262751 188154 653481 488812 232564 820472 479594 517683 228905 399128 733514 805011 277632 254141 430850 594519 428748 629259 808678 675228 800544 625783 630835 305656 392364 371442 410348
1096595 783313 951780 624337 919456 913895 700145 989329 974791 704338 839473 878965 881379 734061 899629 957877 696787 394986 901131 855620 250000 695208 855530 830646 635412 124894 689581 530330 799006 322990 517064 989383 455941 856462 810058 999999999 687670 673945 450438 845128 781868 785940 328093 900351 544665 479170 217072 1161924 707803 864718 906177 343842 772091 1047814 532989 526399 515571 584966 598393 528661 664921 809266 597580 1151084 270947 813292 293165 686889 747300 760743 351328 783870 609334 1064128 870995 255996 782304 668134 169044 363309 302121 584394 471203 81681 557385 594094 610631 869093 935976 381475 310844 105001 220368 152034 281613 296447 505029 1146932 1085503 633445
486251 604354 614994 568020 243315 521396 328674 301827 298446 590539 161679 453103 376282 763144 260749 524458 383290 292688 214569 256271 446543 187439 738631 824037 734461 562830 301747 412944 136775 369695 598237 301787 331075 276035 416737 687670 999999999 147922 669145 357652 833731 526359 412095 349678 261895 371993 728581 507156 787959 496017 335761 364881 375414 376469 361106 712933 235796 381119 163317 320230 771814 464314 182930 550351 417118 804780 395746 525682 788173 612224 381196 531667 267331 546968 597626 443232 112432 196317 611181 342004 414894 386366 243768 607867 427241 502157 217883 798892 272503 403495 681833 632619 672391 601484 657849 673937 378823 544660 462452 671378
612112 739040 761815 683989 345406 669000 468360 356738 394562 716588 197570 318421 523461 880182 226417 672303 235756 301007 270680 397429 458822 331728 872125 948286 839732 553549 153854 518732 267724 353342 694253 358359 412288 189851 562814 673945 147922 999999999 748506 231889 951008 665798 456232 493991 368318 268461 758002 610782 899200 642509 477959 330535 520409 472758 467743 802372 161630 247709 75579 424834 878256 608644 79056 676842 417821 928519 401380 653493 904858 743873 427221 670620 392810 689715 740656 418062 145573 335960 565173 376723 446425 504214 307836 600233 298877 617026 343527 929499 269022 467444 733533 600254 706106 561299 704884 723205 478544 670877 584724 781482
885095 393934 594548 236431 820438 595828 466082 929395 866231 310263 825498 1048733 642866 285878 929672 651551 896223 476437 858552 693457 374044 554846 426970 381997 185259 417510 847734 277472 711512 485559 113514 927603 339747 930599 528880 450438 669145 748506 999999999 976351 331454 437008 312547 686795 411876 709923 266302 990350 257387 548222 705212 531486 510866 918210 322775 78017 647951 809318 687967 356449 214770 499484 700931 922076 420705 365546 418022 327025 297499 364004 334636 431706 436250 786241 502017 486828 781385 526636 564678 389390 340253 330509 440865 411483 811459 251352 473738 427612 938642 283048 147782 515175 234622 539718 170332 159375 297393 919940 888175 195825
730602 961819 962660 914919 457209 865404 686246 401045 487669 944598 294322 100820 706195 1111154 208257 858741 181536 512487 348498 565206 661371 543943 1095942 1177327 1071612 734740 156110 750516 434204 544334 925647 404505 642999 118572 768406 845128 357652 231889 976351 999999999 1181996 883756 675648 664783 599645 373693 961493 687399 1130933 845827 642974 509822 729463 552897 699389 1032471 344632 284139 288568 656524 1110145 818691 277092 792792 615320 1157729 603284 880573 1135918 968912 648320 889160 619923 847391 952904 595309 283475 553962 708028 595255 660430 734308 537422 780414 333148 848029 570165 1155380 267940 693672 950514 756284 913486 711264 919918 939105 710431 786567 697906 1013234
862029 282713 459265 267077 902275 515944 529485 1023718 933559 252066 965334 1268412 641412 70842 1083117 571722 1141619 736345 974682 749967 676892 666116 197462 72802 147590 742589 1078841 434463 821930 771301 292964 1020848 556659 1109766 516743 781868 833731 951008 331454 1181996 999999999 374061 593201 698910 582716 984872 588774 989163 74068 485451 724888 816116 527898 961451 484089 256186 893132 1072516 907420 527011 117355 463689 924879 877033 717593 71018 708513 317010 46265 256677 604491 366386 566456 711619 377253 790545 936215 646228 890525 654498 628753 448247 661282 740842 1085859 333998 615857 148529 1073969 541881 474908 844176 564469 865538 500964 488082 477586 877142 877784 177044
492496 93004 166569 201432 539986 161925 197832 662333 565847 142496 628919 979341 267486 315599 749348 219591 888148 552516 624401 384842 579857 340037 221628 335683 353086 694382 812947 260215 477266 621322 323938 659147 373495 792940 144246 785940 526359 665798 437008 883756 374061 999999999 481050 325413 335539 786426 670527 616779 363770 119138 351865 656259 164888 588687 276579 416316 662609 847991 644381 304573 374533 89696 664882 514556 599216 320337 580096 110315 337881 117510 471906 7678 283200 360069 89548 672404 611832 330596 826036 498911 517802 218001 444436 716073 877199 198342 328026 288493 729740 418966 558921 803293 620149 803754 563035 563693 295928 513826 505883 285959
772025 499876 642052 361935 618903 593527 372848 706309 672477 432832 573606 741790 553310 528652 660815 634248 584379 165676 623266 535506 99031 374523 600576 618867 453469 218576 539426 221360 498343 178721 300777 705563 127849 644933 485482 328093 412095 456232 312547 675648 593201 481050 999999999 573610 218393 399509 317025 845346 525412 545402 580787 224234 445836 740445 210812 380676 338230 497012 388489 201195 491687 490305 398589 824921 127588 598936 115621 396585 549329 484552 30902 480495 281551 736434 569879 203057 521148 346103 345012 80393 38250 266748 169145 249146 501353 310630 286887 633506 682395 62479 277349 324922 260364 322735 249554 267344 186355 820945 762905 417816
202546 418165 322959 483595 238012 223891 222819 355600 249689 454864 374121 765574 59049 637906 487036 199942 729054 546760 342233 99717 653757 215366 538572 660361 658662 783152 646376 420026 232527 632458 579602 351934 446724 554348 182281 900351 349678 493991 686795 664783 698910 325413 573610 999999999 355710 708867 857557 304856 682478 227796 27928 648166 180714 263521 390421 693332 569366 730060 510381 379432 686385 235804 530863 251506 647906 645516 624454 397867 661130 442314 549068 333048 292744 197880 351362 703118 382823 237692 877721 542740 598294 361056 441195 819717 774384 441258 291143 607433 450873 527710 768350 878848 799953 861299 758817 767298 421270 247724 201661 588128
553642 390059 474553 315778 419581 406372 171540 521258 470059 353830 414215 685856 339016 511902 522009 437828 568454 222764 447300 319479 299569 160136 517430 582190 474626 428627 500022 152161 304047 300708 336354 519768 94457 534063 290971 544665 261895 368318 411876 599645 582716 335539 218393 355710 999999999 450942 518126 630072 531595 362878 362400 329210 246562 532470 100361 451634 330639 516622 327673 58414 512579 312001 346406 606748 299588 562203 276854 294299 536550 388444 193359 338090 68094 525885 422516 363521 372589 130735 533532 192184 242717 138455 110536 464189 542965 248793 70808 569492 527427 178420 447159 527747 459792 514865 429565 442283 117082 602711 544929 414027
858226 837437 918021 733338 605284 838452 607724 625189 657349 789812 465922 399835 722843 917350 478583 856990 217854 249312 538842 623111 343524 505946 958866 1001905 850095 380036 218356 565996 508625 224947 696348 626819 435955 411662 722760 479170 371993 268461 709923 373693 984872 786426 399509 708867 450942 999999999 625025 872304 920249 800983 699465 179476 676802 736250 526329 779981 139509 108300 212388 488870 888803 755082 196594 922243 294270 981624 292865 737079 939645 831919 382742 789031 506816 906005 872750 246958 412312 495056 334579 330747 369685 580474 344003 422776 101855 670803 469363 1003750 529750 443964 642771 385109 585741 338972 608606 629033 520847 916580 834268 807842
1060010 645365 835578 482181 932649 818397 638286 1023089 985182 561763 889754 1012875 825599 550122 972293 869624 838287 457015 940290 836250 300710 678251 692202 645105 447656 251485 812626 443892 812975 417720 360141 1022281 424129 947763 730387 217072 728581 758002 266302 961493 588774 670527 317025 857557 518126 625025 999999999 1146418 515711 768763 869765 455812 700772 1050133 467273 334220 617045 733178 685148 480776 471772 715052 690816 1106757 346189 629623 358887 562111 559445 617974 347868 666667 570015 993032 746627 378146 836334 648793 372022 388207 315335 503889 486170 218973 717483 472326 588928 693730 997215 340269 119075 310201 58336 349784 107545 109893 436413 1103550 1055728 461550
133098 706537 560601 787533 267020 478913 524442 286430 216242 753570 420800 780261 355399 932377 479148 429148 815119 778603 350282 310602 911950 470976 813165 943034 960783 1039161 737054 719225 374074 862766 884190 282920 724508 569772 480513 1161924 507156 610782 990350 687399 989163 616779 845346 304856 630072 872304 1146418 999999999 979833 503997 285157 865987 485138 139091 684303 998187 741126 856713 659987 665980 986894 528475 675984 155093 895439 930309 872142 699833 954494 733959 817463 624423 576623 311493 620044 936899 465851 499813 1110167 798683 863591 661790 690728 1080243 909141 746098 559650 881675 420224 808335 1064618 1123513 1088174 1097799 1052207 1062313 714655 150531 111557 890546
856261 278797 473071 221022 873884 516787 497256 993945 908592 227650 925734 1214991 626793 55717 1041736 574214 1082866 672878 939954 724761 606656 627999 228002 132926 74317 669418 1022475 380481 786632 704017 224680 991275 497403 1063472 500880 707803 787959 899200 257387 1130933 74068 363770 525412 682478 531595 920249 515711 979833 999999999 480813 707270 749217 505711 941976 431565 182368 833231 1010269 852180 474410 44003 451360 868951 876574 648382 121341 640190 287959 48795 248491 538292 356210 522215 715847 384493 720587 893384 606047 817333 589502 560209 401782 603334 667071 1021654 285868 570695 197357 1036165 476338 401182 770483 490566 792338 426965 414241 421746 876157 869305 117729
376762 203437 119628 316124 459304 49780 194126 580086 476752 261622 571662 944654 168969 430884 690800 103330 874299 585534 554841 305812 641391 311439 313001 439691 472219 763614 794977 335132 418940 662749 434717 576581 424882 745481 80119 864718 496017 642509 548222 845827 485451 119138 545402 227796 362878 800983 768763 503997 480813 999999999 255627 692071 125042 489035 334611 532873 668352 849028 634615 350060 493213 55451 655747 396018 652835 426488 631624 222887 452116 232453 530525 126275 298323 241517 123568 721981 564751 312574 885661 547079 579471 280506 472640 790424 884302 300393 331684 382026 663144 486085 661687 870234 715695 864920 662158 664969 360629 395462 392503 404953
191481 444749 350474 506016 211035 251605 239520 327927 221769 479622 350910 743794 86725 663314 462315 226097 712163 545894 316511 80627 658274 215068 565996 687152 682003 787634 629362 435565 213280 631827 599264 324242 454901 531373 208157 906177 335761 477959 705212 642974 724888 351865 580787 27928 362400 699465 869765 285157 707270 255627 999999999 645637 203383 236823 403532 713961 560022 716847 497905 389876 710319 262414 518101 245159 650347 672139 626825 421623 686699 468446 555372 359476 301771 211763 379194 703380 362285 239611 878341 546326 604098 377363 442825 825170 762211 461750 295614 634811 424909 536980 782958 881504 811910 862532 772369 781434 434274 240856 186218 611397
824761 694468 802984 574200 607111 735044 499560 660373 662611 637727 504812 557105 647836 750352 556737 763558 383754 106673 571035 579078 164710 433016 807698 838375 677607 226375 357855 413985 492160 45968 524544 660933 285983 512946 619021 343842 364881 330535 531486 509822 816116 656259 224234 648166 329210 179476 455812 865987 749217 692071 645637 999999999 573798 739786 382502 602756 171929 283778 255142 351689 715895 640997 253741 885548 115350 818235 113609 591264 771698 684581 211825 657596 394668 836918 745315 87913 447124 413272 246307 165474 191916 440332 219894 272781 280305 515637 370194 846992 595519 274865 464590 272130 412281 237420 430826 451150 370200 880495 806737 639793
374400 255618 244263 302901 376635 162356 75159 498885 405716 278564 465859 827094 132133 463812 586246 191444 750639 467146 459527 222507 537660 188685 386516 496668 478643 663880 671982 256882 313404 547081 401417 495798 319865 633741 46001 772091 375414 520409 510866 729463 527898 164888 445836 180714 246562 676802 700772 485138 505711 125042 203383 573798 999999999 436290 240359 513512 543493 723993 510040 244921 507310 89228 531141 412218 543724 480125 521574 218664 487795 274565 427060 171778 179372 294203 223610 609752 452206 187833 777875 436512 477038 196908 353924 694631 759366 262088 208151 453131 565141 390664 603264 767601 644722 758292 597673 603908 269984 409803 379197 408027
193461 681558 571104 735238 133175 477100 457300 155391 78977 714599 281709 647916 322231 899183 345321 438651 676308 657869 211480 225055 798992 372940 801424 923872 913115 923668 598005 641391 249625 740132 818381 151517 626042 434574 444868 1047814 376469 472758 918210 552897 961451 588687 740445 263521 532470 736250 1050133 139091 941976 489035 236823 739786 436290 999999999 600423 935806 607384 718006 524376 575709 942987 499204 539671 248301 778254 908944 755369 654739 922792 705171 711201 596298 487764 356472 611994 814364 327448 402521 985561 686658 754838 588037 578585 966366 770648 685383 461878 870386 288463 709867 977261 1002782 991839 974533 961451 973371 629407 242206 158494 842530
592954 312905 433076 218037 498042 382896 172216 606787 544912 264430 509851 784446 359307 413403 620201 425031 661100 282100 537731 377998 307586 232299 432655 487024 374295 429051 595587 51900 389028 345704 238567 604949 97185 634296 277092 532989 361106 467743 322775 699389 484089 276579 210812 390421 100361 526329 467273 684303 431565 334611 403532 382502 240359 600423 999999999 355679 416954 601487 423669 42953 412219 279493 441548 639624 323308 466859 303722 211005 437844 305697 197391 277149 113814 534342 366126 395932 470656 203886 553174 222449 245425 58586 184416 456923 622897 151368 152162 479946 622854 151997 380315 535710 409890 531763 368841 378200 30860 636354 589748 313904
886540 359026 564125 217181 846094 578078 478783 959253 888972 278857 865158 1108290 645099 216558 973489 635369 960749 541443 892888 710953 448366 582972 370537 310918 113678 495499 908888 305812 742570 556793 118680 957189 390181 980410 524984 526399 712933 802372 78017 1032471 256186 416316 380676 693332 451634 779981 334220 998187 182368 532873 713961 602756 513512 935806 355679 999999999 711027 877299 745316 393896 138857 488601 759455 918797 494007 295731 489859 310403 225229 327300 400183 410116 465655 774063 470567 561856 824175 556163 642695 454580 410859 350772 495055 489280 881769 252211 507670 362689 978278 344166 218823 592990 308295 617736 245005 231898 334594 917165 892663 144038
