NAME : synthetic_000977
TYPE : CTSP-D
DIMENSION : 100
GROUPS : 8
RELAXATION_LEVEL : 1
EDGE_WEIGHT_TYPE : EXPLICIT
EDGE_WEIGHT_FORMAT : FULL_MATRIX
EDGE_WEIGHT_SECTION
999999999 550752 801410 247400 495946 331510 807819 494948 570091 538730 253971 436660 686724 652994 626505 708810 310798 907557 444578 848904 859921 532184 570860 337774 492066 315294 874774 931016 559130 564032 650428 915702 63474 594416 674557 711227 516189 438518 785440 883896 741466 369465 437273 1021941 444900 225243 183486 673502 440096 443854 867932 445084 400727 889866 925622 532875 1004656 560100 995583 474064 752865 528788 477072 517900 296715 204481 877088 454595 450098 153363 582592 47819 414894 112866 648734 422611 951727 395596 232976 432006 402772 716633 532583 42164 602769 244997 323781 359069 527734 624196 722788 905119 475741 244922 183730 843230 365383 358744 700229 326955
550752 999999999 251219 567604 556272 575652 265687 212574 324679 292790 504372 504654 224539 698126 711525 159507 304057 361523 365665 712808 309417 669451 164406 705044 743903 439104 388619 449491 710720 733342 317317 719378 580221 202471 286733 219235 331917 275161 285056 333146 473301 206134 441045 741070 318010 547944 412527 544189 228661 411735 321255 606002 182964 434996 392320 279908 685614 249385 771043 202724 317697 147775 640148 213774 737774 555682 604260 124240 492228 408076 112067 519221 756046 546167 696648 191565 437206 187709 424172 180274 171037 683977 183122 590701 282099 713153 422711 398638 486268 629288 213192 355442 306175 415314 494883 554774 265798 318311 178061 335346
801410 251219 999999999 807305 746566 803849 101471 403849 440250 452827 729620 707201 227941 860824 885099 102914 534839 116782 563532 800718 68646 863202 292440 941063 957001 652786 289154 336557 903290 928067 409846 775692 828598 328940 320016 218578 477316 463630 215641 84870 544125 451666 641014 744469 518207 789687 661407 668538 442843 587213 77861 792355 416068 360558 171238 418497 672516 372750 803870 406884 318639 316090 844062 392020 981526 789311 637639 363870 690502 659183 263491 770425 985226 790333 860467 410128 276523 429796 666989 410195 408486 821021 337177 840961 403722 960162 635017 619736 659960 789126 154279 117309 473067 657012 731648 589585 486778 545754 140749 568727
247400 567604 807305 999999999 269490 86465 782481 421733 709919 423970 480896 223676 760724 412522 382142 705155 450703 922929 299121 632259 852634 286342 652208 139968 251794 518392 794852 842756 311867 316729 534514 710344 308951 522173 778293 656911 666410 574560 725131 880432 579590 361831 253493 835306 325044 26630 180529 473963 371795 628379 882730 677628 484899 789796 959584 662863 832684 675193 793046 410229 660898 609089 231171 441096 178200 446226 699390 445537 243035 223402 550314 209585 204453 356799 408084 518673 885864 380227 144616 397172 478192 486030 626534 269945 495916 174476 520736 210246 328801 393595 774144 890832 621416 152467 410459 674827 493206 266141 742624 239634
495946 556272 746566 269490 999999999 188638 690040 349442 803446 295022 687389 66820 779127 169240 163326 646677 585479 861548 190623 362860 772796 116645 692988 312279 229694 697293 640587 675444 156915 181501 373197 443510 559406 419035 826399 548362 775575 682191 600240 802191 354418 392660 117028 576802 238309 281899 348361 216787 328230 776809 824217 878925 561677 613938 915510 751856 584590 747371 526705 354471 507863 655873 109375 356846 400979 673230 450828 439989 67917 403763 488040 450462 307639 592644 165832 598731 739333 394093 283170 381720 548434 220697 684258 526793 355362 423542 693507 188539 98095 128327 766672 799863 731608 276069 623733 435767 608120 262513 729363 266913
331510 575652 803849 86465 188638 999999999 768479 404717 753863 389263 555969 153426 781854 326100 295953 700937 503305 920534 260732 550858 843560 200739 678772 146797 187575 585904 760732 804715 228448 235825 493767 632031 393852 499442 808971 635734 714630 620952 699798 872173 518897 375735 198970 762297 296441 106287 232640 400344 361126 688075 880856 752663 519393 748359 963078 704788 764666 712038 715155 397930 625406 636774 145585 421223 221674 526497 630708 451430 174960 283828 541482 291175 181448 438657 321652 555107 855216 389391 177727 397414 510344 401307 658031 355827 460547 236843 586450 185102 259847 309332 787261 878551 669345 179644 486732 609885 540339 259026 753458 240401
807819 265687 101471 782481 690040 768479 999999999 363835 515489 395537 767612 657636 314541 790866 818910 111008 568029 185590 516241 710922 86386 806145 355478 910686 909057 697438 188246 238186 845072 870543 333291 680577 841854 273120 407812 142625 545572 516985 118286 115070 455536 443004 591954 643957 474206 767503 652669 589931 410869 647991 157798 851095 446571 259168 255469 486759 571420 443114 705528 372654 226210 369306 792470 347563 959804 821034 540754 354892 639171 659001 233404 772414 948233 810877 790923 448852 189430 418337 648271 390258 435837 743207 396549 848863 336814 943935 680274 583489 598439 719326 244104 110621 534449 637153 760510 493544 525657 516505 220522 543197
494948 212574 403849 421733 349442 404717 363835 999999999 506633 88149 551293 304526 437032 485744 500558 301645 372409 520442 160947 517496 439463 465007 366232 547104 553234 515817 383928 437912 505923 529715 168247 539873 543395 102840 495905 235263 496124 414333 304925 468319 304494 146603 238594 593671 114556 408937 317480 339353 55232 540608 481638 703581 287123 394926 569475 456168 554230 438095 602821 24409 258029 336675 441692 22992 599885 577568 446954 119659 289089 342206 140755 451754 584958 534391 484341 318399 468849 124196 296302 82816 270586 473233 370126 537047 118614 588817 503994 219665 274195 416718 418335 473834 458774 284050 514450 401645 364156 156627 380623 186543
570091 324679 440250 709919 803446 753863 515489 506633 999999999 594517 381005 740612 217883 964699 966650 412536 265126 492708 625886 1023700 507843 903005 167538 846203 940523 291371 684112 742493 943037 961170 639345 1038940 563831 524759 143674 530278 58663 136126 582922 515947 794385 411638 688165 1065749 583264 684221 529416 845368 495902 174761 464862 370383 241913 741888 469147 51757 1009564 76453 1093904 487890 637495 177207 860961 516452 842863 456158 928189 387765 735529 490759 436663 564148 914371 501902 962267 204808 704918 414346 576408 438661 255040 971319 141754 596438 600026 800359 274889 618187 757489 902264 290222 554868 94353 574282 419580 878922 217147 540939 299818 539756
538730 292790 452827 423970 295022 389263 395537 88149 594517 999999999 623841 263504 515151 413591 433894 354815 453452 567024 128534 429383 477803 411520 451265 535818 514537 594912 372127 418804 451113 476223 113596 453013 592377 124178 578941 254969 584236 501823 312961 507194 223192 222693 199029 514444 100185 416352 355684 252760 118353 626491 530173 783978 374140 366555 622944 544183 480819 525352 517934 109217 237300 423349 397066 79612 600111 643501 366532 207801 244243 390646 201979 492864 562811 591914 412700 406074 465954 204239 319483 166159 357689 391547 457219 580065 71999 597270 584060 213741 207377 342733 489352 505760 546657 306546 581379 323582 449129 180661 450952 212968
253971 504372 729620 480896 687389 555969 767612 551293 381005 623841 999999999 621520 555839 855013 837415 657496 200371 816821 574470 1008672 796276 749639 448853 588798 732502 89638 884423 944942 782160 791509 719496 1058394 217372 629795 513057 711531 322355 278660 783306 814303 846283 404720 598701 1137540 553966 455262 339227 822812 506307 218872 780909 196837 321522 919061 814687 360595 1103939 400936 1131647 526919 786197 416324 696412 572383 550356 76278 989353 460182 628319 283697 580652 276134 665540 148496 851221 320259 941025 427680 404479 469922 333513 900683 403294 260748 669906 497552 106510 512655 689577 812399 611863 844922 294491 411327 71251 947382 243177 471737 601535 448453
436660 504654 707201 223676 66820 153426 657636 304526 740612 263504 621520 999999999 725257 236059 228151 605665 519133 823324 143753 414058 738115 165968 635217 293685 251422 630510 625748 665456 207193 228940 356191 487919 499917 384540 768670 518260 711347 617654 575632 767388 366143 331530 66192 611853 190197 231533 282938 250289 276110 710461 785062 812482 498699 606474 873936 689175 611739 686314 570221 306029 490817 596998 137168 315181 374705 609108 477902 385036 22197 338130 445132 390280 305732 530116 232649 535806 722910 335077 217976 326673 485909 282164 624335 469378 330342 389315 626688 123187 106583 191495 716934 768171 667124 210300 558546 456462 542748 200380 680299 201959
686724 224539 227941 760724 779127 781854 314541 437032 217883 515151 555839 725257 999999999 922664 935709 227454 383441 275588 588845 925038 293493 890914 115864 900608 957839 470239 496521 550955 932208 954183 522024 921112 698467 411751 93273 367450 262997 277193 402806 299310 675850 406336 663000 920181 541370 738149 589014 763739 450899 380118 246980 583450 288225 561794 260181 207198 855455 161176 964042 427009 480475 158393 858958 437141 919682 624745 794850 340241 714034 568092 319128 666805 958483 647305 921186 264124 501457 395151 616473 398584 289700 906674 156681 721241 494934 886899 452228 613629 710794 853734 73962 339201 270331 609947 575052 744897 328505 531861 94938 543587
652994 698126 860824 412522 169240 326100 790866 485744 964699 413591 855013 236059 922664 999999999 49496 766279 753798 971531 340198 265237 876653 135823 844877 408187 258281 866488 704695 727118 135854 154529 458151 362155 716240 533876 977373 648819 939635 847022 687294 905759 378709 553125 277705 515812 385549 430426 515796 216549 476514 945051 936750 1047512 724013 662316 1032015 912952 546153 905322 442263 496145 583074 810132 186511 487498 503094 837751 422635 589811 234417 571354 615462 609425 371750 754586 4640 760815 803674 551262 450555 532918 710029 100833 840327 680335 457183 539016 862747 356408 212064 71717 901991 896736 896247 444153 790229 426834 774633 426063 863762 433834
626505 711525 885099 382142 163326 295953 818910 500558 966650 433894 837415 228151 935709 49496 999999999 788531 746779 997400 347984 314500 904105 97103 853368 366035 210562 853780 741052 765934 88632 105528 488169 411618 689295 556521 986534 676368 938865 845404 718493 933369 419517 555524 278960 565258 394895 401887 499237 257273 486016 938030 961754 1031717 724946 701442 1055932 915030 594862 909895 491553 508804 616431 817140 151505 504475 460883 816143 470215 598982 231204 554707 634396 584386 325587 730945 45652 761985 840361 556009 434440 541167 711615 150317 846182 651771 482895 499134 851031 351221 227291 105152 918706 926172 894840 429277 771057 472600 770883 425772 880786 429873
708810 159507 102914 705155 646677 700937 111008 301645 412536 354815 657496 605665 227454 766279 788531 999999999 458451 219660 461914 724619 151648 763203 248495 838405 854873 586542 272922 330285 803570 828090 324448 709150 739548 232412 318401 145251 438732 406389 175698 177372 469072 352077 539526 696180 416158 687913 562561 581079 339934 538354 180287 740772 337161 335358 268837 380366 629514 338202 745615 304090 257214 259268 742708 290691 880007 712236 576759 263627 589379 563356 160980 675771 882312 705501 765692 338151 296308 329334 565659 307990 327125 731931 287754 749156 311332 859765 569338 516847 562167 694767 167852 196346 425328 555451 652356 527241 415088 442940 134137 466222
310798 304057 534839 450703 585479 503305 568029 372409 265126 453452 200371 519133 383441 753798 746779 458451 999999999 628407 434144 865620 600240 671587 268979 584164 690816 144760 685427 746127 709494 724626 537711 902913 315789 439527 363980 512591 216888 129732 583693 619709 675850 231408 478799 965987 402416 424443 272085 678917 335783 191333 590919 331173 121468 722585 634459 223705 925685 249304 970807 348282 591984 230321 624246 391383 577776 254605 818878 268468 519384 228189 382991 300266 654466 264190 750670 125769 740677 249424 326747 289632 133142 780336 226849 341712 489212 535415 131823 397390 562208 699710 429311 648529 172687 327392 197300 774018 55359 333699 413533 320690
907557 361523 116782 922929 861548 920534 185590 520442 492708 567024 816821 823324 275588 971531 997400 219660 628407 999999999 679762 896010 100605 978186 368862 1057289 1073450 735396 349218 382743 1018041 1042999 516214 862700 931236 442854 355693 323622 538450 542204 302280 76147 641031 565291 757133 815004 634689 904900 773848 774176 559590 654664 40350 858753 513905 422385 75374 481834 739251 435422 883005 523665 411396 400753 960024 508215 1096372 880697 721295 478307 806366 768835 380231 878632 1101934 889121 971361 502642 302722 544199 781817 526106 508389 927335 414770 946213 514681 1073795 717369 736505 773536 899828 207823 110067 542838 772081 825599 675293 577193 662254 215466 684839
444578 365665 563532 299121 190623 260732 516241 160947 625886 128534 574470 143753 588845 340198 347984 461914 434144 679762 999999999 435384 595548 304857 505608 407332 393963 563649 500285 545603 345974 369347 235717 484972 503301 243464 638635 378949 603809 513033 440306 624739 297428 215922 77672 578751 47697 294076 263436 248701 138165 621775 641392 752522 387121 491182 730214 574140 560200 565245 560639 164075 365120 470123 280858 171547 473345 579775 432823 250999 128228 309331 301414 397000 435239 515104 338076 423402 594484 211609 213290 193306 372422 349076 500132 483911 199949 473447 556178 92002 131922 276381 576278 626863 561580 200711 521349 398779 445694 103190 539135 126955
848904 712808 800718 632259 362860 550858 710922 517496 1023700 429383 1008672 414058 925038 265237 314500 724619 865620 896010 435384 999999999 795536 392279 875895 659746 522301 998608 572135 573748 400234 419760 403687 99099 911697 513772 998394 583630 1013203 928850 593792 822141 256645 637294 415108 256884 463240 643620 682465 187005 536784 1048398 868213 1187782 800570 510979 966180 973524 301992 953593 177055 537524 484719 850890 433431 507316 753268 1008610 206212 637066 399076 734430 606952 801804 632586 936190 269399 833868 662393 624586 621118 591445 784399 164901 885319 882868 431360 782153 990613 499639 323036 246050 884743 801626 974772 610897 952698 236242 870322 538567 846796 560276
859921 309417 68646 852634 772796 843560 86386 439463 507843 477803 796276 738115 293493 876653 904105 151648 600240 100605 595548 795536 999999999 889192 361057 983729 989326 720365 253113 292378 928474 953779 419461 762288 889391 354150 384209 227874 545722 531918 201750 29400 540872 503196 672115 717634 552093 836290 713799 676316 483185 655859 79654 860999 480457 326358 173482 486958 642867 441107 783688 445758 311067 384084 873842 424935 1028666 854845 621146 414577 720217 714990 302810 827305 1024277 853182 876652 476263 221513 479979 714955 456370 472058 829590 405703 900047 421422 1009867 702656 658519 682403 805053 219533 48894 541711 704410 796482 574903 553178 588070 208986 613046
532184 669451 863202 286342 116645 200739 806145 465007 903005 411520 749639 165968 890914 135823 97103 763203 671587 978186 304857 392279 889192 999999999 801081 272456 135191 771059 750228 781944 41296 64887 485636 485241 594591 535603 934512 664185 871285 777105 714445 918590 447681 496453 228422 632796 352441 307017 414354 292894 440808 861854 940860 945238 661391 719094 1032040 851858 653243 850690 567523 468897 619335 762614 55187 473090 367333 724884 522837 550789 177232 469233 604236 491127 240356 638312 131184 698471 849464 500851 350864 492399 649203 228830 789501 556271 470576 403488 769456 285279 209518 151074 880963 915751 826562 347294 682001 516729 700009 365214 843941 363298
570860 164406 292440 652208 692988 678772 355478 366232 167538 451265 448853 635217 115864 844877 853368 248495 268979 368862 505608 875895 361057 801081 999999999 792154 858847 366538 517846 576823 842192 862946 481676 883784 583138 366867 133471 362810 190320 173561 415971 374537 637687 306977 575965 902444 459423 628864 477510 703989 368364 295110 334307 500065 173271 574558 367081 131876 844350 91298 934955 351426 470788 43542 765397 371666 807423 515044 767619 255069 626170 454037 275544 551251 852514 533163 842980 148263 544029 300273 508962 312302 176118 839187 45921 605448 446106 773269 348508 518449 633319 778335 163043 409730 180888 503346 463008 717947 214627 436880 155328 444589
337774 705044 941063 139968 312279 146797 910686 547104 846203 535818 588798 293685 900608 408187 366035 838405 584164 1057289 407332 659746 983729 272456 792154 999999999 174667 637821 907484 951466 279889 272780 640498 748337 390259 644031 917870 780178 800893 710316 845372 1011987 659125 500063 344909 887693 441676 163706 318286 529060 500606 755118 1017264 782496 624325 894863 1096202 800041 896829 813805 831560 538372 772179 749009 226419 564686 94925 542072 762987 581958 315848 356051 680932 313189 77134 450418 403553 657702 1001745 517341 284216 531313 617908 499352 766142 345441 607238 137051 642352 328130 397290 413775 913069 1020197 756241 291367 517579 746167 629075 395777 881050 372479
492066 743903 957001 251794 229694 187575 909057 553234 940523 514537 732502 251422 957839 258281 210562 854873 690816 1073450 393963 522301 989326 135191 858847 174667 999999999 769057 869756 905137 122427 106721 601320 617330 549986 635954 990576 769474 902012 808200 825428 1018564 578637 552470 317236 766898 438795 277849 419569 427038 518928 874679 1034826 929103 704060 843555 1122133 891054 788412 896714 698814 552110 736306 817735 120427 565369 264828 694977 657968 620595 270301 469240 693924 458864 117804 604171 253888 740239 968219 562705 365127 563629 694214 357446 840729 507025 579739 311545 770623 345346 327783 285740 957074 1019591 856727 366400 661850 651034 727750 426522 921656 414676
315294 439104 652786 518392 697293 585904 697438 515817 291371 594912 89638 630510 470239 866488 853780 586542 144760 735396 563649 998608 720365 771059 366538 637821 769057 999999999 825436 886308 806214 818139 681999 1040754 290908 584232 424213 653104 232725 193724 722726 736950 817948 372223 598874 1108743 536582 491913 356922 811617 476641 133288 700466 189803 257777 865109 730003 271832 1069746 313200 1110566 491541 735784 337037 719927 535290 610002 165129 961212 413195 634245 302875 525379 326737 713145 223348 862993 248935 875890 392013 420295 433018 271972 902814 320643 330661 633263 559841 18058 513928 686764 817980 528886 769221 205567 424659 138213 916996 173307 460780 520990 442330
874774 388619 289154 794852 640587 760732 188246 383928 684112 372127 884423 625748 496521 704695 741052 272922 685427 349218 500285 572135 253113 750228 517846 907484 869756 825436 999999999 60915 785088 811293 269566 524594 918894 281620 589138 172897 706339 661992 103779 273293 333003 508031 565600 465864 469835 785546 700890 489787 438988 797828 332733 994538 567661 73286 424359 649072 390121 608788 536860 402507 135408 521541 749386 361730 971844 927296 381252 431088 604502 721421 304544 833302 930622 900434 705785 579966 99459 481690 678938 443188 553716 638295 553359 916923 300349 966741 809582 584875 542740 636344 429159 242515 687998 666405 864275 339352 652621 537436 401584 568777
931016 449491 336557 842756 675444 804715 238186 437912 742493 418804 944942 665456 550955 727118 765934 330285 746127 382743 545603 573748 292378 781944 576823 951466 905137 886308 60915 999999999 815241 841429 310980 516831 976210 336699 643991 233536 765855 722617 164519 308614 349499 565819 607501 440846 518060 834590 755386 510653 493138 858322 371436 1055362 628531 65063 458030 708326 362447 667519 519664 457480 182391 581538 784761 415342 1018711 987207 374313 490392 643797 777675 364677 888907 971147 959069 728560 640869 91759 539521 730920 500331 614544 654519 613034 973179 346841 1015727 870474 632512 577355 660790 481901 273017 748158 718251 924099 337634 713523 589161 456142 620905
559130 710720 903290 311867 156915 228448 845072 505923 943037 451113 782160 207193 932208 135854 88632 803570 709494 1018041 345974 400234 928474 41296 842192 279889 122427 806214 785088 815241 999999999 26212 522343 495938 620808 575276 975607 702879 910708 816464 751891 957873 476780 537279 269680 647119 393590 334156 449293 318484 482085 899279 980882 978320 701589 751881 1072397 891981 672010 891277 576987 510039 655306 803613 86288 513718 374382 754836 543730 592075 218493 503678 644901 519573 236972 667082 131463 738645 884467 541936 386697 533686 689555 235332 830338 581181 508929 414781 805096 325807 247170 169462 922157 954424 865888 383808 713771 540867 738928 406081 885096 403522
564032 733342 928067 316729 181501 235825 870543 529715 961170 476223 791509 228940 954183 154529 105528 828090 724626 1042999 369347 419760 953779 64887 862946 272780 106721 818139 811293 841429 26212 999999999 548386 516356 624997 600346 996273 728439 927834 833531 777816 983179 502575 557264 292543 668738 416852 340096 461515 343775 504686 913690 1005713 988046 720127 778043 1096927 910298 695159 910536 596768 533295 681445 823981 100595 537945 366274 761905 567628 613949 241390 515282 669075 525789 223928 673265 150366 757119 910669 562697 400007 555601 708396 255118 850227 584434 534596 409113 817537 345368 272971 193666 945181 980002 882881 397843 722502 565637 755388 426288 908267 422370
650428 317317 409846 534514 373197 493767 333291 168247 639345 113596 719496 356191 522024 458151 488169 324448 537711 516214 235717 403687 419461 485636 481676 640498 601320 681999 269566 310980 522343 548386 999999999 402355 702727 114901 598309 192641 638784 565335 230530 448352 156047 314847 296744 432895 213381 528154 468002 258703 216960 697120 483276 868350 442667 255469 580349 591892 388113 565426 454560 192590 135034 462450 481189 147258 708993 745151 290103 272929 334941 500596 206874 605047 661303 698755 458368 469716 367179 291999 433074 249969 426115 411447 497821 692012 49756 708536 669534 324976 276318 386855 481292 438600 605897 420138 682200 241879 524372 293660 443226 326040
915702 719378 775692 710344 443510 632031 680577 539873 1038940 453013 1058394 487919 921112 362155 411618 709150 902913 862700 484972 99099 762288 485241 883784 748337 617330 1040754 524594 516831 495938 516356 402355 999999999 977543 516953 1000014 564495 1033959 954150 562295 787241 246374 671707 478440 158127 505159 719432 742624 242210 567965 1079429 838233 1230557 826930 457609 935320 990233 209460 966170 83335 562064 457181 862982 523168 526060 840696 1064507 143391 658569 470620 792159 609210 868068 725371 996816 366170 858116 607911 655806 684204 619058 810420 261331 898143 951564 438965 866595 1031356 559323 388575 335773 874266 762609 998006 673113 1006320 187414 901804 586867 837341 611910
63474 580221 828598 308951 559406 393852 841854 543395 563831 592377 217372 499917 698467 716240 689295 739548 315789 931236 503301 911697 889391 594591 583138 390259 549986 290908 918894 976210 620808 624997 702727 977543 999999999 640635 677844 752368 507594 437753 826782 912233 799179 411013 499156 1081657 500896 287587 240194 735342 489265 423489 892193 399083 418530 937443 944547 531004 1062604 562415 1057051 521547 800259 542581 539429 566383 338978 156005 936124 492732 513115 202146 621739 109894 467198 68922 711965 435790 992568 437363 293707 475883 422975 780087 542259 45613 654343 284321 302288 419612 590035 687664 739997 935663 470084 305266 152920 901264 371138 413923 720148 382763
594416 202471 328940 522173 419035 499442 273120 102840 524759 124178 629795 384540 411751 533876 556521 232412 439527 442854 243464 513772 354150 535603 366867 644031 635954 584232 281620 336699 575276 600346 114901 516953 640635 999999999 485131 136293 525646 455162 203019 383511 270831 232963 318836 543952 203132 510372 419272 354592 157544 588942 406125 767110 336166 297208 499467 477712 494000 450611 569239 120921 160240 347723 519772 81552 700347 663247 403680 171068 366253 441126 93230 552216 677438 627085 533280 360564 366090 207213 399089 166056 319891 502570 383128 636578 83374 690795 570583 315995 331025 462394 376747 383700 494071 386788 599770 354738 420192 258769 338237 289185
674557 286733 320016 778293 826399 808971 407812 495905 143674 578941 513057 768670 93273 977373 986534 318401 363980 355693 638635 998394 384209 934512 133471 917870 990576 424213 589138 643991 975607 996273 598309 1000014 677844 485131 999999999 454827 198057 240990 494097 387832 753782 439738 709385 1006171 592193 754176 600603 830868 501025 317028 331527 513897 293619 653589 326703 152462 943189 115483 1046304 482454 567378 172930 898504 499496 927480 586028 877456 387754 759630 571753 391947 660818 980419 620864 975549 261507 594537 433671 636638 445369 300204 969078 151765 705573 567041 890189 406751 651523 765549 910292 165795 428646 218650 631807 542724 827476 309174 570084 187851 577001
711227 219235 218578 656911 548362 635734 142625 235263 530278 254969 711531 518260 367450 648819 676368 145251 512591 323622 378949 583630 227874 664185 362810 780178 769474 653104 172897 233536 702879 728439 192641 564495 752368 136293 454827 999999999 545984 494340 74418 257062 327083 341936 453156 552825 339407 644162 543421 451034 287303 630855 290769 824550 395384 215843 388137 490687 488401 453868 600409 248892 113053 359607 651916 216003 835093 755024 431511 260815 499201 558511 132485 671696 813563 730714 648796 409198 240506 315700 529662 280089 381193 604005 393298 753198 194249 823700 637432 452066 456030 577200 312541 251568 523712 517749 692163 381995 480668 391733 277301 420922
516189 331917 477316 666410 775575 714630 545572 496124 58663 584236 322355 711347 262997 939635 938865 438732 216888 538450 603809 1013203 545722 871285 190320 800893 902012 232725 706339 765855 910708 927834 638784 1033959 507594 525646 198057 545984 999999999 94316 603558 556127 791842 387913 662024 1069412 563343 640351 486517 831720 479221 119160 508469 320479 216736 760520 519673 58997 1016497 104661 1092285 475681 649226 186387 827296 508250 793559 397581 928846 376482 707807 444843 441920 512493 870601 444787 936987 180988 734323 394135 536917 422857 231818 951950 153132 541241 596755 749672 216310 588234 735723 879357 332382 593675 45286 535805 361888 880231 174298 513762 336759 509440
438518 275161 463630 574560 682191 620952 516985 414333 136126 501823 278660 617654 277193 847022 845404 406389 129732 542204 513033 928850 531918 777105 173561 710316 808200 193724 661992 722617 816464 833531 565335 954150 437753 455162 240990 494340 94316 999999999 558215 546874 715261 297320 569318 998087 473930 548715 394212 745485 392519 136616 507868 334601 128308 710147 536480 94382 949062 125700 1015454 392621 590450 148441 732987 428455 707011 348530 854856 295848 614524 354680 378418 429851 778972 379892 844299 96146 701461 305721 443228 337419 144459 861890 127680 467285 520867 665099 175666 494485 644779 787660 335267 580789 49489 441862 302248 807146 81354 420961 328745 415696
785440 285056 215641 725131 600240 699798 118286 304925 582922 312961 783306 575632 402806 687294 718493 175698 583693 302280 440306 593792 201750 714445 415971 845372 825428 722726 103779 164519 751891 777816 230530 562295 826782 203019 494097 74418 603558 558215 999999999 228536 339611 416262 511880 529835 403699 713369 616565 480454 358315 694090 276032 890848 465045 159941 373493 546663 459556 507163 588309 320245 109729 418266 706368 284427 903277 828154 422743 335111 555632 632598 206435 745656 875478 804936 687712 476538 166351 390000 600831 353937 451401 633428 450457 827438 245690 893649 706713 517969 504959 616413 339483 211717 584508 588725 765458 375321 549679 461469 308554 491406
883896 333146 84870 880432 802191 872173 115070 468319 515947 507194 814303 767388 299310 905759 933369 177372 619709 76147 624739 822141 29400 918590 374537 1011987 1018564 736950 273293 308614 957873 983179 448352 787241 912233 383511 387832 257062 556127 546874 228536 999999999 568079 529439 701369 738969 581151 863846 739932 704835 511563 668194 65251 873415 500815 346523 151071 497720 663402 451501 806911 474284 338168 399988 903172 453993 1056163 874179 645559 440939 749534 740017 331078 851962 1052999 874753 905779 494967 232286 506549 742189 483793 493040 858118 419799 923765 450746 1036796 719131 687181 711787 834180 225859 42101 554340 731759 816489 599830 571562 616248 220148 640924
741466 473301 544125 579590 354418 518897 455536 304494 794385 223192 846283 366143 675850 378709 419517 469072 675850 641031 297428 256645 540872 447681 637687 659125 578637 817948 333003 349499 476780 502575 156047 246374 799179 270831 753782 327083 791842 715261 339611 568079 999999999 445753 326117 291355 299767 580303 559002 162375 341541 844288 612295 1006764 589885 284469 710313 746353 263458 720929 300488 328148 229914 617824 461224 287761 740553 862977 143341 419769 344213 601110 362851 694053 661824 806058 380393 619156 429981 426434 510708 386680 573272 305762 653118 781152 195088 751744 806875 387064 262071 314712 631489 549973 757481 498139 801645 102433 668539 387078 594007 417095
369465 206134 451666 361831 392660 375735 443004 146603 411638 222693 404720 331530 406336 553125 555524 352077 231408 565291 215922 637294 503196 496453 306977 500063 552470 372223 508031 565819 537279 557264 314847 671707 411013 232963 439738 341936 387913 297320 416262 529439 445753 999999999 276690 736741 176995 341847 210621 451636 104522 411165 524943 561346 171316 529825 598450 359913 699935 354876 739436 122266 393137 266983 458906 168017 531811 432140 589052 88671 324842 217479 213521 331093 553903 394275 550660 207853 582426 26351 218057 67126 156959 564578 293060 411358 265209 508590 361438 211990 347820 491619 413261 545517 345700 209390 368812 545257 233225 131257 380991 137811
437273 441045 641014 253493 117028 198970 591954 238594 688165 199029 598701 66192 663000 277705 278960 539526 478799 757133 77672 415108 672115 228422 575965 344909 317236 598874 565600 607501 269680 292543 296744 478440 499156 318836 709385 453156 662024 569318 511880 701369 326117 276690 999999999 589797 124599 254736 267397 236232 212439 669492 718874 784750 446836 550120 807880 636480 581590 630941 558464 240890 430262 538888 203199 248995 418901 594227 449408 323327 51190 319961 379084 389628 365217 521140 274992 483768 661800 277240 206412 264979 433171 303951 567454 473510 267552 426358 593408 86047 92119 220911 652639 702534 618554 195889 539712 422323 497347 148358 615740 158195
1021941 741070 744469 835306 576802 762297 643957 593671 1065749 514444 1137540 611853 920181 515812 565258 696180 965987 815004 578751 256884 717634 632796 902444 887693 766898 1108743 465864 440846 647119 668738 432895 158127 1081657 543952 1006171 552825 1069412 998087 529835 738969 291355 736741 589797 999999999 587866 841127 842152 362007 632744 1129943 796804 1297131 875376 392933 890015 1020239 79782 990244 100590 617720 439772 888712 666142 575476 977726 1152839 148202 705281 592283 887261 629139 974153 871043 1092997 519609 902586 531640 716822 789050 676375 858797 415329 924127 1060160 478920 999039 1097368 663052 506696 481756 863994 708043 1037932 777020 1091986 192079 956194 674450 829745 703126
444900 318010 518207 325044 238309 296441 474206 114556 583264 100185 553966 190197 541370 385549 394895 416158 402416 634689 47697 463240 552093 352441 459423 441676 438795 536582 469835 518060 393590 416852 213381 505159 500896 203132 592193 339407 563343 473930 403699 581151 299767 176995 124599 587866 999999999 316568 261452 276510 91197 587065 596033 726255 346731 466631 684004 531595 562968 521058 577681 116456 335953 424670 327344 127160 502138 565187 440165 204442 175545 301468 255310 398170 474463 506302 383595 382430 561669 169360 220597 147390 331529 388672 455290 485583 171503 497669 527960 115134 174844 320132 528608 584727 521911 207648 504900 402198 409642 87364 491506 118146
225243 547944 789687 26630 281899 106287 767503 408937 684221 416352 455262 231533 738149 430426 401887 687913 424443 904900 294076 643620 836290 307017 628864 163706 277849 491913 785546 834590 334156 340096 528154 719432 287587 510372 754176 644162 640351 548715 713369 863846 580303 341847 254736 841127 316568 999999999 155067 480980 357693 601760 864635 652062 460620 782844 940208 637405 836005 650326 801748 396242 652363 585630 251871 428956 192426 421977 703273 426828 249604 196919 534661 185696 230283 333198 426056 494054 875330 361166 123799 380085 454282 500671 602459 250082 488029 181208 494173 203200 334552 407966 753027 875229 595403 132879 385024 677055 467364 252466 722006 224373
183486 412527 661407 180529 348361 232640 652669 317480 529416 355684 339227 282938 589014 515796 499237 562561 272085 773848 263436 682465 713799 414354 477510 318286 419569 356922 700890 755386 449293 461515 468002 742624 240194 419272 600603 543421 486517 394212 616565 739932 559002 210621 267397 842152 261452 155067 999999999 501203 262250 455437 733525 532506 307056 711358 802957 482370 822415 495532 820721 298396 575039 434036 363006 340131 330807 327556 696175 299285 291179 55576 420716 137185 384972 254292 512018 339706 782571 234477 65254 264306 301749 563979 449139 224473 420991 301405 356024 183481 359516 474333 609313 756064 441403 72871 275621 661070 312879 175339 580524 143471
673502 544189 668538 473963 216787 400344 589931 339353 845368 252760 822812 250289 763739 216549 257273 581079 678917 774176 248701 187005 676316 292894 703989 529060 427038 811617 489787 510653 318484 343775 258703 242210 735342 354592 830868 451034 831720 745485 480454 704835 162375 451636 236232 362007 276510 480980 501203 999999999 352990 862761 741800 1000848 617224 445804 839015 794511 367953 777444 322590 357478 373030 675867 314848 332330 617248 825127 234482 457604 231392 551660 445221 625860 520173 755495 218125 651356 588314 440098 442116 408878 601281 153284 709469 709514 271670 637150 803610 317728 147169 152843 731340 691940 792192 431139 768128 223997 684858 351875 692827 374418
440096 228661 442843 371795 328230 361126 410869 55232 495902 118353 506307 276110 450899 476514 486016 339934 335783 559590 138165 536784 483185 440808 368364 500606 518928 476641 438988 493138 482085 504686 216960 567965 489265 157544 501025 287303 479221 392519 358315 511563 341541 104522 212439 632744 91197 357693 262250 352990 999999999 512507 520061 665858 264239 449905 604329 444458 597654 431785 635029 38556 313135 334158 412153 77985 549537 528708 484879 113307 263604 287657 180525 396664 542423 482211 474619 298514 523031 88097 242538 57355 248299 475611 365360 482161 167396 536514 465955 176993 265159 410387 440863 519817 439254 230510 466010 441613 334452 105670 404403 133702
443854 411735 587213 628379 776809 688075 647991 540608 174761 626491 218872 710461 380118 945051 938030 538354 191333 654664 621775 1048398 655859 861854 295110 755118 874679 133288 797828 858322 899279 913690 697120 1079429 423489 588942 317028 630855 119160 136616 694090 668194 844288 411165 669492 1129943 587065 601760 455437 862761 512507 999999999 623368 205226 254647 846685 638269 172956 1082862 219268 1143421 517752 726819 279141 813625 556532 734742 295109 985349 424926 710635 405827 514482 449948 828670 356427 941944 228435 834473 424411 514072 460374 271251 969720 251806 462117 651329 686439 121237 588654 751426 890332 447347 704374 114222 515848 271267 938340 178120 523189 448045 511606
867932 321255 77861 882730 824217 880856 157798 481638 464862 530173 780909 785062 246980 936750 961754 180287 590919 40350 641392 868213 79654 940860 334307 1017264 1034826 700466 332733 371436 980882 1005713 483276 838233 892193 406125 331527 290769 508469 507868 276032 65251 612295 524943 718874 796804 596033 864635 733525 741800 520061 623368 999999999 828090 475448 405956 98022 451043 722320 404565 861637 484373 383696 364587 921916 469881 1056063 843893 697947 437995 768343 728730 341163 838714 1062282 850779 936481 465174 297227 503880 741515 486014 469564 894718 380204 906735 479585 1033445 682476 697030 737111 865033 176157 106706 510646 731804 788206 651068 540286 622409 179518 644793
445084 606002 792355 677628 878925 752663 851095 703581 370383 783978 196837 812482 583450 1047512 1031717 740772 331173 858753 752522 1187782 860999 945238 500065 782496 929103 189803 994538 1055362 978320 988046 868350 1230557 399083 767110 513897 824550 320479 334601 890848 873415 1006764 561346 784750 1297131 726255 652062 532506 1000848 665858 205226 828090 999999999 432970 1039420 839232 377077 1256455 423554 1300229 679449 914135 481805 892390 722439 737888 243094 1149902 596969 817766 477010 701649 471474 859521 333568 1043839 415440 1036061 580385 597492 620803 448647 1088469 456177 444538 820133 683404 199918 699113 873868 1002022 651953 909553 319288 603411 267256 1105184 347554 649440 653267 629753
400727 182964 416068 484899 561677 519393 446571 287123 241913 374140 321522 498699 288225 724013 724946 337161 121468 513905 387121 800570 480457 661391 173271 624325 704060 257777 567661 628531 701589 720127 442667 826930 418530 336166 293619 395384 216736 128308 465045 500815 589885 171316 446836 875376 346731 460620 307056 617224 264239 254647 475448 432970 999999999 608239 526215 190530 829288 192704 889479 264940 481225 129972 620207 302248 635371 375190 730715 170289 493765 280949 269077 378818 687714 375339 721470 37111 620065 177819 344437 209185 16615 735255 142088 437004 396683 600264 242053 376360 519043 662928 322310 528454 175332 340458 316064 683708 85741 299174 301624 298096
889866 434996 360558 789796 613938 748359 259168 394926 741888 366555 919061 606474 561794 662316 701442 335358 722585 422385 491182 510979 326358 719094 574558 894863 843555 865109 73286 65063 751881 778043 255469 457609 937443 297208 653589 215843 760520 710147 159941 346523 284469 529825 550120 392933 466631 782844 711358 445804 449905 846685 405956 1039420 608239 999999999 497575 704371 316881 665852 465861 416055 137184 574381 723313 371993 964448 957327 314373 459957 584624 736971 339756 846552 912150 924097 663797 624000 151465 503831 683075 463154 593419 589465 607463 931971 295285 963585 849932 579894 515952 596290 496492 315123 739313 670263 893917 275446 693916 541561 467125 573706
925622 392320 171238 959584 915510 963078 255469 569475 469147 622944 814687 873936 260181 1032015 1055932 268837 634459 75374 730214 966180 173482 1032040 367081 1096202 1122133 730003 424359 458030 1072397 1096927 580349 935320 944547 499467 326703 388137 519673 536480 373493 151071 710313 598450 807880 890015 684004 940208 802957 839015 604329 638269 98022 839232 526215 497575 999999999 466091 814456 420711 957128 570096 481579 404139 1011072 559348 1129996 882013 794503 514283 857960 792995 428805 899858 1144400 898133 1031636 509935 377070 579358 816464 565901 522994 991752 411924 962840 574952 1104277 711964 780984 830284 960324 205160 185124 530242 807480 829906 748012 581033 704053 225449 724422
532875 279908 418497 662863 751856 704788 486759 456168 51757 544183 360595 689175 207198 912952 915030 380366 223705 481834 574140 973524 486958 851858 131876 800041 891054 271832 649072 708326 891981 910298 591892 990233 531004 477712 152462 490687 58997 94382 546663 497720 746353 359913 636480 1020239 531595 637405 482370 794511 444458 172956 451043 377077 190530 704371 466091 999999999 965520 46480 1046327 437076 595687 132369 810192 466522 799706 433729 881391 336985 683942 445691 391291 523970 867241 471674 910526 153423 675646 362616 527659 387271 203423 919758 97598 561321 551596 758589 254317 566888 705763 850517 274891 535009 66307 525144 391839 832355 172507 489369 278058 488564
