NAME : synthetic_000123
TYPE : CTSP-D
DIMENSION : 100
GROUPS : 8
RELAXATION_LEVEL : 1
EDGE_WEIGHT_TYPE : EXPLICIT
EDGE_WEIGHT_FORMAT : FULL_MATRIX
EDGE_WEIGHT_SECTION
999999999 858877 843441 384122 427980 771788 779506 904711 613552 175955 655495 452855 512217 578591 343860 576375 853167 777819 701646 556919 463114 262959 1067145 906626 211835 500259 707908 457646 469546 750071 889985 594223 834140 3400 721614 788787 1056015 267567 880815 1077020 372948 520502 1039441 36600 530678 952346 1174235 1123208 637598 843422 651427 712121 846005 1232816 1197370 732147 867951 87622 864188 816334 858413 483427 948550 559529 768583 751433 796768 859031 518961 1018958 36777 427989 535403 764963 776169 654048 944151 865293 669270 1014638 396984 1080218 793956 1010967 619699 373456 680267 510550 844336 679278 806740 500188 1156078 905586 1138668 962422 775483 1105446 164192 735567
858877 999999999 229017 639582 432305 138148 251025 852035 461464 733423 787857 586925 497042 539527 515960 376076 552608 303480 363739 308525 396657 653858 279526 784088 649087 600722 452092 680568 418557 189011 865577 265032 509814 856151 275876 216661 409773 625632 154814 220459 519144 358726 315332 858544 490580 312345 368548 289950 414331 167566 489731 240039 844678 403091 441876 594328 254373 780339 284492 777374 855965 500477 441621 523935 400176 353142 393106 545402 382845 527345 881903 443871 508357 447933 741590 233730 631884 114419 283781 321565 548383 286523 337302 218003 239743 693695 334068 361657 514685 422788 441761 704211 322447 118859 355852 124751 83617 249217 732349 227173
843441 229017 999999999 726314 434433 329330 66557 1042691 614440 758257 938502 469293 616333 382146 529395 504509 758244 98348 542809 377626 426898 597835 490548 981002 652508 722186 632708 790296 374273 111404 1052623 305181 285450 841355 125000 56934 638042 580879 382819 370144 471502 328503 539717 852842 616267 541062 561131 470140 256304 389189 311746 132832 1026377 573325 650726 774566 33230 778811 505806 960016 1038705 393682 666121 661607 188503 152292 596948 319274 324495 753873 858121 492949 637209 235910 920001 362757 845484 341726 442776 549144 627235 494192 542534 191928 307019 779699 504221 429396 289253 595651 645450 824573 497815 347114 561299 210273 221795 394372 692078 411674
384122 639582 726314 999999999 327000 514876 678755 539780 252877 208796 309880 559890 161161 648320 254908 271388 473050 703255 362605 350947 308405 412595 771978 530359 249531 116251 341919 94843 418703 615215 529838 421365 848006 380749 634039 670580 714755 378890 600358 831733 392236 428495 723512 358910 176369 624966 876963 847757 629412 559283 685937 602349 487056 946357 875710 348116 758281 302506 540114 446335 500445 525550 589177 186060 742722 704111 442730 883364 459739 649639 420540 239294 171409 763016 403090 405855 560990 599945 375050 692325 99305 786262 455297 840719 425058 54416 357179 297385 858140 323123 441720 144460 878165 640211 833450 762202 567536 857485 390008 446474
427980 432305 434433 327000 999999999 360569 376617 791391 356317 323950 607546 276360 289796 334115 94964 251688 599624 390590 379037 148037 56608 237907 661448 755360 222696 371903 433611 411837 92672 331077 790325 167326 521140 425379 324132 377641 692370 203482 474972 651951 119652 108673 649975 430530 301700 579422 766539 706181 302413 442419 361379 302067 752754 818307 806309 534641 463154 353274 495582 696210 766479 215476 622152 355415 418436 383197 479560 556369 133295 708689 449842 99721 321549 436443 650609 251317 702194 452318 300717 632339 233584 673357 452670 587478 196103 374345 341195 126216 531311 391419 510410 456954 739374 490760 736970 534581 348697 680589 303002 349840
771788 138148 329330 514876 360569 999999999 326428 720727 323718 630896 649718 571414 365380 554020 429640 245338 429299 377084 226639 216481 313284 596577 300880 655546 559970 466832 315952 548485 376232 246897 732932 205072 585776 768818 327377 296375 361279 563594 115064 318203 466809 318572 296540 766727 357337 248354 406268 351554 441974 88557 522853 282960 710311 461248 449059 458817 360159 688695 187330 643111 721920 485655 347861 387707 467254 416778 267926 623721 355027 438959 798376 344735 374050 511766 606128 118474 516414 93508 147446 285900 429172 312845 213225 355991 169806 568172 195927 261413 592459 285131 316611 569581 384335 133957 376660 261672 107733 344910 662428 89592
779506 251025 66557 678755 376617 326428 999999999 1023666 586222 699347 905246 403472 578355 320571 471376 471959 749104 52700 525342 335662 374264 531990 525608 965366 591608 682961 613818 747236 311404 81358 1031918 261637 261890 777482 58715 34489 658760 515772 397793 420162 406928 268929 566356 789766 580002 555805 603844 515464 192996 397296 254615 76497 1003562 622346 687653 753390 88490 716492 510769 938054 1016242 327184 672158 627825 149151 103145 589087 298983 261131 762047 793475 441970 601389 196954 896641 337527 840522 356654 421841 571640 579451 530773 536492 256379 270128 731364 484655 384522 267788 574593 636695 783800 544754 369272 599298 261106 220575 445893 626805 401039
904711 852035 1042691 539780 791391 720727 1023666 999999999 448550 738762 253009 1062848 501839 1122738 758109 567513 310179 1067058 499894 717414 745539 944801 793077 79986 788076 438975 410243 451628 878008 943086 28930 784440 1259344 901539 1002769 1000028 622228 908533 720884 939889 893100 857640 707731 873389 489750 617592 862084 891246 1061275 691787 1135032 959258 64086 940398 795155 271052 1075107 832337 587430 95902 56312 1006760 481375 435977 1139934 1091381 460489 1297930 900693 455552 941323 692633 469888 1175123 141553 686546 276416 750442 601885 670369 586640 805686 515911 1065523 763077 534523 539311 690335 1268070 449122 412895 405706 908192 773704 810408 964242 824115 953862 929770 633173
613552 461464 614440 252877 356317 323718 586222 448550 999999999 440628 327999 632664 101338 679325 349193 119045 252966 625946 117864 268896 304963 552074 534022 403357 429458 161352 94518 246583 436394 508051 452581 337171 812364 610168 559428 566320 462076 513542 379570 619904 469280 410695 477308 594424 82880 376116 635752 617781 612802 339351 687234 517359 420594 708640 625939 181085 647616 526536 294768 357304 433734 567885 338251 73681 693822 646196 189910 850804 454497 405407 648031 264221 81696 727589 313752 251749 353586 390449 178700 444229 217192 548522 205656 678305 318641 295131 130417 244136 821302 70303 193367 255354 646038 427058 589671 585390 409713 642834 570359 237523
175955 733423 758257 208796 323950 630896 699347 738762 440628 999999999 494848 456373 339610 569935 229120 415294 677437 708971 534542 424926 341609 270660 917337 735754 116368 324650 534533 287633 393231 654593 725953 476597 807478 172562 645044 701527 890900 250086 733969 945335 319528 430435 882371 153897 357882 790959 1024487 980882 593351 694766 628473 625660 682236 1087329 1039295 556452 786580 94276 703076 647964 695105 454393 777715 384231 721369 693828 626664 837994 443371 845666 212072 289663 361193 728769 606391 512595 768202 723381 513917 855306 226675 930941 627934 907545 495360 204240 517023 372756 817916 507841 633983 333154 1013135 764319 985905 846268 652180 973077 210086 583325
655495 787857 938502 309880 607546 649718 905246 253009 327999 494848 999999999 863034 330688 940630 553909 434121 360928 940834 427982 573146 572074 722473 815549 274847 558083 235716 347860 215530 699514 829774 235529 646656 1113185 652398 872261 888167 687175 688611 690245 929334 692791 693136 741915 623197 326359 639263 905651 908724 901093 652662 967081 832892 191592 983450 866380 229940 971731 586834 577873 176687 203489 819326 537889 277441 998946 954284 443505 1150617 731957 555662 691864 508702 304697 1027224 151045 577582 399980 708097 506578 704469 379673 829757 487831 1005424 635121 292685 453876 532139 1122772 367921 410241 166064 932858 741250 855035 910799 737669 949487 694661 561398
452855 586925 469293 559890 276360 571414 403472 1062848 632664 456373 863034 999999999 561684 126503 309210 525991 874215 380064 648081 398011 329487 194302 856949 1030100 343866 631715 708645 653491 206805 414336 1060014 370842 384625 452065 347665 426633 929215 206671 682920 797434 170699 256368 866981 476255 575074 814783 953538 876801 217913 659909 204659 362492 1020913 989677 1014723 810338 483439 422928 738676 967127 1034680 86864 880525 627999 338832 337762 745922 407244 216609 970120 453120 371637 593915 323740 921414 488998 976780 650075 558327 857251 483869 866324 712258 659598 406993 595058 607659 396542 394565 665954 780644 702259 909113 681210 934739 648304 512771 825463 289219 591606
512217 497042 616333 161161 289796 365380 578355 501839 101338 339610 330688 561684 999999999 622776 263025 120967 349112 611729 202187 243565 246638 462183 611326 469219 330681 106371 195781 183539 378159 505724 500532 317572 782832 508833 542743 563713 557020 423981 442767 678021 393062 364891 562430 493298 18536 464426 715994 688767 572660 401620 641554 504538 463224 785900 715203 253423 649385 425205 379090 406484 476926 505272 438326 66373 668258 623734 288048 820431 405552 506741 546702 190794 32314 696916 360851 266995 447132 445552 220170 531521 116127 625656 295552 707129 309561 209859 196346 201525 792355 168497 294598 210121 718731 485029 672301 621557 432387 702934 473186 290226
578591 539527 382146 648320 334115 554020 320571 1122738 679325 569935 940630 126503 622776 999999999 393461 564289 906096 285715 673035 420509 377205 317670 817971 1082482 454517 705376 744460 738808 244803 353340 1122833 372782 258404 577709 272580 349592 915070 324596 657492 735527 259381 271361 840514 601047 633552 802349 907409 824223 128559 641298 82780 300620 1085987 934708 979482 860291 389821 544679 734514 1028184 1099679 122783 886652 687542 225237 236023 764511 280797 226582 978158 579529 433814 654046 202494 982772 494282 1007502 620525 573970 836243 562616 825673 723772 573824 406418 688983 630455 435287 268264 701053 804302 785938 855232 646102 894983 579142 475957 762366 414570 592704
343860 515960 529395 254908 94964 429640 471376 758109 349193 229120 553909 309210 263025 393461 999999999 267301 601530 483934 400466 213583 119408 203522 728067 730833 133128 323056 437301 346438 173829 425532 753753 252784 603196 341025 418282 472593 737907 164972 540930 733309 138927 202749 707535 342596 278846 628190 834645 780362 384214 505126 434230 397012 713785 890841 865436 516408 558084 264444 541254 662207 727541 270679 651195 328682 506100 473645 501910 636930 221371 732817 369079 95630 295077 520163 616592 313302 702721 523044 342325 686148 174717 740718 484741 680139 276308 296417 368854 170866 613528 398530 525267 394482 813355 562954 801503 623336 432921 761688 240321 402369
576375 376076 504509 271388 251688 245338 471959 567513 119045 415294 434121 525991 120967 564289 267301 999999999 348283 509742 133166 149903 196672 468869 506454 520623 373549 225640 182713 304495 324212 395695 571603 218626 693593 573113 442385 454100 480029 430655 329807 560603 369758 293889 467207 563648 115554 376378 612947 578014 494078 288921 569155 401200 539252 679434 624002 298752 537731 489097 288271 476303 552467 456407 384205 157146 575387 528163 234659 731983 338223 465636 607920 172840 134961 608682 432563 147369 450869 328585 103995 440075 194469 520456 220078 586821 202276 323851 104422 130287 702591 139981 260504 329600 608992 368824 572339 500599 312458 586182 504083 175647
853167 552608 758244 473050 599624 429299 749104 310179 252966 677437 360928 874215 349112 906096 601530 348283 999999999 796824 234337 485603 544949 804770 486703 235571 679775 358388 166115 425186 671000 667793 329215 539209 999879 849768 738177 721699 332018 766215 413773 629763 716468 634943 403839 830417 330927 309117 563653 584466 821797 387674 900953 693124 320403 642455 511287 141329 789380 767918 278575 257511 328584 803025 182753 294213 879299 829007 161374 1038548 679771 196662 888816 513556 321326 919498 239172 424270 102589 445820 338221 365915 463960 499845 216521 761270 510352 499674 277463 477863 1007648 208306 112801 404597 603387 466169 511897 659263 536472 644080 822097 348160
777819 303480 98348 703255 390590 377084 52700 1067058 625946 708971 940834 380064 611729 285715 483934 509742 796824 999999999 570578 368167 395551 523872 576812 1010329 598044 714881 658119 775720 316294 130316 1074501 294280 209616 775985 69508 86832 711459 511246 450436 466024 405322 281944 618780 790415 614619 608363 653064 563625 163023 449450 213540 108604 1045130 668936 738579 796245 104447 719250 562325 980157 1057972 310210 723692 663925 96885 54319 637539 247036 265817 813836 789477 464400 636213 144907 938105 380588 889409 409316 466152 624299 604243 581654 585609 288511 307568 754841 529193 413839 215787 618057 684758 814109 592265 421870 649904 306131 272190 490958 621005 449320
701646 363739 542809 362605 379037 226639 525342 499894 117864 534542 427982 648081 202187 673035 400466 133166 234337 570578 999999999 253322 322660 601683 416241 440025 503617 278912 90240 364252 442284 444283 510069 304876 769624 698324 508961 500643 356598 563565 265169 505855 498456 402606 361609 686311 186249 262368 518491 500146 587544 226054 666616 464385 485326 590931 513135 233174 575280 614029 178269 418412 497279 573337 251404 191392 649095 599262 101645 808361 447350 332624 734380 305809 193257 687887 380193 191955 334696 280306 105289 329787 308028 430735 93781 581655 276478 408544 43151 253298 777735 60061 132619 372587 528232 314640 473050 484577 325541 527908 636624 137058
556919 308525 377626 350947 148037 216481 335662 717414 268896 424926 573146 398011 243565 420509 213583 149903 485603 368167 253322 999999999 97097 385932 516418 669790 345229 347384 324732 412769 191207 266227 721312 74127 544910 554019 299257 323172 545442 351135 329299 522067 263146 149413 502131 553658 246788 432008 622443 566780 344366 295357 420278 261148 688435 677421 658814 448347 410205 475372 349322 625974 701736 320647 483321 297320 427784 381781 348595 583133 194224 572325 582649 135354 268466 459624 581984 103402 587180 309687 160413 484308 253080 528741 314445 493792 74732 405022 211424 54995 554072 281369 385559 448242 599781 349427 591047 423731 228045 550186 446685 202480
463114 396657 426898 308405 56608 313284 374264 745539 304963 341609 572074 329487 246638 377205 119408 196672 544949 395551 322660 97097 999999999 291326 613495 706584 252480 336970 379201 386145 132503 318513 745755 135086 544743 460306 326715 370101 637681 255571 426393 613940 176257 122375 598333 461903 256599 525249 719432 662559 329449 392297 395528 297893 709315 773714 755384 484897 457496 383684 440639 651011 722972 263036 565617 310599 435682 395902 423026 581315 159896 652081 487676 69111 277371 458955 605641 199988 647537 406228 244655 579515 210180 625782 396166 566320 156939 359392 284609 69616 554642 336643 454296 428498 695644 445630 688132 505556 313785 642343 349591 295969
262959 653858 597835 412595 237907 596577 531990 944801 552074 270660 722473 194302 462183 317670 203522 468869 804770 523872 601683 385932 291326 999999999 897048 924150 168655 505858 640812 507130 236907 515363 937616 395629 571443 261789 473293 546010 928910 38563 711477 874044 134859 295774 887808 283626 478973 816572 1001091 936604 376703 679854 388641 471198 895888 1049642 1043867 714866 619366 228754 731785 849387 909494 221328 850936 526213 507222 493130 703325 597055 280184 934300 268624 296043 493516 502150 804368 489217 905648 686872 534501 870199 359758 908578 682723 776400 428454 436755 567903 357972 581677 601971 728232 556767 969803 724143 973221 742034 571329 902807 99391 587195
1067145 279526 490548 771978 661448 300880 525608 793077 534022 917337 815549 856949 611326 817971 728067 506454 486703 576812 416241 516418 613495 897048 999999999 714802 856038 695141 474454 780491 671983 468482 814200 502813 775943 1064076 555051 491197 195822 864388 187203 173671 766059 612683 88087 1059563 597644 178732 107228 98196 693675 223726 769220 519481 807106 174817 162465 588613 508069 982282 241619 743620 815177 770091 312841 607625 673503 628729 372388 809087 644571 364999 1095162 639286 607675 721607 720754 414780 525885 210577 404206 123484 700904 14516 333669 379015 468866 821042 414982 557721 779490 469239 406659 787213 117716 176001 77791 293706 344810 175519 962999 334026
906626 784088 981002 530359 755360 655546 965366 79986 403357 735754 274847 1030100 469219 1082482 730833 520623 235571 1010329 440025 669790 706584 924150 714802 999999999 773767 421432 352431 449038 838799 884276 105526 733811 1206660 903359 947644 940382 542408 886908 648871 863905 862226 813941 629005 877128 455145 540343 782514 812998 1014075 621398 1089759 903471 119534 860746 715172 222272 1013019 830011 514097 98234 120043 969465 402514 402894 1086542 1037278 391057 1245367 857841 375626 943401 658463 436906 1123430 131286 630190 196440 679883 544190 591810 564413 727256 446839 995428 710137 533225 481138 647470 1215098 393641 342620 407433 829433 701441 730883 893678 760670 877210 917442 569634
211835 649087 652508 249531 222696 559970 591608 788076 429458 116368 558083 343866 330681 454517 133128 373549 679775 598044 503617 345229 252480 168655 856038 773767 999999999 352335 523201 342658 281784 552449 778959 385623 691198 208889 535901 596279 852952 140881 669411 866196 203341 324145 830735 209471 348949 746487 963022 911373 477760 632394 512124 519694 736387 1021065 988826 574519 679626 131380 658542 693707 749824 338107 754279 388647 606489 580430 602450 721629 332344 830360 239150 216792 358990 612857 649565 442350 777021 653478 461309 807200 216738 868999 593485 810138 409412 269079 477951 298839 701636 489537 618533 392019 944246 693752 928185 755839 566036 894526 144424 525862
500259 600722 722186 116251 371903 466832 682961 438975 161352 324650 235716 631715 106371 705376 323056 225640 358388 714881 278912 347384 336970 505858 695141 421432 352335 999999999 239047 85371 463798 611345 432525 421504 880147 496881 645596 669161 617797 469571 535948 774548 461018 458669 638345 475141 110235 536576 797103 777683 666366 495083 731487 608477 391635 869842 785420 231897 755180 417885 456091 343535 405353 584561 484893 87681 767701 724485 344669 917219 496715 539683 536609 272989 92826 794176 298621 372677 444865 542699 319742 604827 148837 709630 366382 812462 415210 142932 285156 301695 889877 229291 336621 103999 806414 581060 750942 725440 537995 798522 496130 387091
707908 452092 632708 341919 433611 315952 613818 410243 94518 534533 347860 708645 195781 744460 437301 182713 166115 658119 90240 324732 379201 640812 474454 352431 523201 239047 999999999 320671 506550 533027 419966 384021 854587 704521 595215 589813 379174 602254 342829 581475 550363 473140 408480 688407 177277 304943 570964 564512 666369 306165 744001 551060 395116 646697 549676 143040 665262 620973 233272 328175 407044 638739 247336 156115 734323 684929 107216 893314 517883 311161 742474 347896 173707 771817 290243 277771 268624 362924 192041 372978 311710 488902 141509 669612 358597 379861 129172 312820 862935 43409 100010 318072 590309 394399 522430 571350 415776 601748 663167 226585
457646 680568 790296 94843 411837 548485 747236 451628 246583 287633 215530 653491 183539 738808 346438 304495 425186 775720 364252 412769 386145 507130 780491 449038 342658 85371 320671 999999999 504421 678931 439898 486094 930317 454369 706212 735918 699827 473666 620622 858577 484818 508286 723129 428678 191315 621017 882294 862964 713077 579668 772944 671551 396549 955174 869147 289301 822950 381662 541195 360331 409711 616241 563752 172909 821704 780863 427335 966440 542611 613299 494422 318017 176272 844728 318986 449651 503482 626398 402185 689314 178264 794982 451105 889752 484047 84194 370051 362738 940305 313816 415939 49653 891757 665127 835939 805041 614864 882822 480687 470685
469546 418557 374273 418703 92672 376232 311404 878008 436394 393231 699514 206805 378159 244803 173829 324212 671000 316294 442284 191207 132503 236907 671983 838799 281784 463798 506550 504421 999999999 282072 878033 171259 430718 467392 254687 319270 727805 212553 490603 638140 102465 60025 672583 478592 388757 613380 773465 704535 211532 463530 268708 242576 841291 817960 824840 616886 399835 405100 534707 783388 854972 132202 673998 442751 332348 301286 539368 465305 50599 763387 485620 190849 409303 346893 737970 284335 773353 461668 351539 659698 326198 682645 505506 543864 207073 464873 401371 193939 440979 463394 574900 549627 737616 496621 749292 505324 337089 666877 323313 387100
750071 189011 111404 615215 331077 246897 81358 943086 508051 654593 829774 414336 505724 353340 425532 395695 667793 130316 444283 266227 318513 515363 468482 884276 552449 611345 533027 678931 282072 999999999 951684 193906 338990 747787 87341 58410 588266 493972 325837 384682 383464 229747 500925 756853 506159 482216 554600 470902 226372 321471 300739 53001 923843 581765 630874 673140 144045 681177 432799 858085 936433 330788 594055 552465 221476 171557 507920 376844 235405 684551 767335 383302 527270 267376 817029 257764 759535 285347 341205 502951 516244 475203 455583 261806 196170 668733 403858 318102 345580 494179 555435 713474 502038 303011 544478 234194 143451 412280 605119 319794
889985 865577 1052623 529838 790325 732932 1031918 28930 452581 725953 235529 1060014 500532 1122833 753753 571603 329215 1074501 510069 721312 745755 937616 814200 105526 778959 432525 419966 439898 878033 951684 999999999 789493 1264705 886848 1009521 1008971 645856 901764 737070 958752 889808 859556 729439 858144 489284 637820 885023 912288 1064376 707000 1137217 966378 44002 963491 819814 278547 1085216 819095 604699 95364 32459 1005801 503459 435305 1145728 1097554 475722 1303205 902175 480694 926489 691102 468926 1180103 140186 694435 301391 765670 610645 691900 581004 826979 530749 1080153 769212 521875 548520 692303 1273558 457544 428803 392893 929843 789985 833277 979243 835227 973291 919684 644708
594223 265032 305181 421365 167326 205072 261637 784440 337171 476597 646656 370842 317572 372782 252784 218626 539209 294280 304876 74127 135086 395629 502813 733811 385623 421504 384021 486094 171259 193906 789493 999999999 475229 591539 225614 250038 558554 364737 319732 484653 263330 114865 501326 594962 320362 444081 605872 541401 282843 292287 361750 187029 757736 654213 653985 513979 337455 516999 368346 694325 770899 287209 515275 370145 356762 309710 392427 513712 155081 606379 616896 193275 341979 390697 650924 121687 639009 292240 202422 488725 322520 513934 351010 432212 36200 474996 261746 124215 484137 341307 433735 522169 574617 328726 579705 370688 181454 513307 468905 222397
834140 509814 285450 848006 521140 585776 261890 1259344 812364 807478 1113185 384625 782832 258404 603196 693593 999879 209616 769624 544910 544743 571443 775943 1206660 691198 880147 854587 930317 430718 338990 1264705 475229 999999999 833075 261833 295022 919309 573004 659359 647390 487970 422368 823879 854766 788802 817574 843565 751100 219197 659063 182832 307005 1232845 849285 935652 988513 269528 793972 771697 1169553 1246047 355509 933009 840972 120602 170920 842418 38739 388308 1023333 836744 612317 810508 85982 1126103 577709 1094581 618142 664352 831378 752701 779386 791764 440755 496659 895310 727187 581356 10438 813019 888786 973234 777004 628668 846045 490325 481709 669121 669976 654619
3400 856151 841355 380749 425379 768818 777482 901539 610168 172562 652398 452065 508833 577709 341025 573113 849768 775985 698324 554019 460306 261789 1064076 903359 208889 496881 704521 454369 467392 747787 886848 591539 833075 999999999 719627 786649 1052729 265948 877774 1074228 371019 518183 1036265 34592 527293 949107 1171173 1120256 636116 840352 650335 709967 842871 1229822 1194187 728768 865936 84295 860949 813113 855288 482075 945191 556129 767120 749781 793415 858081 516865 1015574 40062 424950 532008 763695 772919 651049 940760 862322 666089 1011430 393612 1077158 790651 1008619 616929 370177 676989 507556 843280 675908 803359 496964 1153118 902629 1135560 959859 772772 1102646 163207 732435
721614 275876 125000 634039 324132 327377 58715 1002769 559428 645044 872261 347665 542743 272580 418282 442385 738177 69508 508961 299257 326715 473293 555051 947644 535901 645596 595215 706212 254687 87341 1009521 225614 261833 719627 999999999 79123 674738 457326 412222 463047 348807 215579 588244 732392 545936 567568 639195 553648 144063 405871 214670 45208 979403 663065 717506 731738 146536 659650 514590 914865 992353 269600 675202 595667 141458 90921 580609 300440 204167 766328 735201 395408 567572 184514 872377 317508 832767 372029 403881 589920 534958 561452 530243 312194 240798 685803 466910 344396 269481 554404 626960 744648 584101 390344 630632 306798 228308 489799 568272 392960
788787 216661 56934 670580 377641 296375 34489 1000028 566320 701527 888167 426633 563713 349592 472593 454100 721699 86832 500643 323172 370101 546010 491197 940382 596279 669161 589813 735918 319270 58410 1008971 250038 295022 786649 79123 999999999 624855 527714 364342 388072 417798 272149 531979 797550 564357 522572 570050 482151 221198 364946 286403 76808 981498 589713 653294 730469 87758 723117 479258 915590 994031 347574 640592 610838 183546 137533 561102 331706 269994 730102 804162 436397 585511 231406 874759 315651 811886 323136 398330 537532 571399 496436 507870 233906 254178 723795 460719 374147 300607 551428 609054 771019 511723 335051 565028 229911 189469 414195 639057 373582
1056015 409773 638042 714755 692370 361279 658760 622228 462076 890900 687175 929215 557020 915070 737907 480029 332018 711459 356598 545442 637681 928910 195822 542408 852952 617797 379174 699827 727805 588266 645856 558554 919309 1052729 674738 624855 999999999 892608 262516 368115 808522 673380 111215 1041970 540043 114482 241384 288238 800271 273826 880343 633080 645129 318854 179531 457870 661319 968547 197186 586155 651442 844569 149791 532531 807333 758709 273248 955126 712759 174226 1087880 642702 543346 854450 571037 444611 347152 302952 395784 89758 664568 204386 262985 560266 522357 756684 375809 571427 924345 391774 286801 694756 297117 291039 190496 465274 446985 371338 978180 342987
267567 625632 580879 378890 203482 563594 515772 908533 513542 250086 688611 206671 423981 324596 164972 430655 766215 511246 563565 351135 255571 38563 864388 886908 140881 469571 602254 473666 212553 493972 901764 364737 573004 265948 457326 527714 892608 999999999 678246 846069 110508 269669 853265 283803 440684 780633 968988 906137 370568 645901 390542 451897 860266 1018901 1009767 676855 603848 221101 695430 812987 873905 218260 813122 488226 501635 483879 665195 600470 258788 896188 278277 257815 455409 500226 767850 454534 867121 654641 497673 835015 322705 876120 645152 755698 396643 405492 530109 321283 583352 563454 689824 523315 939353 692430 940195 717351 542595 874833 111368 551522
880815 154814 382819 600358 474972 115064 397793 720884 379570 733969 690245 682920 442767 657492 540930 329807 413773 450436 265169 329299 426393 711477 187203 648871 669411 535948 342829 620622 490603 325837 737070 319732 659359 877774 412222 364342 262516 678246 999999999 240707 581868 432362 184269 874032 431295 158526 293755 248495 539576 41148 619038 370731 720690 353390 334265 477790 409019 796451 136333 653801 730978 596569 287922 450762 545674 496662 261930 695854 467354 372620 908446 452826 444497 592501 622270 227628 485079 41276 225823 179158 522547 199791 208490 348455 284743 651702 250882 370789 664835 324362 308267 634469 280000 52959 262002 246214 184744 263264 775960 154162
1077020 220459 370144 831733 651951 318203 420162 939889 619904 945335 929334 797434 678021 735527 733309 560603 629763 466024 505855 522067 613940 874044 173671 863905 866196 774548 581475 858577 638140 384682 958752 484653 647390 1074228 463047 388072 368115 846069 240707 999999999 739242 578533 257475 1075316 667871 325421 201459 107471 607093 280557 674451 437570 946782 203187 305471 711875 379169 997013 357262 881009 956095 712254 469561 690393 558642 520274 492326 676950 600514 532321 1100882 656227 682330 605889 852933 434249 682745 232469 457987 287587 747365 168161 442855 219506 457403 884452 490389 572726 649293 564875 534708 874265 129951 193488 218594 159974 303813 28766 952729 388036
372948 519144 471502 392236 119652 466809 406928 893100 469280 319528 692791 170699 393062 259381 138927 369758 716468 405322 498456 263146 176257 134859 766059 862226 203341 461018 550363 484818 102465 383464 889808 263330 487970 371019 348807 417798 808522 110508 581868 739242 999999999 160921 760968 385145 407200 694866 869156 802943 275031 551989 310146 341716 850473 916162 915605 644063 495273 315304 612441 797284 864239 138019 741620 459431 404818 381993 599149 518831 148351 828331 386627 205300 425371 409621 751580 364607 818897 555517 419562 745395 313333 777250 572097 645196 297333 430612 460838 245868 498408 508771 629446 533150 836113 591979 842780 607775 436823 768002 221746 465536
520502 358726 328503 428495 108673 318572 268929 857640 410695 430435 693136 256368 364891 271361 202749 293889 634943 281944 402606 149413 122375 295774 612683 813941 324145 458669 473140 508286 60025 229747 859556 114865 422368 518183 215579 272149 673380 269669 432362 578533 160921 999999999 615112 527143 373014 558901 713768 644516 207994 406456 277709 195674 824530 757946 766408 591716 356245 451750 482315 764328 838075 174223 626027 426600 314254 276409 496467 458980 44828 716408 538524 190378 394383 336591 719433 233010 736588 402605 306378 603296 331423 623209 459155 490525 151063 478052 360425 167314 432270 429731 534587 550870 677594 437108 690107 447753 277085 607283 379363 335398
1039441 315332 539717 723512 649975 296540 566356 707731 477308 882371 741915 866981 562430 840514 707535 467207 403839 618780 361609 502131 598333 887808 88087 629005 830735 638345 408480 723129 672583 500925 729439 501326 823879 1036265 588244 531979 111215 853265 184269 257475 760968 615112 999999999 1029046 547287 103699 163798 185251 720595 209211 798998 548922 723842 241627 158098 512913 560933 953067 183447 661329 731499 780733 226505 550762 715507 668289 302720 858689 651075 277085 1069242 614966 554857 763254 640428 398730 438640 219989 370193 38009 660216 99125 272025 450591 465663 770139 368313 536964 828311 409340 331685 725591 200461 197952 114037 357671 365136 262201 946453 305311
36600 858544 852842 358910 430530 766727 789766 873389 594424 153897 623197 476255 493298 601047 342596 563648 830417 790415 686311 553658 461903 283626 1059563 877128 209471 475141 688407 428678 478592 756853 858144 594962 854766 34592 732392 797550 1041970 283803 874032 1075316 385145 527143 1029046 999999999 511623 940026 1166772 1118259 654268 835955 671936 720749 814144 1226908 1186667 706884 878251 78304 851911 785903 826421 501660 931094 537833 785329 766145 779750 880677 528654 999551 69771 422011 515089 783691 746333 648469 919855 860112 659034 1003273 379395 1072840 779274 1016627 618841 344669 666802 505375 865035 661306 787791 469985 1150959 900683 1130055 964803 775507 1103579 187236 726624
530678 490580 616267 176369 301700 357337 580002 489750 82880 357882 326359 575074 18536 633552 278846 115554 330927 614619 186249 246788 256599 478973 597644 455145 348949 110235 177277 191315 388757 506159 489284 320362 788802 527293 545936 564357 540043 440684 431295 667871 407200 373014 547287 511623 999999999 448617 701858 676302 580294 390184 650333 506911 452730 772357 699379 237726 649406 443698 363850 394770 466380 517012 420262 54003 673346 628171 270316 826596 414438 488285 565198 203546 21735 702991 349273 262839 429276 435493 210876 515958 134660 612018 279205 702315 310293 223503 182911 207718 798229 150565 276204 214102 705981 474575 657696 615275 428011 692455 491234 279835
952346 312345 541062 624966 579422 248354 555805 617592 376116 790959 639263 814783 464426 802349 628190 376378 309117 608363 262368 432008 525249 816572 178732 540343 746487 536576 304943 621017 613380 482216 637820 444081 817574 949107 567568 522572 114482 780633 158526 325421 694866 558901 103699 940026 448617 999999999 267169 275747 689359 162523 769880 524857 629302 344355 250780 410988 566685 865257 88159 565328 637674 730252 145084 449212 703048 653624 199021 854214 598375 219519 983319 533600 454955 749499 542028 330548 357389 199797 286062 68315 566344 192410 170476 487957 407887 670330 274017 459998 823157 307292 229177 622423 296331 197538 217735 387651 339273 337193 868457 229601
1174235 368548 561131 876963 766539 406268 603844 862084 635752 1024487 905651 953538 715994 907409 834645 612947 563653 653064 518491 622443 719432 1001091 107228 782514 963022 797103 570964 882294 773465 554600 885023 605872 843565 1171173 639195 570050 241384 968988 293755 201459 869156 713768 163798 1166772 701858 267169 999999999 94052 780972 330869 853787 606942 881991 78803 110094 676457 574071 1089461 341182 820860 889013 866750 382422 709430 748409 706488 465988 874494 743829 414895 1202114 746314 711089 796323 801805 521357 588146 314347 511114 201202 807414 94024 432307 420946 572638 925360 519787 664526 846081 569309 495450 886844 77418 277183 51822 353278 440989 187267 1068695 441163
1123208 289950 470140 847757 706181 351554 515464 891246 617781 980882 908724 876801 688767 824223 780362 578014 584466 563625 500146 566780 662559 936604 98196 812998 911373 777683 564512 862964 704535 470902 912288 541401 751100 1120256 553648 482151 288238 906137 248495 107471 802943 644516 185251 1118259 676302 275747 94052 999999999 696721 289137 767592 523746 904836 113486 199226 683377 481828 1040247 331443 841061 913022 790414 410973 690832 658152 617451 465257 781568 671487 460474 1149405 696249 688024 705879 817456 469816 623785 258152 474117 221514 771041 86138 423010 326976 510211 898422 493692 612966 753405 555725 501724 872704 33217 217638 115669 260903 367912 95481 1009172 402487
637598 414331 256304 629412 302413 441974 192996 1061275 612802 593351 901093 217913 572660 128559 384214 494078 821797 163023 587544 344366 329449 376703 693675 1014075 477760 666366 666369 713077 211532 226372 1064376 282843 219197 636116 144063 221198 800271 370568 539576 607093 275031 207994 720595 654268 580294 689359 780972 696721 999999999 526988 81205 174324 1030315 806731 855769 792707 267248 588215 627041 969020 1043770 155884 783725 633583 131068 120259 672041 253968 170501 875566 645272 395623 601787 136232 924533 399405 921006 501170 483997 718727 535011 700853 626859 448207 311820 676271 544393 373084 229476 623388 715016 756928 727486 524180 770182 450595 355568 633860 475874 491413
843422 167566 389189 559283 442419 88557 397296 691787 339351 694766 652662 659909 401620 641298 505126 288921 387674 449450 226054 295357 392297 679854 223726 621398 632394 495083 306165 579668 463530 321471 707000 292287 659063 840352 405871 364946 273826 645901 41148 280557 551989 406456 209211 835955 390184 162523 330869 289137 526988 999999999 607413 362731 689074 392711 364023 443474 417324 758595 117297 621942 699696 574204 276938 410158 542883 493020 231342 696279 443448 365387 871538 415614 403495 588790 589095 192431 464484 58673 184985 197356 482027 236895 176338 374037 256514 610572 210165 334441 665080 285674 279045 593955 320363 88657 296381 272471 178032 303692 741736 113350
651427 489731 311746 685937 361379 522853 254615 1135032 687234 628473 967081 204659 641554 82780 434230 569155 900953 213540 666616 420278 395528 388641 769220 1089759 512124 731487 744001 772944 268708 300739 1137217 361750 182832 650335 214670 286403 880343 390542 619038 674451 310146 277709 798998 671936 650333 769880 853787 767592 81205 607413 999999999 250437 1102228 875993 931606 867860 315642 611624 708181 1041959 1115778 174295 864924 704071 143663 160832 752377 210198 236003 956766 654583 458685 671566 119990 997116 479679 1000633 580171 563685 798090 594808 775869 707672 501560 391775 730194 623493 444914 193101 700832 794928 818331 797637 601853 845107 515712 434543 700412 487306 572481
712121 240039 132832 602349 302067 282960 76497 959258 517359 625660 832892 362492 504538 300620 397012 401200 693124 108604 464385 261148 297893 471198 519481 903471 519694 608477 551060 671551 242576 53001 966378 187029 307005 709967 45208 76808 633080 451897 370731 437570 341716 195674 548922 720749 506911 524857 606942 523746 174324 362731 250437 999999999 936733 634736 681694 688308 161106 646324 470275 871903 949609 279897 630639 555759 186665 136113 535419 345589 193587 721890 727777 365487 528439 229425 829701 273290 787580 331058 359444 549197 503050 526557 485041 305663 198980 654897 422507 308836 314594 510533 581820 708702 554960 351492 595881 285842 186098 465092 563265 347752
846005 844678 1026377 487056 752754 710311 1003562 64086 420594 682236 191592 1020913 463224 1085987 713785 539252 320403 1045130 485326 688435 709315 895888 807106 119534 736387 391635 395116 396549 841291 923843 44002 757736 1232845 842871 979403 981498 645129 860266 720690 946782 850473 824530 723842 814144 452730 629302 881991 904836 1030315 689074 1102228 936733 999999999 960716 821451 252201 1059169 775287 590618 67309 13767 968151 499570 398745 1114416 1066700 458761 1271231 866705 484845 882503 653266 432000 1147885 107033 666135 306632 747626 583655 686007 540381 820234 512845 1060647 738692 478239 522324 657544 1241829 430744 413292 349278 923707 773645 830169 960455 810856 962405 876697 621358
1232816 403091 573325 946357 818307 461248 622346 940398 708640 1087329 983450 989677 785900 934708 890841 679434 642455 668936 590931 677421 773714 1049642 174817 860746 1021065 869842 646697 955174 817960 581765 963491 654213 849285 1229822 663065 589713 318854 1018901 353390 203187 916162 757946 241627 1226908 772357 344355 78803 113486 806731 392711 875993 634736 960716 999999999 167232 754540 581976 1149122 415159 899657 967686 903410 461156 782279 761826 723124 542585 877957 784953 491435 1259618 805115 782489 809070 880557 578779 665966 367798 576332 279332 873636 160384 506927 413825 622586 995687 589590 722267 850852 643293 573212 961226 80653 328084 130596 363100 481398 180172 1121289 505274
1197370 441876 650726 875710 806309 449059 687653 795155 625939 1039295 866380 1014723 715203 979482 865436 624002 511287 738579 513135 658814 755384 1043867 162465 715172 988826 785420 549676 869147 824840 630874 819814 653985 935652 1194187 717506 653294 179531 1009767 334265 305471 915605 766408 158098 1186667 699379 250780 110094 199226 855769 364023 931606 681694 821451 167232 999999999 636780 666688 1110884 337144 763902 827166 927993 329320 698518 835107 790798 442465 968041 800428 339983 1227282 773042 705434 883215 750056 555472 518744 364760 528102 184262 815981 156926 420717 523950 618865 920707 523504 694750 938843 556414 462329 867531 187272 334382 89801 448295 504710 294543 1104040 463356
732147 594328 774566 348116 534641 458817 753390 271052 181085 556452 229940 810338 253423 860291 516408 298752 141329 796245 233174 448347 484897 714866 588613 222272 574519 231897 143040 289301 616886 673140 278547 513979 988513 728768 731738 730469 457870 676855 477790 711875 644063 591716 512913 706884 237726 410988 676457 683377 792707 443474 867860 688308 252201 754540 636780 999999999 807275 649357 355507 185488 264284 747919 309257 188655 868966 820342 219867 1027131 635575 337308 768470 439137 221583 904511 147328 415950 214541 501395 332178 475273 358752 602646 269750 811363 492076 367827 270350 425203 997186 179060 181966 264810 706267 530351 625605 712248 558670 730158 718864 369569
