NAME : synthetic_000425
TYPE : CTSP-D
DIMENSION : 100
GROUPS : 8
RELAXATION_LEVEL : 1
EDGE_WEIGHT_TYPE : EXPLICIT
EDGE_WEIGHT_FORMAT : FULL_MATRIX
EDGE_WEIGHT_SECTION
999999999 842051 281811 238928 451465 349516 144081 651272 772808 659314 737184 517737 710455 1022572 758954 1001515 953464 419981 288922 214811 326339 894138 295875 1129711 709719 243338 472664 686442 421757 768847 697196 462468 1026197 202246 490274 623584 935622 763400 520939 865515 870387 912906 325867 895948 668373 321699 1002827 883945 639335 351677 378258 200748 547948 234737 840877 392415 29174 919048 786304 20762 1140032 989176 460987 460795 823029 595949 1001014 584492 616817 1077270 209201 490384 1120095 306791 880348 981969 947682 232380 215422 735320 683479 510560 933194 845586 829912 724265 713180 772995 128861 208414 801615 873838 713714 83001 669259 414150 914976 927782 614011 156757
842051 999999999 607863 794741 391933 518889 713974 797549 108122 683507 698548 504786 257829 256448 559577 508184 814140 480952 1000980 659764 526104 53261 564379 462819 307926 847712 633392 156226 456483 787058 953705 950786 487909 880807 384245 950591 383351 236703 524266 301231 317797 568999 622501 532215 698372 595974 290007 111641 578698 811040 920086 733925 344384 921153 793473 472753 814837 433851 957464 823942 427342 558594 384014 405428 579603 247885 534619 386186 757237 489045 708678 960276 480452 1004823 897556 522179 842814 613704 1014990 274896 283706 427168 837891 48200 465479 302595 773143 285953 833867 1010870 387677 659788 200965 908398 283518 428634 266259 1018646 516499 740146
281811 607863 999999999 192712 229405 89533 138161 450543 522623 419291 493149 459195 546408 757096 487618 720059 709473 142286 394613 240012 98358 656520 60242 850382 431679 244964 229498 460924 154331 544297 549609 406554 744386 273072 337509 498612 654717 491275 245691 587517 591426 636712 336592 617618 431668 46092 730883 629368 375034 249896 347421 126090 280318 314206 607430 135194 263504 637237 615184 261052 863927 709757 232218 203105 551605 362911 720285 465642 407020 795692 101052 426649 839572 400108 668376 701167 710631 170277 412005 459723 527525 230519 697113 622203 549300 446341 493107 495713 230825 408731 519855 610263 527512 323843 511585 222964 640934 742966 339385 280321
238928 794741 192712 999999999 422113 281260 172127 415492 704082 438361 516161 622278 737406 923344 564731 832790 728297 315389 207319 343594 288872 841771 248412 989693 584512 52989 267545 651374 338319 537673 459911 246884 864691 98099 523580 389261 789649 654091 349432 735869 736669 724040 463301 713446 445168 198814 889085 806587 440345 113374 171147 81827 456416 130043 612073 325389 241325 759819 547488 223809 1012419 808557 424670 389806 626898 553061 826529 647203 384074 922026 104181 272463 973645 210107 644372 808307 719075 301661 257292 617393 717349 388090 704318 811738 658764 598966 481464 648435 115546 256714 648862 665678 720087 225877 701499 412817 797109 688861 433200 337911
451465 391933 229405 422113 999999999 141985 322301 578117 322715 501428 557067 314544 322282 579407 485823 635868 751667 149639 622120 288883 137106 443397 177305 715681 311511 474311 355039 238270 111687 631981 710533 620954 646455 498987 143112 677885 539778 339027 287602 454492 463892 598558 301172 569265 517007 232902 569240 434568 415372 466758 570910 351918 142737 541474 675683 103415 424931 544812 752815 432886 713481 647549 14374 77628 541515 144593 646023 271873 531520 684798 326234 637442 713883 628597 760511 627181 764526 229521 625014 323649 307036 182306 753577 399895 488977 323779 592874 364865 445114 620588 431068 618516 298677 516469 291105 55521 488411 859185 352664 366339
349516 518889 89533 281260 141985 999999999 207586 478100 435717 424288 491771 405337 462780 676001 458808 665935 702349 78132 484143 249788 41864 567965 53895 781498 361421 333864 248664 371391 72245 554537 595339 482060 686042 362457 262977 553693 590095 414050 222589 516777 522290 597385 318294 574336 438489 92442 653712 543901 359692 326551 429380 215205 199111 403736 610018 46348 327045 579400 649811 329207 790551 662944 143553 115844 521135 273407 669479 394120 432171 733693 189840 499849 773327 489516 682289 650229 708403 175168 498184 385954 445698 167814 695814 532712 500575 375835 508018 424083 316566 494527 461113 588023 440653 401964 429710 145573 565484 768522 310790 310262
144081 713974 138161 172127 322301 207586 999999999 545233 638326 535712 612402 460378 609875 883222 621370 858219 829791 276120 324138 171589 189284 764990 154882 985939 566124 207214 344948 560472 279659 653328 616772 418994 882379 202950 388503 552316 791556 621462 380863 722007 726650 772961 292179 754775 546349 179833 861214 748285 504704 276569 342116 96437 406690 247194 721717 251997 125449 775229 696092 123378 997158 847366 329977 321423 685513 466136 858318 500989 506097 933220 88221 444375 976083 335818 771649 839217 827349 138802 304494 592354 585923 366525 813265 721808 687280 580706 599178 629620 131016 299616 657666 740351 603780 195738 570677 293739 772620 832485 474497 173269
651272 797549 450543 415492 578117 478100 545233 999999999 689433 121195 158779 880754 872194 803627 295249 572728 329478 430979 527499 688923 516670 826143 497241 774881 494385 430712 229449 710437 468442 131473 157928 307564 617413 489881 720709 182696 592227 573857 297874 588144 579479 429129 785780 438471 110075 408768 745002 751354 221037 310489 355126 456413 495794 492511 208866 489025 648776 536386 174742 634188 821551 522053 569667 503390 331463 631510 553030 849816 46618 681539 457533 293208 746599 513951 229106 539676 312556 620813 635244 530999 866202 412880 297578 834674 428589 503036 78967 536865 531019 637876 470125 323164 827684 639706 851301 609753 661464 292513 281061 716160
772808 108122 522623 704082 322715 435717 638326 689433 999999999 575517 591984 501978 294296 263256 455675 438605 715846 388693 911298 606030 449054 142605 484859 437114 201165 756797 528876 123482 368580 680446 845667 848742 426726 793541 352511 843417 315357 135623 418682 224481 240544 479218 587695 442468 590435 505766 269837 112025 470660 712614 821660 648255 248176 832417 689328 389445 746852 355773 849644 753746 417023 480977 312229 319963 479892 181651 461719 391313 649217 440753 623592 857217 446771 913883 792779 447084 743010 551649 933866 169967 312045 326490 737363 148264 370431 196967 665480 187105 752252 930242 291545 561566 231693 834043 306287 367959 213559 912998 408389 685475
659314 683507 419291 438361 501428 424288 535712 121195 575517 999999999 78079 813249 776404 682432 177918 461777 294496 363269 587723 658095 465574 709822 454897 659189 377490 466550 191352 606264 398137 131263 278306 395145 504747 526392 644191 300192 472900 455840 213883 466949 458324 323672 741812 327756 15966 373733 624015 632678 104994 351587 423837 458611 400242 538768 188163 424476 651492 418863 274707 640331 703616 416509 491086 424100 222481 534173 444725 769121 96097 568600 452937 386850 632301 577319 259980 429950 292051 585495 681976 413411 773314 324203 278238 722326 309869 385294 94259 417171 550838 683333 348969 235175 728128 663000 759040 540493 540269 359882 170686 697891
737184 698548 493149 516161 557067 491771 612402 158779 591984 78079 999999999 871196 814728 668218 151331 415778 217394 426137 660970 730503 533484 719634 525681 620907 390841 543411 267488 637232 459022 88513 299976 458304 461326 603348 698276 340108 445804 464166 273478 455171 444288 270770 810061 282114 71565 447254 605550 636453 142342 427208 494096 536448 443917 614515 119149 487626 729067 386352 268265 718125 670592 363504 545729 479462 175385 573579 395053 819519 154371 525430 530362 446997 591348 649773 208304 382263 217755 657154 757988 423915 814312 375754 204603 740207 282842 396026 90953 420008 628868 759531 336990 166618 763080 740999 800695 599747 527706 322480 208749 772786
517737 504786 459195 622278 314544 405337 460378 880754 501978 813249 871196 999999999 267430 754538 796810 908346 1065398 451589 780681 305087 370842 554320 400603 938909 589907 664891 651937 378511 415473 944358 1000462 860492 908568 662645 179235 955721 795945 586077 599689 703231 716589 896400 194839 864150 828566 488486 771126 598351 729800 705339 792264 540455 444676 706500 990001 391981 489392 817437 1053942 508649 917501 932521 326588 391937 849591 356292 924241 119975 834343 933923 519111 882525 946993 794018 1073089 906494 1078916 322331 732118 588399 235932 496824 1068059 480615 782666 598711 902899 627412 585852 725388 714742 928879 308615 600514 229557 272856 712012 1167786 667126 365236
710455 257829 546408 737406 322282 462780 609875 872194 294296 776404 814728 267430 999999999 514276 702208 732273 974608 465095 928866 501634 448709 301092 489013 717228 452989 788138 663486 189091 428821 899321 1016064 943226 720974 804903 221882 991690 609587 415392 574524 518037 533798 759280 427292 723337 792354 554732 544440 364733 676022 788876 892071 661710 376998 848854 925934 425639 681366 647370 1045073 696038 684770 771564 324240 381424 740717 242237 754429 149645 826702 732567 636434 959493 732002 937709 1022931 739099 996633 480921 911125 435491 31633 459624 988636 223795 645568 455917 870662 465739 740443 905527 568148 823984 62603 787969 42146 324651 504730 1134279 608211 578016
1022572 256448 757096 923344 579407 676001 883222 803627 263256 682432 668218 754538 514276 999999999 516904 338149 714707 615764 1128883 866526 696235 217476 728351 218398 342923 974289 704061 381137 604639 751511 959919 1025806 300474 1018234 614738 978926 236513 269282 594153 215501 224567 453064 850874 421203 694141 731810 70461 156580 588749 909258 1015376 878800 477340 1053386 732549 631231 997959 301937 936094 1002810 172691 403728 567624 562044 507353 443355 369644 638204 773036 274971 855699 1028444 244255 1128433 836608 364961 749986 808786 1167510 307532 539888 535441 749514 294330 387853 329296 756254 282521 987508 1164701 333707 571120 456724 1077948 539010 627905 142214 961306 545193 945210
758954 559577 487618 564731 485823 458808 621370 295249 455675 177918 151331 796810 702208 516904 999999999 286529 273652 382869 738884 708362 499713 576395 503647 481271 256862 602567 297186 517083 407368 236362 446903 566707 327979 660190 618302 477081 297411 322942 242099 304075 292993 159748 768312 154781 185981 442767 454630 489989 124552 498579 585158 563152 352926 680348 233897 440681 745367 241299 419473 738625 526391 248321 472598 411782 64148 468283 272392 728735 273969 391516 550515 560864 454598 731054 338222 256229 294426 633589 819784 285708 706110 307776 286656 603376 133603 259042 240002 275495 667872 819974 186376 132753 646253 778933 693812 535962 376434 460586 149004 763550
1001515 508184 720059 832790 635868 665935 858219 572728 438605 461777 415778 908346 732273 338149 286529 999999999 393075 588713 1018034 907230 701240 497241 718155 211035 325033 875249 569515 549536 598901 481811 713870 853235 48076 930414 735077 755250 124941 324209 486487 214250 198509 147908 937036 134363 467564 680091 268035 402161 404290 778572 869656 817249 494617 954857 440094 633209 983508 91543 664266 980760 270386 68497 621510 579937 241273 552098 31770 811594 557492 110600 800352 847184 178007 1011572 536295 34684 430893 835606 1090069 320473 747991 498123 433469 556219 174128 313815 505782 280943 926811 1089470 206533 271536 669738 1034090 740568 691374 243994 657573 399607 974780
953464 814140 709473 728297 751667 702349 829791 329478 715846 294496 217394 1065398 974608 714707 273652 393075 999999999 632420 856703 945234 744213 822613 739402 599806 524234 751423 484881 787943 662423 198009 407763 633710 440316 811375 888157 477267 478331 580276 480237 526908 511808 261689 1019835 294832 285095 663447 645027 729796 343092 632413 684600 752877 624268 818251 120619 693321 945964 413073 324002 934619 662588 325044 739114 675325 236292 741934 362740 1001518 348434 497018 747431 616363 563878 843378 165213 359998 38922 871301 961749 548341 979303 569856 46644 860314 349413 523879 252684 529227 842437 963951 426477 154405 917613 954053 967182 798820 589604 272672 399980 989532
419981 480952 142286 315389 149639 78132 276120 430979 388693 363269 426137 451589 465095 615764 382869 588713 632420 999999999 522626 327133 117365 526957 129442 709820 290158 368128 205598 344152 37990 494516 560946 483532 609810 405936 290412 528977 516025 349104 152919 446081 450543 519441 387957 496215 378260 117523 588620 492142 289427 334683 442761 263309 141441 443991 545194 61494 399185 502918 605319 399362 721984 584885 143558 84502 444578 247035 591756 420881 384379 658690 239947 497617 700200 525261 623170 572510 640577 252782 551881 317521 452793 91238 628487 500985 422554 304777 451536 353926 371797 548981 384695 513271 433181 465963 437052 179139 498664 716215 236190 388370
288922 1000980 394613 207319 622120 484143 324138 527499 911298 587723 660970 780681 928866 1128883 738884 1018034 856703 522626 999999999 478729 485718 1048502 445097 1185779 788234 155039 449180 855522 544567 658795 508933 242914 1053226 124004 709460 425903 985548 859636 545508 937131 936898 898097 599435 892370 590160 405667 1092596 1013858 615572 240305 173477 270204 663731 80650 736203 529477 310655 950836 610313 288421 1212118 986933 626089 595591 797462 757433 1008544 825008 510843 1112798 295889 269009 1167539 20508 741901 991107 839733 462313 126214 822021 906450 594414 824771 1016651 845720 802519 604200 851633 194955 132061 844246 822785 916918 217312 890911 605869 1000403 753577 621361 439967
214811 659764 240012 343594 288883 249788 171589 688923 606030 658095 730503 305087 501634 866526 708362 907230 945234 327133 478729 999999999 209843 712923 206338 1002812 589937 377642 469379 504073 309767 784162 776830 590336 923295 365154 286621 717014 821050 626395 469533 739537 747726 846326 122009 822241 670876 284703 858105 717864 605249 444699 513658 265341 417378 407778 846206 275130 185894 818272 849564 204174 1002244 908990 301785 328698 770880 424380 913180 370578 646193 966255 250757 615435 999322 493217 908368 893965 948258 74793 427495 607315 473400 412808 935010 656333 746632 603406 733117 648001 285493 420893 700773 836704 511234 296757 459830 238621 776843 980744 559898 80389
326339 526104 98358 288872 137106 41864 189284 516670 449054 465574 533484 370842 448709 696235 499713 701240 744213 117365 485718 209843 999999999 576596 40724 810358 391287 340162 287561 374419 102533 595562 630003 503567 719848 362258 239487 585270 621582 438905 264394 545404 551791 636512 276593 612720 479655 118317 677497 559210 401528 346983 445757 215659 223345 405079 651623 69037 302039 613674 687322 306606 816713 700326 142782 134752 561745 278333 705781 368600 471036 765949 190004 522860 803566 492764 723079 686534 750216 135771 489030 413499 429368 203989 737601 536260 537883 405444 548504 452693 308438 484817 495510 629354 431957 384989 413446 124660 590871 807859 352066 273558
894138 53261 656520 841771 443397 567965 764990 826143 142605 709822 719634 554320 301092 217476 576395 497241 822613 526957 1048502 712923 576596 999999999 614423 431022 332332 894678 671370 209117 504025 808000 983288 991296 472506 929103 437304 983879 373924 255546 560904 299735 315955 571109 675424 534681 724271 642975 260446 95808 605731 854235 963319 782604 388244 968976 809586 521688 867060 429420 982183 875896 390116 552008 435063 453566 590918 298944 525324 435040 787209 466973 757503 999822 451763 1051863 914439 514418 852886 666364 1065077 296849 328690 468587 848846 77705 473265 325001 797431 300909 883726 1061070 397670 668938 247583 959783 329931 481165 253270 1036927 545907 793299
295875 564379 60242 248412 177305 53895 154882 497241 484859 454897 525681 400603 489013 728351 503647 718155 739402 129442 445097 206338 40724 614423 999999999 835389 415298 299529 270413 413737 125981 583151 603755 466796 738987 321745 277769 555569 643737 467535 263446 570672 576168 645942 289135 623955 468297 89873 707057 594138 398911 310138 406983 174976 252219 364451 642493 97120 273188 632193 665337 275647 844315 713586 182290 166603 566741 316992 721036 405458 452442 787133 149311 486836 827126 452059 709390 701795 743315 131956 450666 439793 469296 220368 730281 575583 551438 429721 534101 477976 269512 446650 513927 630886 472678 350174 453403 164547 619111 789538 354754 260874
1129711 462819 850382 989693 715681 781498 985939 774881 437114 659189 620907 938909 717228 218398 481271 211035 599806 709820 1185779 1002812 810358 431022 835389 999999999 420136 1036395 738685 560562 709788 690991 920635 1041601 163046 1087673 782242 957455 200275 376679 641031 264956 259332 358194 1008327 339650 666854 816223 172965 352741 587363 950873 1048913 961163 588084 1116900 651107 741549 1108268 241691 874529 1109131 68842 276257 702131 677839 445577 598693 238844 827991 755228 102793 941110 1038284 37619 1181603 746949 245693 638244 937018 1244868 397074 740095 619893 641834 505328 351688 405675 711708 357692 1072233 1243319 341554 482466 656701 1173392 736961 769395 230021 867455 566449 1077340
709719 307926 431679 584512 311511 361421 566124 494385 201165 377490 390841 589907 452989 342923 256862 325033 524234 290158 788234 589937 391287 332332 415298 420136 999999999 634407 362664 264589 289927 479321 651948 685909 335149 680972 413297 656994 231188 80911 251745 155923 160870 311248 612558 276972 391961 400050 304586 258457 273577 566335 672634 546860 172719 714246 489458 322276 688135 233652 650291 689176 432448 342915 297202 261427 288621 236249 337159 502452 456591 376327 525422 690251 412299 787008 592253 318762 548757 521106 834297 37684 460673 201623 542033 349420 196226 14684 465680 64372 657514 832100 124835 371832 394387 755454 449904 367021 212620 711947 216113 661604
243338 847712 244964 52989 474311 333864 207214 430712 756797 466550 543411 664891 788138 974289 602567 875249 751423 368128 155039 377642 340162 894678 299529 1036395 634407 999999999 306568 704276 391304 557273 456730 221537 908405 60011 572785 381078 836162 705008 395381 784642 784979 762289 499057 753416 471888 251759 938960 858896 478041 120223 139180 127652 508982 80511 633204 378214 251898 804371 549523 231776 1060609 848500 477130 442793 663647 605973 867803 694721 403743 966630 152202 248919 1019479 157186 657516 849841 739738 342721 217433 667779 767561 439476 724841 864706 701617 648780 501043 698090 114525 218021 695041 697891 771879 211929 751763 463495 846858 692789 475986 362045
472664 633392 229498 267545 355039 248664 344948 229449 528876 191352 267488 651937 663486 704061 297186 569515 484881 205598 449180 469379 287561 671370 270413 738685 362664 306568 999999999 520010 243574 314805 355583 323618 604077 363376 495822 328750 538998 441616 111839 499239 496715 456566 559536 446875 202907 184821 659066 613653 172858 212192 313261 272499 298508 385593 378905 261143 462960 501874 402008 453107 768853 541977 348120 284195 359519 430488 561372 626476 183538 663682 264149 329544 719202 443760 439554 543520 483402 398174 523177 399669 653806 211221 469558 663086 396628 375580 264154 421544 372602 523168 398115 402538 625449 484540 638335 382411 567423 520323 172511 506719
686442 156226 460924 651374 238270 371391 560472 710437 123482 606264 637232 378511 189091 381137 517083 549536 787943 344152 855522 504073 374419 209117 413737 560562 264589 704276 520010 999999999 314867 723803 861085 825370 542389 733652 234814 846797 429595 228030 418630 336582 351602 570295 472913 534450 622015 454137 392880 224923 502822 678758 786907 586260 221504 775126 744803 326189 659053 462327 879521 668539 539725 585269 231637 262797 553009 98331 570041 268584 666649 560959 560720 837635 569681 860629 844302 554016 811164 457522 863177 246416 200067 308803 803714 161854 456480 267009 699897 277475 682856 858804 379182 636272 129809 753946 191480 272598 335416 959205 435691 584415
421757 456483 154331 338319 111687 72245 279659 468442 368580 398137 459022 415473 428821 604639 407368 598901 662423 37990 544567 309767 102533 504025 125981 709788 289927 391304 243574 314867 999999999 529376 598934 517143 617316 425306 252581 566566 519535 341845 185641 444938 450736 537956 360970 512918 413326 139771 581558 475044 320303 366179 473283 279679 127339 464951 578171 34650 399156 511157 642904 401451 718340 599225 105986 52074 467705 216789 603866 382917 421828 663670 255104 532035 702140 548360 658113 584629 671885 236965 566286 313832 415855 103308 660091 473924 436868 304249 487434 352203 384923 562937 393021 539068 398617 473428 400059 142638 493240 752691 263573 375906
768847 787058 544297 537673 631981 554537 653328 131473 680446 131263 88513 944358 899321 751511 236362 481811 198009 494516 658795 784162 595562 808000 583151 690991 479321 557273 314805 723803 529376 999999999 235679 437222 528907 616979 774468 291762 524672 552585 344744 540183 528659 333985 871235 351743 116338 499503 687397 724297 223517 437427 486591 570026 525747 621896 77417 555684 763841 462924 185676 750818 744150 423574 621377 554495 248839 657483 457948 898292 153782 592400 567671 421140 659534 645381 128745 447385 182585 712572 765114 512421 897884 453148 167649 828651 364045 484538 56283 508066 652896 767524 422738 214491 848727 763366 883983 671666 612116 235426 291264 819858
697196 953705 549609 459911 710533 595339 616772 157928 845667 278306 299976 1000462 1016064 959919 446903 713870 407763 560946 508933 776830 630003 983288 603755 920635 651948 456730 355583 861085 598934 235679 999999999 266147 760163 509356 850512 83447 744133 731633 443437 744609 735452 566855 884460 581257 265918 514031 900116 909213 378874 346558 341260 521167 642788 498000 298344 614447 701192 685919 102919 683201 970506 657890 703702 639409 475084 778162 691398 981592 196486 824118 529614 241149 890556 491354 256448 679827 378575 715557 630511 688703 1007854 557249 365019 989905 580398 660787 209033 694778 569213 634862 626212 449929 974599 667039 992557 735555 817914 244699 437512 789841
462468 950786 406554 246884 620954 482060 418994 307564 848742 395145 458304 860492 943226 1025806 566707 853235 633710 483532 242914 590336 503567 991296 466796 1041601 685909 221537 323618 825370 517143 437222 266147 999999999 893995 262023 742846 182998 846028 765189 435388 817064 812884 718603 709322 720565 392781 389619 977920 936826 454244 156667 84462 325881 608072 240942 513688 517590 472946 800108 368015 452338 1078731 811173 619332 567765 617050 729768 838183 872032 304100 956922 343979 28233 1017883 225207 506005 822616 612491 544734 365881 723086 927363 523634 597725 976952 690353 698570 386531 743552 334802 370624 708723 624884 915715 417549 911383 626373 887229 510844 483268 582181
1026197 487909 744386 864691 646455 686042 882379 617413 426726 504747 461326 908568 720974 300474 327979 48076 440316 609810 1053226 923295 719848 472506 738987 163046 335149 908405 604077 542389 617316 528907 760163 893995 999999999 962623 738290 800081 113029 322507 516306 206272 192174 195369 947173 179220 511169 705806 231528 378990 442384 814630 907832 845585 507371 988405 488063 651192 1007256 107151 711830 1005437 222564 115272 632186 594748 286180 553519 77590 807995 600729 64138 827786 888733 130629 1047378 584364 82670 478306 852869 1121889 325209 738412 518648 481114 535445 207552 322676 551691 284307 955838 1121038 225126 319428 658384 1061734 731908 701918 221650 705547 432509 992833
202246 880807 273072 98099 498987 362457 202950 489881 793541 526392 603348 662645 804903 1018234 660190 930414 811375 405936 124004 365154 362258 929103 321745 1087673 680972 60011 363376 733652 425306 616979 509356 262023 962623 999999999 585771 431439 887676 749216 447531 833113 834165 819796 487072 810085 531838 288415 985392 898074 535644 179611 177565 147404 547368 44410 693036 408264 216250 857866 604285 194527 1109912 905208 503354 475556 721724 635832 923749 702580 463553 1020086 173002 290181 1071731 133543 715951 905622 799494 341746 159870 713290 782614 482833 784586 895139 756470 695493 560778 745072 81232 159802 746937 757247 793044 157850 767047 481895 893581 748043 530814 337310
490274 384245 337509 523580 143112 262977 388503 720709 352511 644191 698276 179235 221882 614738 618302 735077 888157 290412 709460 286621 239487 437304 277769 782242 413297 572785 495822 234814 252581 774468 850512 742846 738290 585771 999999999 814190 626711 416825 430504 535311 547636 717691 238557 685806 659826 354493 620694 459244 556116 586366 684751 445318 265677 629986 816407 236488 461328 643696 895311 475238 768138 756204 153111 220095 670495 185540 749520 131629 674093 767946 420588 761670 786718 719099 902838 731437 902783 259381 689248 414633 197428 322530 892292 374531 604353 422850 735906 454690 519341 683664 537938 750094 224776 566703 182187 117422 552506 1002274 491835 365800
623584 950591 498612 389261 677885 553693 552316 182696 843417 300192 340108 955721 991690 978926 477081 755250 477267 528977 425903 717014 585270 983879 555569 957455 656994 381078 328750 846797 566566 291762 83447 182998 800081 431439 814190 999999999 773091 737787 429088 763727 756114 610877 828660 621067 291114 467254 922545 915434 390398 277073 259967 455932 625678 417665 362133 577961 629357 718380 186143 610559 1003436 703526 672505 610915 514037 758970 735113 945815 206219 864211 466965 157724 929291 408156 333968 722047 450879 659550 548161 694495 981080 538548 436736 983924 609896 667240 252750 705389 494894 552663 647036 500636 954193 589281 965460 697458 836806 328011 440985 724193
935622 383351 654717 789649 539778 590095 791556 592227 315357 472900 445804 795945 609587 236513 297411 124941 478331 516025 985548 821050 621582 373924 643737 200275 231188 836162 538998 429595 519535 524672 744133 846028 113029 887676 626711 773091 999999999 210139 440784 93246 79357 216642 839323 184834 482377 618963 167482 278382 392652 751166 850267 762754 403691 916661 499310 552556 915203 65445 710334 914933 232852 178676 525650 492615 276485 441531 151598 694967 567858 145271 743266 844093 185173 981486 602327 140610 513478 752253 1045221 216343 626352 425098 513038 431431 163808 217647 536186 175086 873770 1043783 141302 335359 546987 976391 619556 594988 121199 726780 367175 892723
763400 236703 491275 654091 339027 414050 621462 573857 135623 455840 464166 586077 415392 269282 322942 324209 580276 349104 859636 626395 438905 255546 467535 376679 80911 705008 441616 228030 341845 552585 731633 765189 322507 749216 416825 737787 210139 999999999 330070 118614 130877 346190 634174 309703 469959 463796 239834 177845 352826 642304 749509 611039 215664 784129 556820 371230 740236 235184 726998 743179 378010 357281 325452 304522 344474 231458 343070 487392 536768 351500 588438 770092 375471 859336 661065 326587 607718 561717 899660 43296 428048 266395 602298 281233 235449 70867 542223 51818 720585 897055 156529 425964 353836 814294 419432 392984 151991 782649 296822 701650
520939 524266 245691 349432 287602 222589 380863 297874 418682 213883 273478 599689 574524 594153 242099 486487 480237 152919 545508 469533 264394 560904 263446 641031 251745 395381 111839 418630 185641 344744 443437 435388 516306 447531 430504 429088 440784 330070 999999999 393125 391991 392191 539599 375188 229418 201327 551411 501853 137217 316187 421284 331111 199364 475878 392613 214335 505742 410731 471685 500363 666710 468991 277470 210441 305982 334896 482959 556543 252190 572808 315291 441303 624309 542320 473440 464208 487724 394837 606116 288432 568336 115009 475581 555719 312609 264995 305506 311978 440329 605068 299680 367497 531366 548236 553463 327211 459338 572051 93745 521971
865515 301231 587517 735869 454492 516777 722007 588144 224481 466949 455171 703231 518037 215501 304075 214250 526908 446081 937131 739537 545404 299735 570672 264956 155923 784642 499239 336582 444938 540183 744609 817064 206272 833113 535311 763727 93246 118614 393125 999999999 16575 271580 751828 235374 478750 555176 160973 204695 373946 709013 812458 701523 323433 864930 527829 476595 843723 133004 723434 844997 277334 258341 440612 413177 302792 349830 237375 601731 557702 232895 680512 818155 259797 934761 633001 223225 559045 672727 987990 132416 534065 357205 556323 349369 181566 141310 542034 92749 812402 986005 118645 375357 455492 911215 526964 509146 73322 757510 333985 813188
870387 317797 591426 736669 463892 522290 726650 579479 240544 458324 444288 716589 533798 224567 292993 198509 511808 450543 936898 747726 551791 315955 576168 259332 160870 784979 496715 351602 450736 528659 735452 812884 192174 834165 547636 756114 79357 130877 391991 16575 999999999 255628 762232 219561 469797 558168 166728 220747 367103 707292 809962 704034 330839 865371 514708 482845 848956 116459 712463 849813 275754 241827 449905 420450 289325 362330 221189 615989 549940 221657 683378 813422 252003 934168 619768 206858 544235 680239 989737 140534 549543 360913 541717 365937 168053 146488 531824 99737 815028 987877 109356 360776 471285 914832 542279 518798 83468 744375 329618 820763
912906 568999 636712 724040 598558 597385 772961 429129 479218 323672 270770 896400 759280 453064 159748 147908 261689 519441 898097 846326 636512 571109 645942 358194 311248 762289 456566 570295 537956 333985 566855 718603 195369 819796 717691 610877 216642 346190 392191 271580 255628 999999999 894010 36834 327493 593207 383541 476273 284248 657841 742074 719637 456858 840086 293628 572465 897931 151419 516462 892384 414622 93120 584440 531340 101784 546822 124608 813291 417726 258503 705782 710488 325856 889919 392527 113407 297032 772184 979453 323978 769401 434731 297104 616598 115022 305597 359660 294658 825784 979594 191132 124916 698628 936237 759380 652401 329785 515629 298895 906775
325867 622501 336592 463301 301172 318294 292179 785780 587695 741812 810061 194839 427292 850874 768312 937036 1019835 387957 599435 122009 276593 675424 289135 1008327 612558 499057 559536 472913 360970 871235 884460 709322 947173 487072 238557 828660 839323 634174 539599 751828 762232 894010 999999999 866467 755688 377024 852434 696407 676765 560617 634062 383459 443042 529509 928200 328105 298263 845976 951770 318579 999407 947436 315527 362750 828225 411198 946900 282990 741324 983808 366629 733845 1009393 614350 998092 927990 1026589 169163 541212 623001 396669 461784 1014065 610503 787313 624613 822954 664249 407125 534259 731946 899999 449893 408867 385323 245663 778593 1078255 623741 171024
895948 532215 617618 713446 569265 574336 754775 438471 442468 327756 282114 864150 723337 421203 154781 134363 294832 496215 892370 822241 612720 534681 623955 339650 276972 753416 446875 534450 512918 351743 581257 720565 179220 810085 685806 621067 184834 309703 375188 235374 219561 36834 866467 999999999 333275 574972 352301 440014 276800 652155 739914 705097 426955 832068 317728 547539 880077 119418 536270 875325 392659 95123 555052 503759 107034 513034 117710 779391 423294 243341 690227 713847 309334 884968 419087 102222 329173 748491 969944 288341 733810 409625 328347 579792 81484 270736 372576 258277 812598 969802 155327 151070 662521 922166 723953 623572 295064 543100 283253 884409
668373 698372 431668 445168 517007 438489 546349 110075 590435 15966 71565 828566 792354 694141 185981 467564 285095 378260 590160 670876 479655 724271 468297 666854 391961 471888 202907 622015 413326 116338 265918 392781 511169 531838 659826 291114 482377 469959 229418 478750 469797 327493 755688 333275 999999999 386298 635062 646512 120241 355689 424548 467826 416209 542997 175998 439377 661104 427277 259449 649561 712324 420552 506731 439730 227090 550121 449636 784917 90260 575162 462849 383405 639399 579281 244911 435294 281002 598553 686445 427679 789280 340063 266964 737413 318902 399540 78310 430674 558361 687973 360477 234070 744017 670352 775006 555766 552066 343971 186369 709625
321699 595974 46092 198814 232902 92442 179833 408768 505766 373733 447254 488486 554732 731810 442767 680091 663447 117523 405667 284703 118317 642975 89873 816223 400050 251759 184821 454137 139771 499503 514031 389619 705806 288415 354493 467254 618963 463796 201327 555176 558168 593207 377024 574972 386298 999999999 702284 609665 329188 234233 338108 147273 258962 326661 561896 130829 305110 598758 575772 300978 832350 667746 232874 191599 506838 355856 679316 485070 364524 758423 125374 407542 804106 408920 624273 660276 664819 213436 435874 430017 538027 198625 651351 613664 508213 414729 448892 464398 257504 433266 482186 564581 530852 357429 522040 237342 611371 701266 295062 326413
1002827 290007 730883 889085 569240 653712 861214 745002 269837 624015 605550 771126 544440 70461 454630 268035 645027 588620 1092596 858105 677497 260446 707057 172965 304586 938960 659066 392880 581558 687397 900116 977920 231528 985392 620694 922545 167482 239834 551411 160973 166728 383541 852434 352301 635062 702284 999999999 179804 533830 867596 972012 849528 454880 1018831 665714 610436 979331 232885 872598 982681 147449 333318 556538 542769 441285 441310 299438 658173 716331 211404 827340 979125 191381 1091038 769264 294529 680568 796588 1137771 272412 567673 503876 680365 333208 323373 290181 694597 240965 959567 1135368 275510 502780 484197 1054102 564923 620559 92246 893844 494944 935275
883945 111641 629368 806587 434568 543901 748285 751354 112025 632678 636453 598351 364733 156580 489989 402161 729796 492142 1013858 717864 559210 95808 594138 352741 258457 858896 613653 224923 475044 724297 909213 936826 378990 898074 459244 915434 278382 177845 501853 204695 220747 476273 696407 440014 646512 609665 179804 999999999 530339 807215 915735 754211 350706 935869 721599 497881 858208 333642 901935 864738 321484 456260 423879 428106 500266 293521 429907 482774 714584 377693 729954 943155 369225 1015464 826799 418765 760834 663643 1041313 221066 388432 422019 757287 157561 381073 248675 717357 216686 859858 1037908 307407 576760 304907 944006 386262 479947 158254 950185 474562 797405
639335 578698 375034 440345 415372 359692 504704 221037 470660 104994 142342 729800 676022 588749 124552 404290 343092 289427 615572 605249 401528 605731 398911 587363 273577 478041 172858 502822 320303 223517 378874 454244 442384 535644 556116 390398 392652 352826 137217 373946 367103 284248 676765 276800 120241 329188 533830 530339 999999999 375387 465543 441492 302475 555991 260363 350518 627149 345976 379660 619248 625499 371486 403810 337868 186691 434035 393245 677221 185448 504350 430215 451528 564065 608289 349409 376116 351582 530762 695233 310013 674369 233602 339853 617344 236511 282020 197302 316507 544618 695424 259025 235711 626190 656126 660471 459327 446780 458261 67810 654592
351677 811040 249896 113374 466758 326551 276569 310489 712614 351587 427208 705339 788876 909258 498579 778572 632413 334683 240305 444699 346983 854235 310138 950873 566335 120223 212192 678758 366179 437427 346558 156667 814630 179611 586366 277073 751166 642304 316187 709013 707292 657841 560617 652155 355689 234233 867596 807215 375387 999999999 109088 180248 466657 187308 513658 363769 354697 713513 434702 337019 980573 746652 465928 417727 557371 581682 768535 715379 284192 874951 194199 177288 931182 233020 537588 751222 619980 393355 330822 602097 772239 386351 605061 834062 607098 580030 381263 627781 225388 332504 610190 585483 763502 330529 756251 470151 775501 576749 384553 447388
378258 920086 347421 171147 570910 429380 342116 355126 821660 423837 494096 792264 892071 1015376 585158 869656 684600 442761 173477 513658 445757 963319 406983 1048913 672634 139180 313261 786907 473283 486591 341260 84462 907832 177565 684751 259967 850267 749509 421284 812458 809962 742074 634062 739914 424548 338108 972012 915735 465543 109088 999999999 252564 575710 158202 563992 468783 389324 809331 440712 368497 1081329 833074 570943 525112 640430 689501 857374 811588 341419 969398 273160 112619 1027645 158964 568576 840772 666810 472643 290071 708812 874252 495320 651863 942834 701099 686105 432642 733253 251076 294103 710148 658558 868914 333508 858280 570225 880166 584705 483191 501160
200748 733925 126090 81827 351918 215205 96437 456413 648255 458611 536448 540455 661710 878800 563152 817249 752877 263309 270204 265341 215659 782604 174976 961163 546860 127652 272499 586260 279679 570026 521167 325881 845585 147404 445318 455932 762754 611039 331111 701523 704034 719637 383459 705097 467826 147273 849528 754211 441492 180248 252564 999999999 404005 189556 641058 261188 193836 739052 602368 181742 978834 799492 356040 329122 626902 488494 814067 567146 419527 900111 25685 350453 947878 277133 684639 795317 747671 220085 288717 577212 640614 345740 733267 747790 643617 561526 514803 611231 111069 286020 624155 674645 647406 217173 624868 337343 758522 740348 421844 268756
547948 344384 280318 456416 142737 199111 406690 495794 248176 400242 443917 444676 376998 477340 352926 494617 624268 141441 663731 417378 223345 388244 252219 588084 172719 508982 298508 221504 127339 525747 642788 608072 507371 547368 265677 625678 403691 215664 199364 323433 330839 456858 443042 426955 416209 258962 454880 350706 302475 466657 575710 404005 999999999 585344 559410 155600 524602 404051 668149 527807 593368 504857 128416 89758 404925 135740 503875 377977 450730 548925 380107 618930 582797 665946 651786 484951 640651 349406 692033 191051 373080 87303 630817 368886 346407 186046 494435 231151 511122 688903 288950 484449 332126 600764 358808 197795 367571 759475 235202 489925
234737 921153 314206 130043 541474 403736 247194 492511 832417 538768 614515 706500 848854 1053386 680348 954857 818251 443991 80650 407778 405079 968976 364451 1116900 714246 80511 385593 775126 464951 621896 498000 240942 988405 44410 629986 417665 916661 784129 475878 864930 865371 840086 529509 832068 542997 326661 1018831 935869 555991 187308 158202 189556 585344 999999999 698751 449211 251852 884602 595763 229663 1141034 927075 545486 515725 740751 677102 946958 746989 469842 1046848 215241 269098 1099910 89173 715165 929109 804370 385960 143657 747324 826723 518115 789404 936371 781423 728663 566079 778054 122422 145700 775525 772087 836395 178164 811133 525491 926789 739902 555907 376567
840877 793473 607430 612073 675683 610018 721717 208866 689328 188163 119149 990001 925934 732549 233897 440094 120619 545194 736203 846206 651623 809586 642493 651107 489458 633204 378905 744803 578171 77417 298344 513688 488063 693036 816407 362133 499310 556820 392613 527829 514708 293628 928200 317728 175998 561896 665714 721599 260363 513658 563992 641058 559410 698751 999999999 606688 834811 434993 228394 822487 708244 377164 664171 598129 225647 686407 413472 936395 229488 549991 637338 496917 617738 722796 105315 405421 107034 773437 842094 519401 927002 493942 92378 837189 346713 492446 132678 508921 726923 844425 414654 168774 872469 837941 913768 718805 597214 229683 325213 885622
392415 472753 135194 325389 103415 46348 251997 489025 389445 424476 487626 391981 425639 631231 440681 633209 693321 61494 529477 275130 69037 521688 97120 741549 322276 378214 261143 326189 34650 555684 614447 517590 651192 408264 236488 577961 552556 371230 214335 476595 482845 572465 328105 547539 439377 130829 610436 497881 350518 363769 468783 261188 155600 449211 606688 999999999 369009 545212 662768 372336 748664 633860 102212 69794 501428 227986 638376 368022 442535 696972 235928 534030 734568 534439 684275 619143 701865 202476 544504 344880 410357 137916 689836 487176 471512 336456 512094 383859 362888 540821 427165 572003 400136 447112 394409 121320 523058 776051 295681 341742
