NAME : synthetic_000634
TYPE : CTSP-D
DIMENSION : 100
GROUPS : 8
RELAXATION_LEVEL : 1
EDGE_WEIGHT_TYPE : EXPLICIT
EDGE_WEIGHT_FORMAT : FULL_MATRIX
EDGE_WEIGHT_SECTION
999999999 1163706 555402 876686 688579 631842 1099295 236618 788969 660779 472087 687511 818779 1203692 299487 340395 147446 1160225 520636 618605 1017318 658043 755733 166903 941045 942016 824363 692857 293862 935206 543122 664647 432143 987884 1197994 554127 598955 1240175 1005201 517416 1109171 404611 796637 426780 1084164 257493 971609 246458 1255683 371828 125807 845770 619417 325990 68055 302331 701324 484415 852437 674573 463064 544774 953748 652639 989146 348413 335792 524081 605472 633266 896034 473824 610093 364943 639625 771384 678402 503981 362022 616219 519334 1078538 292885 1032709 682520 846747 311314 642669 850766 908286 812680 863826 986420 368404 673454 861709 191371 334511 417289 798006
1163706 999999999 632880 513991 702518 551969 102390 1040142 860144 540106 693669 533676 367845 111270 864779 891933 1049572 46848 685805 726136 340378 569140 518143 1252921 227857 240993 553118 929488 901825 737022 643601 674321 909846 633599 208683 615342 764741 144252 254357 743704 57020 832654 655419 777549 80385 933334 878268 1155453 124057 827304 1271050 321981 694182 981115 1097522 1006221 834790 820703 580011 823498 734462 630672 814955 1007539 192866 815558 834661 785625 840027 696420 520222 791259 909371 799166 685366 717987 860154 839392 933915 805149 647649 334245 933278 163531 546109 605801 1119699 598522 362837 992736 580596 543405 200045 819391 676131 304990 976580 927223 769771 790899
555402 632880 999999999 545624 262986 241986 588331 506991 703179 286126 111813 136035 269776 694382 278534 259181 472874 639084 281261 216734 593523 325835 410290 677399 430015 445760 311266 684909 272794 734510 236097 213906 299649 717367 716928 178059 475296 733925 450494 367815 582892 202569 565571 144670 552614 306715 844324 624927 739777 319547 674656 343647 424007 491656 487351 505162 619896 429455 353258 352404 101597 202613 794517 716353 485100 234325 220587 203603 318209 441141 569102 178290 612186 206710 197053 352133 622235 467391 461962 292701 165246 651527 300681 530526 334777 577314 620688 114662 296227 870071 526509 349615 485884 190879 225036 329333 364119 433738 140466 423308
876686 513991 545624 999999999 776162 308560 411960 679579 346969 264158 513755 561958 468913 475451 607610 742108 733463 478968 364851 750941 194227 238564 138556 905294 348279 310020 722312 427075 713588 241638 363672 727664 828506 178585 411031 391882 314012 494880 577854 361067 464504 712591 146086 646755 469709 729577 382481 773258 531077 505988 950423 321702 265265 595997 823691 624794 333894 412907 769350 886506 613306 381521 319467 511482 342244 570587 627488 748884 861605 256032 23501 715583 426616 574134 720416 845953 363022 412301 547041 833428 424639 241170 761971 354412 220260 91822 716461 608887 519459 481739 78970 742442 332223 649591 736580 403277 729244 559080 617510 927197
688579 702518 262986 776162 999999999 491883 695483 716320 965139 533215 362009 216708 363158 792498 482513 348581 654351 725298 544106 70504 778131 577931 649630 840169 560885 591729 170387 947492 402606 984351 498782 50014 277807 953618 845362 439539 738282 832542 459077 629894 666830 287283 817806 290471 630473 437360 1100849 825541 824525 561800 814381 503648 685961 722839 625302 730527 882729 687930 177763 123235 276798 465025 1048488 976095 615516 452518 405032 164541 142738 702801 799008 217339 873412 422132 66922 93430 885210 726425 701658 109204 428182 828498 395697 656508 582334 821773 837890 168432 345754 1132324 770658 202071 620400 350498 39902 448564 517057 668657 319342 160390
631842 551969 241986 308560 491883 999999999 475111 488287 483433 44671 207925 294614 286710 576588 336399 439285 504989 540346 135474 455609 395606 86075 170592 704158 324119 316568 481902 490206 418838 493901 92165 441923 520149 476351 566155 87427 279754 611525 468286 208681 495215 405207 326134 339117 476862 440386 609237 603606 630609 276407 729063 231493 212490 431105 569790 455300 410386 288044 529862 592137 304796 87863 556643 541982 365254 290898 334995 442935 560194 226215 332002 407304 433571 285477 430102 572679 420619 316566 385382 534307 123428 457032 464337 406438 92793 335330 570637 324502 340266 650558 284538 512130 360992 347681 452090 279100 458238 375893 311430 650272
1099295 102390 588331 411960 695483 475111 999999999 962133 758466 457861 635516 506343 339236 106293 799872 846345 978760 69812 605672 709344 239289 482230 423171 1179249 160145 158578 561487 829818 849602 634977 567265 661455 877677 532727 154987 545825 670630 145594 282990 657371 62316 790781 554183 731736 89390 879176 776443 1075259 156398 751466 1202100 254192 601307 898618 1034443 924589 735119 732710 595036 818520 688689 558128 713047 909025 110331 751245 777240 758338 826667 602375 417894 756434 812460 737609 668981 724044 761078 749174 850533 792082 580049 239025 884879 69576 458265 503783 1035876 571926 349779 890346 479650 558991 114119 768000 664942 261766 915883 846476 719747 801356
236618 1040142 506991 679579 716320 488287 962133 999999999 554048 504851 398625 641450 733498 1061367 235177 397396 104017 1028266 356655 647695 841008 487688 574375 226023 812295 804009 813808 456248 332872 708145 396546 678951 521608 770577 1038886 430781 379872 1094552 926055 321838 983457 440434 581241 425871 964266 307856 736633 119657 1116459 213820 274835 718710 414600 91901 218551 66036 468305 268766 851736 742749 444821 411652 721446 418295 852905 273523 311305 565031 677558 425450 696467 505682 373908 302815 654652 808473 443969 279930 135562 676092 403971 900351 366173 892910 512836 636260 123157 616575 776699 671907 608656 853160 848161 366295 689681 754707 231462 121108 398883 856038
788969 860144 703179 346969 965139 483433 758466 554048 999999999 450038 620035 777790 744894 820907 613096 799076 644689 825869 427082 918724 536233 400920 375686 752098 676901 643166 964871 118318 747638 193014 467287 915382 915951 300702 749047 525622 235967 837944 892931 352255 809337 798439 205750 742675 811616 746892 182651 601741 875779 486284 818829 624087 279217 463129 758021 488048 93061 330571 1012944 1051954 726052 500567 174363 203642 681560 600403 670505 881255 1007598 262360 344062 830867 182616 620213 900014 1050834 110786 298403 428865 987941 539896 572710 797832 698775 406342 255464 529048 802250 799864 167509 281115 993944 672008 715785 926188 701969 708731 461262 706740 1125425
660779 540106 286126 264158 533215 44671 457861 504851 450038 999999999 250821 331468 304694 556526 369313 481442 529523 524941 148224 498714 359732 49233 125985 724785 313650 300632 515283 465199 458606 451391 117811 483366 564373 431762 539089 129125 259208 590016 477829 206026 483091 448928 284754 382932 467720 478715 569356 617400 611641 297281 753754 225943 188247 441329 600333 466932 381477 285040 563434 635267 349152 123946 515586 522355 349611 325679 373810 487513 604292 199636 287571 451934 414446 322850 472312 612369 394327 309355 393845 578077 163854 421289 505015 388436 49218 291420 579611 365192 359464 616314 240484 543916 344280 389411 493344 284448 492066 388621 354570 690758
472087 693669 111813 513755 362009 207925 635516 398625 620035 250821 999999999 243156 348634 741420 178843 231707 373639 693118 193114 305511 597716 277431 375223 580174 475516 482192 423078 589784 217860 674958 161263 315354 316837 674440 749083 121929 386020 779483 538689 272539 640155 199152 505783 134003 613659 244721 773107 517536 791047 207847 585399 381697 344905 379949 404999 393924 532462 326113 464885 434165 107375 134740 728066 614418 526889 130739 141736 261376 387572 362918 536978 213827 512989 108012 295103 454173 531050 364733 350297 368759 90330 658463 259767 571791 293617 528328 510128 226131 385372 784675 479575 461368 525550 141230 326700 390071 283065 321940 103801 520061
687511 533676 136035 561958 216708 294614 506343 641450 777790 331468 243156 999999999 167672 609382 414546 372781 608864 547443 379425 208586 563625 379234 439929 813048 358494 384738 192227 776763 398620 777626 327156 170994 376228 740162 648721 265896 564125 649693 325628 468317 489132 308497 614577 264634 455389 434070 900209 759936 648938 446899 808363 290905 502812 621075 619523 636326 702145 538501 238917 334688 225131 293647 845089 818515 414591 369851 355018 252740 327345 518025 584516 259205 711349 342639 170570 284602 709577 574550 588059 294077 269334 615780 418688 458195 379298 612708 753079 65607 175820 945063 561913 226974 418001 319518 178353 246788 496928 562432 270222 365377
818779 367845 269776 468913 363158 286710 339236 733498 744894 304694 348634 167672 999999999 441757 527183 526819 720911 379965 411722 370820 424764 352448 374202 927621 197732 229816 260791 769412 542338 704111 358746 325104 542666 644979 484454 308433 563457 482080 192558 493495 321822 465924 556382 413441 288695 575718 838251 853016 481495 522953 933898 153902 492939 694250 751073 714592 683505 571907 305465 486139 370800 332625 778214 826634 252525 478405 483410 420376 488882 504055 488954 423458 718456 456614 330790 407397 698133 602335 653402 454586 330461 470495 569883 294377 341383 538120 832889 233244 55115 907253 490868 275740 257252 460077 329682 85789 627888 635773 409712 488828
1203692 111270 694382 475451 792498 576588 106293 1061367 820907 556526 741420 609382 441757 999999999 904449 952568 1081314 71041 704746 809927 285376 577189 509193 1280370 266339 261690 650946 901313 955829 679564 668520 760589 982405 569248 104354 649712 755630 40345 358240 751658 126753 896747 621222 837938 163815 985287 817561 1172950 56938 852325 1305078 359808 688648 995098 1139201 1021621 807177 825064 680996 914966 794874 660985 755442 983660 214900 856023 883110 861925 926325 687969 476848 861498 891450 842940 769339 815215 834866 839039 946486 891577 684366 261392 991171 170992 552606 565825 1131012 674979 447405 941141 549164 644490 217277 874270 763477 366808 1021196 944306 826040 890414
299487 864779 278534 607610 482513 336399 799872 235177 613096 369313 178843 414546 527183 904449 999999999 194535 195266 860769 242820 414838 728983 374849 476448 401479 641567 642838 580111 550364 136147 715834 252250 444075 320604 743613 901462 255517 383930 941164 717532 274220 809981 218287 556761 192456 785499 134341 786563 349569 956247 126812 407991 546284 375472 245432 234858 249516 520078 283169 617123 518478 209656 248557 753214 548835 689780 49353 79190 337048 456786 392591 629041 277333 464584 72135 419944 575254 507999 318296 235270 450684 220186 790534 185307 733505 397800 596045 355555 383944 564110 764353 554217 619665 687178 136076 454886 564302 123022 197813 163863 626620
340395 891933 259181 742108 348581 439285 846345 397396 799076 481442 231707 372781 526819 952568 194535 999999999 317659 898148 394378 278379 828371 503783 604089 492599 687078 699845 486993 742867 64684 884270 380328 324578 127291 896360 970305 352362 565052 991865 698398 450006 842068 66650 718375 114698 811716 92825 967221 493819 998671 316881 466176 597561 543417 431236 276730 429504 706645 472812 512917 349537 157840 360597 929081 743367 741337 198683 128597 184487 282309 561445 765054 133781 657743 180546 299661 433656 697100 509460 427683 285373 317978 888764 48515 786787 522081 748497 520167 317754 546907 954581 701820 526021 741414 92545 333195 588459 174687 389441 130663 468471
147446 1049572 472874 733463 654351 504989 978760 104017 644689 529523 373639 608864 720911 1081314 195266 317659 999999999 1042253 384588 584224 880918 521661 616528 206714 823396 820309 767969 552695 255541 787903 413643 621524 436158 840847 1068612 434301 451535 1116500 912036 372781 993809 369507 649668 368364 971366 224972 827128 176512 1134830 233591 224269 728185 473633 184394 116059 164505 555842 337015 802255 667148 395292 420635 807590 519910 868476 242940 257898 495771 599914 487033 752239 438220 468204 267342 596572 744169 533919 356765 216116 602347 402178 941675 280106 910721 546586 700546 213539 574670 759000 770075 667654 807751 864858 306565 631673 753533 143489 187213 347647 784893
1160225 46848 639084 478968 725298 540346 69812 1028266 825869 524941 693118 547443 379965 71041 860769 898148 1042253 999999999 672259 745031 299780 550700 492965 1243937 219270 224402 581240 898846 904713 697368 632467 694694 922423 592046 162720 608297 740407 108901 287253 725830 58708 840584 622253 783469 94859 935256 837981 1142156 101538 816696 1264971 314646 670974 966148 1094754 991872 804172 801597 610591 847344 740318 621859 774893 978446 175431 811826 834735 800168 860571 672142 483813 802423 882183 796948 704326 745765 830356 818503 918298 825747 641781 289903 938149 138383 526944 570712 1103833 612868 381490 955010 548048 574048 180727 822590 697187 309773 975040 913447 773581 820410
520636 685805 281261 364851 544106 135474 605672 356655 427082 148224 193114 379425 411722 704746 242820 394378 384588 672259 999999999 493578 496989 137482 236115 577015 458217 447863 571610 403740 356124 490386 54013 495165 499711 505090 685419 113728 194673 738180 598944 88914 628888 380387 324018 320087 611604 368089 581551 469950 759804 151037 608273 366646 152833 295843 463410 320473 340538 162181 617858 625426 299828 85976 538734 439490 496828 208000 270552 454487 580571 170996 386221 405638 333160 216348 477782 633225 341282 196201 249908 560963 116054 558063 406235 536359 162185 356879 435242 388838 462749 592343 312873 606076 491834 303811 506295 413175 364486 241434 285167 704271
618605 726136 216734 750941 70504 455609 709344 647695 918724 498714 305511 208586 370820 809927 414838 278379 584224 745031 493578 999999999 770188 540817 619701 769688 565953 593192 223838 894816 332109 949462 451495 56732 215522 926320 855071 394645 688242 850241 492329 577049 686324 216779 781113 222389 650918 366864 1060976 755976 845744 499374 744412 499121 639865 656984 555041 663709 833953 631124 240381 136554 212724 418552 1010717 919387 621789 386956 336691 95176 118784 657199 774172 146842 818497 356736 40770 160798 834569 669861 637623 85705 378939 823465 325748 664688 547870 789855 769687 147296 363739 1085150 738773 259766 625617 281459 60898 453559 446580 603774 252880 216062
1017318 340378 593523 194227 778131 395606 239289 841008 536233 359732 597716 563625 424764 285376 728983 828371 880918 299780 496989 770188 999999999 359521 266635 1066422 243719 203186 684198 621093 813274 397682 476912 734364 892452 293439 216930 482182 496629 301856 468680 519555 299039 785922 340014 720501 314531 835833 538227 943289 339650 647493 1103565 274885 437531 763789 958552 791992 528113 583472 726897 898180 680937 482504 475113 705709 209092 685271 730337 791845 887894 432538 192714 771784 619386 681058 733722 831074 557201 589647 714245 855845 518629 61557 857264 199177 334855 282158 892059 622911 462615 656949 271638 694539 199285 738944 741130 341360 851792 720091 697949 912873
658043 569140 325835 238564 577931 86075 482230 487688 400920 49233 277431 379234 352448 577189 374849 503783 521661 550700 137482 540817 359521 999999999 102220 711025 345877 328177 564160 416980 475353 408771 125558 527961 594005 397510 551233 156878 213515 608839 521867 175148 512231 476560 240374 411316 499567 492388 523178 596493 633219 288100 744902 263404 141415 418020 600226 444814 332459 251575 612287 677252 380474 143520 470667 476053 376703 334831 389378 524236 643632 151664 261356 485344 368642 336419 515930 658613 345839 272004 369303 618533 187363 420581 523491 412691 25178 253139 554017 410564 407390 567365 203216 593027 370395 411240 538149 327458 497730 368527 380696 736335
755733 518143 410290 138556 649630 170592 423171 574375 375686 125985 375223 439929 374202 509193 476448 604089 616528 492965 236115 619701 266635 102220 999999999 799823 310186 282254 612785 420548 577204 338247 227697 600301 690081 307192 470110 253332 247495 537213 517662 253118 462699 574035 182268 508212 456827 594576 466387 677641 566076 384114 838087 248689 179462 498028 699419 526018 327584 319951 660759 756013 475028 243564 408311 492997 327095 436979 491340 612730 727834 179324 161856 577896 391934 438549 591162 724297 349053 330641 448512 700692 286314 326301 625031 355512 82016 172781 628756 481265 428443 534418 122059 637180 318927 511638 609768 326346 599143 453486 478995 804370
166903 1252921 677399 905294 840169 704158 1179249 226023 752098 724785 580174 813048 927621 1280370 401479 492599 206714 1243937 577015 769688 1066422 711025 799823 999999999 1025851 1020680 965365 643003 438083 920004 612034 812005 594214 990107 1261976 637890 601650 1314566 1118711 547730 1196785 553017 802878 563736 1175349 402866 931820 151046 1334708 428046 81446 931012 640113 311059 218359 282235 673667 493267 997037 835478 594795 622383 924745 584858 1069253 449559 458887 676907 766512 650442 921888 623020 569619 473318 786860 926255 646005 500589 358945 774923 606930 1126004 447453 1110572 736202 859479 225662 775615 965539 846475 833603 1005150 1065137 502370 821515 959174 324823 347093 547251 957808
941045 227857 430015 348279 560885 324119 160145 812295 676901 313650 475516 358494 197732 266339 641567 687078 823396 219270 458217 565953 243719 345877 310186 1025851 999999999 41488 447845 730519 689489 589121 415766 522170 723015 506671 290795 389212 549912 305104 232640 518792 171194 632580 472362 572615 154103 719035 730639 927657 315600 599593 1045834 95381 477700 753816 875729 778689 637008 596849 488237 683815 529677 403471 667420 802794 56250 592683 617252 607021 684578 482241 362405 601088 700088 578261 526546 602342 659177 617785 706953 650627 422525 280492 725089 101026 324131 434635 892729 423272 225167 825283 397772 454618 59708 607966 527091 112633 756488 699564 559890 682923
942016 240993 445760 310020 591729 316568 158578 804009 643166 300632 482192 384738 229816 261690 642838 699845 820309 224402 447863 593192 203186 328177 282254 1020680 41488 999999999 484627 700832 698524 550038 408730 551438 742281 465886 271171 388029 526184 298421 273658 502916 184162 647689 437857 586058 174755 726804 691878 917755 314531 592957 1043802 102346 454786 741939 877641 767547 606763 579721 525976 714156 543527 399715 628510 775108 48985 594521 623506 629437 711976 458031 323295 620036 673987 582023 554425 636727 629968 598578 694267 678423 422707 242544 736113 90698 305124 397759 879931 448464 261917 789108 362789 492869 44552 617944 556904 144080 760161 689055 571014 717798
824363 553118 311266 722312 170387 481902 561487 813808 964871 515283 423078 192227 260791 650946 580111 486993 767969 581240 571610 223838 684198 564160 612785 965365 447845 484627 999999999 968118 530863 950220 519373 168321 439269 900297 715660 458122 755524 690039 301316 660514 524204 420920 792720 401631 487130 567152 1078519 929668 676955 630678 949298 414553 692758 802816 758120 815742 891782 730082 48192 278777 372743 485870 1021083 1010737 497764 540445 510173 314629 312340 707430 743478 353929 903510 510993 191211 164872 900297 766429 772994 279448 460454 727161 535503 533723 561096 783672 930189 197809 222786 1131525 734078 39807 504536 463123 162940 342842 641105 744997 420340 239916
692857 929488 684909 427075 947492 490206 829818 456248 118318 465199 589784 776763 769412 901313 550364 742867 552695 898846 403740 894816 621093 416980 420548 643003 730519 700832 968118 999999999 686511 309715 452061 898766 865207 412068 837400 513341 212639 921845 932883 317850 876114 751398 281081 701451 874026 680711 289569 491994 957401 426015 712726 665654 277912 368379 668162 390608 94707 271592 1015445 1023546 691253 486199 291129 88824 743290 546345 616104 846354 973517 265567 429336 792121 86823 570013 880942 1036958 71979 233818 341489 957327 519786 663806 735191 766110 429062 340370 418001 791832 824370 218448 352177 1000248 734384 666292 909927 738467 633015 377491 665208 1107401
293862 901825 272794 713588 402606 418838 849602 332872 747638 458606 217860 398620 542338 955829 136147 64684 255541 904713 356124 332109 813274 475353 577204 438083 689489 698524 530863 686511 999999999 842114 349933 374049 191212 861131 966609 331533 515982 994432 721796 402942 850063 115399 678833 134395 821445 36370 919030 430999 1004036 262008 418452 597110 500357 367321 227262 365037 654760 418651 560251 412141 173881 335014 883388 683503 742184 150682 86183 241113 345655 518093 736066 185267 600685 140141 348903 490496 643531 454240 365504 346878 295428 874383 50786 787385 495552 712910 455755 350044 568118 900258 667983 570436 741363 82508 383467 596857 114624 327047 132670 529356
935206 737022 734510 241638 984351 493901 634977 708145 193014 451391 674958 777626 704111 679564 715834 884270 787903 697368 490386 949462 397682 408771 338247 920004 589121 550038 950220 309715 842114 999999999 513698 934591 989005 117520 595546 561159 338955 690176 819452 441647 692228 869676 169568 807360 702112 848942 142405 772550 731127 593674 980884 561373 341757 616387 895226 643815 248773 452688 998028 1085953 781724 541881 78742 396528 578811 691472 758315 930649 1051826 324064 226760 888086 358327 704564 923693 1061477 279073 431247 574669 1027197 585922 419829 892829 584958 402185 166632 703004 816056 756355 263872 216314 973364 568584 794182 944455 643044 826215 600708 773603 1140911
543122 643601 236097 363672 498782 92165 567265 396546 467287 117811 161263 327156 358746 668520 252250 380328 413643 632467 54013 451495 476912 125558 227697 612034 415766 408730 519373 452061 349933 513698 999999999 449323 476625 516577 655683 61477 240411 703202 547137 141785 586946 357730 344594 294151 567885 366888 613770 512586 722686 184247 637872 322298 188408 342380 482522 365616 383958 216194 565948 585390 268252 34146 567428 491365 457416 210201 263884 419755 544060 205878 386225 374738 384276 210864 433130 586389 387366 249971 298243 522470 73607 538445 398368 498538 146840 369262 482159 339874 409294 634013 321739 553376 453146 287916 460300 363831 375227 285960 261319 659171
664647 674321 213906 727664 50014 441923 661455 678951 915382 483366 315354 170994 325104 760589 444075 324578 621524 694694 495165 56732 734364 527961 600301 812005 522170 551438 168321 898766 374049 934591 449323 999999999 271167 904824 809286 389844 689095 800825 437363 581406 636017 260195 767897 254050 600194 409715 1050845 790297 794918 517705 790296 460729 636242 681440 599824 690260 833277 640656 188735 163820 235603 415489 998549 928571 577470 411491 368099 146715 165883 653029 750596 190857 825335 381069 25147 138944 836071 679019 658542 131053 379148 785845 372757 619456 532508 772272 799556 119063 313286 1082620 721144 205287 581860 315396 11349 409542 487433 626355 280216 210043
432143 909846 299649 828506 277807 520149 877677 521608 915951 564373 316837 376228 542666 982405 320604 127291 436158 922423 499711 215522 892452 594005 690081 594214 723015 742281 439269 865207 191212 989005 476625 271167 999999999 991258 1012794 437459 680364 1022535 692378 564196 864448 119366 820679 182842 831247 213782 1079598 612536 1023954 439746 555878 641003 651940 558421 375998 556165 824354 593947 454546 242590 215504 451557 1038350 868841 778983 318864 249254 128821 173527 670123 851888 122268 780924 296291 249683 348302 816683 631393 554741 187640 407167 950900 156240 824041 609223 845086 643619 311967 550257 1074386 796412 475234 780698 200217 276382 615911 293081 516584 215480 366536
987884 633599 717367 178585 953618 476351 532727 770577 300702 431762 674440 740162 644979 569248 743613 896360 840847 592046 505090 926320 293439 397510 307192 990107 506671 465886 900297 412068 861131 117520 516577 904824 991258 999999999 481653 554383 391000 577541 739298 475534 592110 873257 191280 808442 605497 872707 248616 846922 619289 628959 1045401 494671 371701 680492 941929 708954 337264 504555 947127 1062387 777962 539796 187667 500660 488341 712694 775311 919274 1035025 356301 156857 882487 447066 721121 896830 1024367 369228 490736 635059 1007773 584124 307987 911044 488439 384164 148221 781084 785849 694159 380281 194966 919648 478040 804208 913925 575360 860669 656014 777016 1105502
1197994 208683 716928 411031 845362 566155 154987 1038886 749047 539089 749083 648721 484454 104354 901462 970305 1068612 162720 685419 855071 216930 551233 470110 1261976 290795 271171 715660 837400 966609 595546 655683 809286 1012794 481653 999999999 646380 709791 98124 436466 721187 204434 918807 556455 856864 239236 993630 730071 1146032 141820 835972 1292833 373413 647290 966606 1135696 994146 744797 790057 749830 968591 814473 653469 669232 922454 234546 854505 889148 897796 973315 644028 408155 890635 836099 844888 815197 877420 774053 799597 917259 939040 682429 176986 1005606 190531 526070 497466 1098787 713783 500787 859109 488548 713855 232201 886972 813436 401957 1021727 919258 840867 955363
554127 615342 178059 391882 439539 87427 545825 430781 525622 129125 121929 265896 308433 649712 255517 352362 434301 608297 113728 394645 482182 156878 253332 637890 389212 388029 458122 513341 331533 561159 61477 389844 437459 554383 646380 999999999 301356 686052 499624 202505 559510 320755 391608 255075 537473 353681 667093 549280 702192 217344 656675 293924 246424 386078 490310 407127 443870 274773 504586 529734 223599 27770 618517 552649 435521 208132 248161 369495 491458 263340 415136 328740 445699 199892 374459 526191 448159 309702 345005 468260 36562 543478 376911 478724 171901 409567 525172 278916 356689 692787 359994 492389 432501 260482 400710 323947 375396 327878 225730 599871
598955 764741 475296 314012 738282 279754 670630 379872 235967 259208 386020 564125 563457 755630 383930 565052 451535 740407 194673 688242 496629 213515 247495 601650 549912 526184 755524 212639 515982 338955 240411 689095 680364 391000 709791 301356 999999999 782311 735353 116306 708817 562572 201456 506790 700772 518258 403057 463113 812566 258377 654683 474049 72822 290750 556726 319486 146477 114565 802817 819675 491095 274533 369815 263198 572610 366812 436513 646569 773313 68327 327214 595341 155264 385257 672155 826620 147011 101172 244312 754725 310157 550695 566599 602712 230210 258163 403306 580222 617944 398773 237243 787850 564890 480341 700154 540825 489013 265392 470814 898575
1240175 144252 733925 494880 832542 611525 145594 1094552 837944 590016 779483 649693 482080 40345 941164 991865 1116500 108901 738180 850241 301856 608839 537213 1314566 305104 298421 690039 921845 994432 690176 703202 800825 1022535 577541 98124 686052 782311 999999999 395633 782603 166180 936369 640965 877279 203094 1023626 826149 1205211 43979 886592 1340478 397789 716539 1026841 1175998 1053632 828201 854957 719478 954926 834246 696634 764803 1005341 252600 892921 921096 902210 966582 715097 494543 901542 915193 880338 809645 854476 856533 867738 978002 931826 720988 270348 1030177 207950 584044 583950 1161947 715293 487603 953120 570322 682929 254322 913033 803667 406807 1058529 976808 864990 929292
1005201 254357 450494 577854 459077 468286 282990 926055 892931 477829 538689 325628 192558 358240 717532 698398 912036 287253 598944 492329 468680 521867 517662 1118711 232640 273658 301316 932883 721796 819452 547137 437363 692378 739298 436466 499624 735353 395633 999999999 676966 233988 633995 692580 588967 197718 756516 960075 1045562 378352 715214 1122495 268973 662940 885701 937216 906507 842495 756278 325912 576804 547981 522879 897275 997164 259671 669160 669462 564091 600286 671607 593303 581457 890311 646259 452210 465840 860910 784473 843990 565651 522796 494106 744076 279167 505991 660917 1024699 384101 154435 1047755 620112 289324 269400 640840 437300 194762 813839 827445 590584 537132
517416 743704 367815 361067 629894 208681 657371 321838 352255 206026 272539 468317 493495 751658 274220 450006 372781 725830 88914 577049 519555 175148 253118 547730 518792 502916 660514 317850 402942 441647 141785 581406 564196 475534 721187 202505 116306 782603 676966 999999999 686726 446278 285518 390701 672866 407734 517218 424954 807886 153734 589715 431944 103834 245430 467762 273137 261964 79545 706770 706699 376156 174734 480448 350657 551594 252684 321735 531717 658711 119776 379519 479671 244775 269718 563244 719923 258692 109185 196078 641065 203462 578609 453713 587837 199250 330819 379386 476996 545852 514064 295265 694893 545429 364309 592615 486833 386449 200748 354660 789643
1109171 57020 582892 464504 666830 495215 62316 983457 809337 483091 640155 489132 321822 126753 809981 842068 993809 58708 628888 686324 299039 512231 462699 1196785 171194 184162 524204 876114 850063 692228 586946 636017 864448 592110 204434 559510 708817 166180 233988 686726 999999999 783865 604021 727462 37101 881084 834155 1098607 159874 770781 1215672 265780 637997 924133 1043240 949277 781475 763803 554610 789007 684316 574429 770606 953301 136366 760841 781492 741814 801889 640519 472080 744742 854343 745010 645618 688466 806363 782700 876908 767069 592162 301238 882624 110588 489280 556109 1062689 554495 322792 945126 528889 518153 143931 767764 638549 253707 922758 870316 718455 763733
404611 832654 202569 712591 287283 405207 790781 440434 798439 448928 199152 308497 465924 896747 218287 66650 369507 840584 380387 216779 785922 476560 574035 553017 632580 647689 420920 751398 115399 869676 357730 260195 119366 873257 918807 320755 562572 936369 633995 446278 783865 999999999 701461 66174 752688 150151 960694 543605 941568 328592 530168 545395 532735 463159 339635 465138 707329 479809 447848 302588 105315 333493 919077 759650 687591 206863 140653 126266 239002 550922 735872 70004 668248 181467 235118 375223 700726 517844 452949 235664 289270 845476 115004 733031 492635 726641 563545 251912 483556 958236 678309 460094 688242 85733 269247 530907 229993 415915 96411 416408
796637 655419 565571 146086 817806 326134 554183 581241 205750 284754 505783 614577 556382 621222 556761 718375 649668 622253 324018 781113 340014 240374 182268 802878 472362 437857 792720 281081 678833 169568 344594 767897 820679 191280 556455 391608 201456 640965 692580 285518 604021 701461 999999999 638602 605881 687973 285991 662565 677015 439244 855992 425210 181938 492148 750802 520841 188510 313873 840838 917485 612358 372384 230848 366186 475820 528790 593956 761090 882495 165796 148895 718658 286446 539866 756227 896926 218467 302307 445705 858158 416498 383972 729305 493433 235885 62540 599735 649927 610463 355219 75365 818214 466259 627444 777961 505193 671750 465368 605199 975506
426780 777549 144670 646755 290471 339117 731736 425871 742675 382932 134003 264634 413441 837938 192456 114698 368364 783469 320087 222389 720501 411316 508212 563736 572615 586058 401631 701451 134395 807360 294151 254050 182842 808442 856864 255075 506790 877279 588967 390701 727462 66174 638602 999999999 697283 170343 901568 536263 883974 285971 550190 483718 472906 435736 359364 441586 652636 430752 434252 331221 43152 268716 858479 715287 627064 167557 114567 148922 274419 491077 670067 91269 620099 138323 229386 382922 647829 469356 419202 263228 224330 780260 156452 672524 426973 662260 547476 215973 436015 904522 613577 441418 627303 61837 264525 473814 239840 384033 36255 434992
1084164 80385 552614 469709 630473 476862 89390 964266 811616 467720 613659 455389 288695 163815 785499 811716 971366 94859 611604 650918 314531 499567 456827 1175349 154103 174755 487130 874026 821445 702112 567885 600194 831247 605497 239236 537473 700772 203094 197718 672866 37101 752688 605881 697283 999999999 852988 844428 1080373 194827 750924 1192271 245588 629139 907390 1017823 932013 779644 750800 517529 752486 654183 553646 780765 949368 130777 736225 754506 707845 766077 632681 478988 712111 848683 719446 610179 651437 803559 771227 860755 731234 569220 323075 852944 117298 477406 560621 1046491 520551 287197 951407 530522 481081 139925 739008 602559 224626 896653 852714 689388 726637
257493 933334 306715 729577 437360 440386 879176 307856 746892 478715 244721 434070 575718 985287 134341 92825 224972 935256 368089 366864 835833 492388 594576 402866 719035 726804 567152 680711 36370 848942 366888 409715 213782 872707 993630 353681 518258 1023626 756516 407734 881084 150151 687973 170343 852988 999999999 920888 401306 1034120 260834 382147 625921 507691 349537 190973 344762 653836 416499 596291 442344 209027 354769 887393 673087 771124 160100 105548 274807 374949 525105 751726 220154 594285 156193 384579 524400 640942 450669 352262 378112 317206 897155 59038 816169 513514 724614 429879 386188 602600 896305 680942 606705 770001 115837 419013 628367 81865 313625 166251 561114
971609 878268 844324 382481 1100849 609237 776443 736633 182651 569356 773107 900209 838251 817561 786563 967221 827128 837981 581551 1060976 538227 523178 466387 931820 730639 691878 1078519 289569 919030 142405 613770 1050845 1079598 248616 730071 667093 403057 826149 960075 517218 834155 960694 285991 901568 844428 920888 999999999 780969 867890 660258 1000011 699236 428728 645779 940072 670617 272278 507224 1126602 1196648 880444 644859 63675 361277 721166 769548 838915 1033448 1157689 410584 368644 986724 364009 786845 1038065 1181633 293267 477505 611148 1135275 687353 556496 969656 727232 520992 301243 707326 933739 891432 146910 347383 1103513 710946 880649 1061136 780723 887043 642921 866394 1259509
246458 1155453 624927 773258 825541 603606 1075259 119657 601741 617400 517536 759936 853016 1172950 349569 493819 176512 1142156 469950 755976 943289 596493 677641 151046 927657 917755 929668 491994 430999 772550 512586 790297 612536 846922 1146032 549280 463113 1205211 1045562 424954 1098607 543605 662565 536263 1080373 401306 780969 999999999 1228539 331947 224395 834818 508883 179615 261409 151890 524975 361043 966504 843078 558464 529362 774885 434635 966732 390737 422435 669682 776128 517233 788375 611281 419524 419329 765646 916573 496651 362272 229132 777809 523187 1001369 456586 1005812 621427 721040 75019 733134 896354 696144 698916 969198 961614 475257 800786 872978 319991 228788 511636 959849
1255683 124057 739777 531077 824525 630609 156398 1116459 875779 611641 791047 648938 481495 56938 956247 998671 1134830 101538 759804 845744 339650 633219 566076 1334708 315600 314531 676955 957401 1004036 731127 722686 794918 1023954 619289 141820 702192 812566 43979 378352 807886 159874 941568 677015 883974 194827 1034120 867890 1228539 999999999 906727 1358318 410313 745523 1050962 1190775 1077358 863382 881586 704066 946062 840834 714245 806255 1040049 266671 907587 932778 901649 960792 744894 531847 903892 948208 893725 805006 841802 891234 895800 1002455 925938 736447 311510 1038220 224186 608730 621038 1187175 714337 482022 993575 605340 667461 269979 922113 797157 410662 1071986 999816 873389 914939
371828 827304 319547 505988 561800 276407 751466 213820 486284 297281 207847 446899 522953 852325 126812 316881 233591 816696 151037 499374 647493 288100 384114 428046 599593 592957 630678 426015 262008 593674 184247 517705 439746 628959 835972 217344 258377 886592 715214 153734 770781 328592 439244 285971 750924 260834 660258 331947 906727 999999999 457260 505507 257420 174626 317733 192361 393268 156644 672729 616766 286725 197839 628167 431100 641661 121746 190502 434792 560170 273507 525955 376969 341227 148377 495695 655097 381525 192644 142454 548892 192501 708373 311814 682642 313001 483312 310695 433978 568332 638387 445280 668708 637349 242864 529001 541079 232899 115714 250852 715329
125807 1271050 674656 950423 814381 729063 1202100 274835 818829 753754 585399 808363 933898 1305078 407991 466176 224269 1264971 608273 744412 1103565 744902 838087 81446 1045834 1043802 949298 712726 418452 980884 637872 790296 555878 1045401 1292833 656675 654683 1340478 1122495 589715 1215672 530168 855992 550190 1192271 382147 1000011 224395 1358318 457260 999999999 950486 686793 365393 191195 337392 737282 542853 977896 798467 585144 644119 989867 658653 1091773 457309 454079 649874 729398 698552 968172 599515 636291 477391 765253 896930 710867 554699 410390 741062 623515 1164024 418690 1134332 769930 910498 299292 765605 968251 919922 881416 988840 1088353 490705 799159 972135 311627 392342 538607 922271
845770 321981 343647 321702 503648 231493 254192 718710 624087 225943 381697 290905 153902 359808 546284 597561 728185 314646 366646 499121 274885 263404 248689 931012 95381 102346 414553 665654 597110 561373 322298 460729 641003 494671 373413 293924 474049 397789 268973 431944 265780 545395 425210 483718 245588 625921 699236 834818 410313 505507 950486 999999999 401230 662476 780581 686791 574337 510967 459361 624462 441181 308695 637574 732865 145212 497461 523340 530170 617662 408063 340323 518736 627481 483435 461475 556750 593702 534387 616327 584772 327144 325116 634121 190287 244144 398073 801863 352636 199881 780312 354375 429295 144282 516184 467116 81680 661706 607377 468947 638691
619417 694182 424007 265265 685961 212490 601307 414600 279217 188247 344905 502812 492939 688648 375472 543417 473633 670974 152833 639865 437531 141415 179462 640113 477700 454786 692758 277912 500357 341757 188408 636242 651940 371701 647290 246424 72822 716539 662940 103834 637997 532735 181938 472906 629139 507691 428728 508883 745523 257420 686793 401230 999999999 330866 571068 359623 199348 147910 740454 773740 452082 221426 386493 334638 501660 349721 416757 605996 731349 18188 281868 558183 227372 363212 620798 772113 208143 152383 281804 710488 261561 494013 551074 532892 157434 227526 454862 523878 547675 446378 194671 723917 494161 454451 647080 468310 489812 294604 437883 846280
325990 981115 491656 595997 722839 431105 898618 91901 463129 441329 379949 621075 694250 995098 245432 431236 184394 966148 295843 656984 763789 418020 498028 311059 753816 741939 802816 368379 367321 616387 342380 681440 558421 680492 966606 386078 290750 1026841 885701 245430 924133 463159 492148 435736 907390 349537 645779 179615 1050962 174626 365393 662476 330866 999999999 300181 28874 376628 183097 843791 763892 446197 363333 629713 337932 790908 270321 324513 582226 702023 340261 611917 522572 284415 300712 658258 816172 352749 189919 49544 696061 364952 822063 408414 829067 442802 548424 139779 605292 741067 585692 523120 841270 785427 381428 692568 706049 283897 58993 404103 870727
68055 1097522 487351 823691 625302 569790 1034443 218551 758021 600333 404999 619523 751073 1139201 234858 276730 116059 1094754 463410 555041 958552 600226 699419 218359 875729 877641 758120 668162 227262 895226 482522 599824 375998 941929 1135696 490310 556726 1175998 937216 467762 1043240 339635 750802 359364 1017823 190973 940072 261409 1190775 317733 191195 780581 571068 300181 999999999 280527 668095 442552 787024 617127 395223 482246 918418 635881 924449 283203 267883 461140 548154 585818 843684 409299 583213 298376 574733 709718 647260 465879 329258 556881 455040 1019955 230294 968288 624338 798511 315472 575109 782781 885827 762280 797678 921946 300579 608863 794922 123381 297397 349309 739600
302331 1006221 505162 624794 730527 455300 924589 66036 488048 466932 393924 636326 714592 1021621 249516 429504 164505 991872 320473 663709 791992 444814 526018 282235 778689 767547 815742 390608 365037 643815 365616 690260 556165 708954 994146 407127 319486 1053632 906507 273137 949277 465138 520841 441586 932013 344762 670617 151890 1077358 192361 337392 686791 359623 28874 280527 999999999 402671 211913 855901 767135 454661 385209 655837 355417 816530 278859 328614 586341 704107 369105 640761 526605 307920 309251 666699 823646 378057 218556 77966 699560 384440 850408 403799 855072 469696 577245 118377 617961 760554 606856 551989 854497 811193 385359 701290 728687 274987 79684 411202 876132
