NAME : synthetic_000612
TYPE : CTSP-D
DIMENSION : 100
GROUPS : 8
RELAXATION_LEVEL : 1
EDGE_WEIGHT_TYPE : EXPLICIT
EDGE_WEIGHT_FORMAT : FULL_MATRIX
EDGE_WEIGHT_SECTION
999999999 382113 385288 474723 721598 656748 628657 422653 635666 574895 726351 265432 554487 916432 903127 284775 282200 689850 462278 689140 474598 424403 382310 658686 678725 736835 983089 348040 763309 192517 876845 644167 886229 1032750 129501 1058423 419500 579595 635332 734368 646911 617785 411890 827577 577191 765429 896948 429941 131767 570472 348808 195364 26957 774576 719952 361716 860879 330799 340706 699013 137626 140639 768143 309534 365253 760180 745500 638053 183812 739915 421491 383400 636726 197750 431593 874642 647219 672478 66155 486779 1041993 692981 573938 913890 848581 590995 487510 396513 150074 841340 623543 141847 602142 325110 34516 775269 699936 751051 790822 661291
382113 999999999 414133 110560 470820 297170 246581 351999 528154 706887 345424 429259 441229 787001 689219 418502 228457 851229 628211 445050 141637 469196 345252 881441 313360 558592 863846 297194 442381 199609 730490 689300 531311 917531 314881 921751 67822 540665 683508 640483 400090 236174 94405 554658 451815 384366 593155 405363 464598 778954 174273 228687 409069 392858 390882 431537 482048 194579 72221 894815 348621 457911 483276 209803 155137 795175 363900 547387 519784 568385 483519 98131 834955 451739 316801 532661 460601 697808 344373 502620 829163 621812 701621 844477 782378 243614 504596 146446 328165 655529 259211 307963 253915 420084 348054 394148 669574 454274 413882 424453
385288 414133 999999999 519236 428264 519945 580955 103545 262779 294513 685753 147814 198772 535898 557464 118483 193996 440233 234022 397097 377867 55637 77759 490807 548793 386491 599746 117855 537961 307223 501881 288332 695328 648502 455933 676811 481877 194385 281044 351761 368977 563661 352476 536223 223234 718682 628527 60620 330397 388785 242795 441830 397010 718953 515547 43118 744940 219836 442000 491730 486702 311157 498864 205214 526917 402683 695264 259211 348939 385388 69722 328450 435725 241171 148989 661664 318043 306806 418868 106275 687356 308342 288764 529054 463577 453835 107533 291407 237229 484748 506332 461922 462194 74282 377364 687378 316889 498346 674971 369868
474723 110560 519236 999999999 505906 274051 174532 448968 605639 813301 256832 539818 522980 848141 726990 528853 337921 958336 737431 485161 186035 573581 447395 991453 280460 615017 925557 401457 440697 303613 788770 787358 496371 978993 388015 977253 55223 631204 782081 715744 443191 171125 173665 573707 529967 295656 593478 505129 567774 888847 276601 298388 501466 307108 387484 539102 415352 299693 134316 1003710 417223 562461 500722 317324 157826 889610 277976 627619 623857 626365 588926 192172 944233 560465 409404 509366 520903 793008 428636 602694 862494 702792 807781 918800 859028 243396 604742 235808 436052 704614 234851 378755 250818 529277 440210 322543 756690 467194 353948 469450
721598 470820 428264 505906 999999999 284150 423128 333488 249099 630283 486983 564569 244066 369412 221131 535659 439403 759230 628974 32825 331134 444367 375056 859262 303651 150549 444374 386957 163209 549519 306559 514076 318310 495255 724590 482521 513207 348200 514850 308614 75797 408058 379611 109423 223888 500560 201340 368625 722634 768246 381186 660256 743334 490311 183049 471377 438423 393687 541075 834381 761782 705667 80582 412774 625048 565021 481421 277436 756506 164933 465233 390842 794014 649224 303295 268775 123873 493755 721430 412872 358828 330304 622111 477665 433926 271836 414643 352415 584880 208005 307585 723358 268434 497669 697659 431352 407545 101308 389476 61257
656748 297170 519945 274051 284150 999999999 142770 419371 474732 794266 205822 608563 419011 653073 492603 586191 413396 937590 753321 276831 182705 561553 443514 1007939 28979 425654 728444 420487 172351 464233 590328 717612 234347 779401 608986 765233 305426 542963 715335 566270 250042 130224 244858 320155 412873 225502 322626 477157 709439 907191 329553 525093 682967 218973 120877 556185 226017 355780 365653 1000779 643914 697593 249883 381686 425137 796141 204013 502743 758181 439498 582045 273762 949268 666441 372110 237756 354019 709236 630605 561412 617033 572342 786988 753696 703696 69779 563578 271174 560657 491843 39521 603039 59576 565151 624858 172416 642845 213048 155136 274911
628657 246581 580955 174532 423128 142770 999999999 489825 589395 870336 106588 640146 521602 789612 634971 622703 433165 1016144 813202 412211 203412 629706 503384 1070776 133650 558572 865821 468303 312463 442890 727234 813598 331531 917498 555334 905530 222912 642951 810089 689101 379783 17938 243287 462738 520490 143229 458204 549521 705452 968126 353149 466293 655609 148727 262730 610880 241300 380561 298846 1072229 586612 696977 392650 404629 331902 902281 120836 615841 759028 571922 648481 273734 1016679 680678 443332 353404 478284 810595 589787 642412 759717 688798 863711 883211 829948 159977 644587 295360 562346 631098 115644 547019 159400 611311 594631 149593 754487 355812 179721 406018
422653 351999 103545 448968 333488 419371 489825 999999999 216864 380640 592702 231095 132001 499383 485414 202186 167274 526333 334245 301364 289686 142384 43008 588708 448323 316122 569995 78870 435195 296799 455934 338426 591901 621761 466207 641637 419046 193232 333114 323937 269658 472163 276078 442692 154543 624142 531343 59696 396987 487823 178750 432198 439666 623315 412024 144481 643349 164159 393713 584327 500744 378909 400330 161401 483951 443208 600737 224802 425868 318200 162691 257446 530960 317563 47449 558883 233641 345810 441835 155127 621716 291365 373937 520291 455042 354809 157249 213485 274020 419735 408095 469589 362613 165598 406752 588698 324823 397508 573991 273363
635666 528154 262779 605639 249099 474732 589395 216864 999999999 387922 677198 410091 89832 282541 303775 381055 381780 511395 406138 230258 422053 250324 254178 617669 501225 139845 353550 295606 405589 511582 241377 264978 565697 405780 682929 424823 589704 106722 265847 112772 233591 571783 437520 335778 76349 699964 438094 208149 592896 532058 371208 645293 650829 693686 409634 300471 669661 365782 583430 588240 717591 573741 329603 370333 675293 324086 677991 29039 611008 133710 267038 430268 551303 503800 226452 517637 129786 245767 658169 197631 426729 99534 379644 316474 254338 430764 198691 381868 485699 226019 481821 686094 433533 336241 621850 643226 168355 347351 611114 215412
574895 706887 294513 813301 630283 794266 870336 380640 387922 999999999 973308 320331 392873 550238 670372 313379 480996 146082 115117 606047 668910 241842 369624 229774 823178 524194 583492 412308 774021 573058 549235 154816 936514 616159 682795 664965 774325 282953 147699 395822 594883 852719 646830 723297 409071 1004421 825222 320977 463225 150150 537187 695912 573777 1003120 764893 275987 1013363 513611 728634 207631 704855 446541 710251 497087 808437 231793 981040 363181 442210 515247 224853 622949 163796 377946 427573 893526 506422 194308 629652 233053 765557 346615 8288 466925 417435 732751 230901 585359 460201 588210 786564 692081 739773 293955 583004 965812 287547 721918 946555 584762
726351 345424 685753 256832 486983 205822 106588 592702 677198 973308 999999999 746710 615191 856368 685604 729281 539639 1118803 918620 481942 309171 733591 608044 1176123 183509 631075 930885 574121 350864 544295 793496 910839 317549 981004 644796 963601 310599 738163 907767 771491 455811 122891 349693 505909 611792 39100 479754 652336 808345 1073601 459729 555172 753286 50937 309587 716483 180452 487147 389497 1176340 673974 800497 441758 511205 405817 995391 23318 704640 862560 645006 752699 379993 1121374 786212 545753 354640 559190 905707 683784 743698 800165 775741 966536 959424 909470 248191 745878 401809 666826 692980 195591 635586 244192 717566 692020 93131 844453 404889 145978 480730
265432 429259 147814 539818 564569 608563 640146 231095 410091 320331 746710 999999999 345308 678652 704804 29632 207529 450580 216565 532375 441371 169271 189868 456471 636237 533749 739346 191901 657013 262017 647548 378791 807299 786306 363586 818090 492376 333069 369928 493881 499336 624351 397295 673786 369801 782926 761581 206601 186172 355780 287533 376937 270704 786346 627244 110407 833809 260008 432892 478709 387698 166694 630034 235534 503022 494748 759989 404882 201129 532978 161413 367574 416569 93916 265149 779699 461143 407804 313503 232531 835170 447589 317994 658616 594388 539124 232786 346653 139959 632547 587213 372453 549005 73850 267526 765103 442853 624723 761957 504279
554487 441229 198772 522980 244066 419011 521602 132001 89832 392873 615191 345308 999999999 369775 359771 315689 293454 529293 384908 216543 342531 203515 172514 619424 446998 188767 442239 209443 381151 423011 324368 298882 543641 494828 595768 511679 504090 123964 296985 202148 202020 503726 352301 347015 24496 641049 444783 138765 522079 525918 281598 556040 571096 636531 373725 240614 628015 275958 494772 599838 630876 503384 321652 280892 586628 380735 618360 106206 545676 189031 223670 343115 555449 437117 136789 501257 123822 290727 573433 168916 492882 180689 384917 404997 341771 367007 170723 294788 405395 290104 420138 598531 371469 272736 538741 590920 235601 330110 564608 193167
916432 787001 535898 848141 369412 653073 789612 499383 282541 550238 856368 678652 369775 999999999 210833 651005 663229 622718 615555 377418 662646 510365 536368 757850 673061 233906 77424 578051 518568 792722 62888 395443 644688 130906 965235 142305 842541 345954 402605 184773 411878 773757 692952 376805 350730 869108 459077 486640 864535 698645 644615 924960 930545 858207 549675 568519 792301 642751 848836 706533 1000045 845103 423079 649820 939795 360990 850422 278395 875942 221956 522045 692066 692307 772212 505706 587983 327744 356346 940563 448467 233487 232639 542807 143352 147210 632956 448609 644710 766365 166676 674103 968194 631477 605951 903698 797575 265591 457615 752189 385181
903127 689219 557464 726990 221131 492603 634971 485414 303775 670372 685604 704804 359771 210833 999999999 675222 625639 771971 705924 244339 551122 552600 528106 895270 507222 171063 268886 555665 335631 746755 159735 524486 442063 310799 923809 282036 733807 405763 529033 276800 289131 621173 596442 182010 335345 692481 250948 498230 881136 819722 581667 866806 922103 679598 376782 598115 598183 588844 758280 854388 960624 862624 244219 603639 844097 528542 676160 319628 905421 172471 570155 604611 828088 796886 471538 385152 256059 491381 912643 501399 141885 324036 662204 350971 335205 490412 502441 562576 757511 82162 521086 924033 485957 631726 883312 616179 391579 281307 566581 265223
284775 418502 118483 528853 535659 586191 622703 202186 381055 313379 729281 29632 315689 651005 675222 999999999 192663 448363 215853 503548 422199 143226 161460 463465 614126 504162 712493 167064 630286 261397 619104 360497 781747 759897 376034 790861 483022 305916 351833 466282 471001 606594 380858 644799 340180 765015 733138 177001 213538 361501 269555 382688 292074 767901 601488 82515 811872 242173 426927 481469 402047 194123 601737 218677 500663 476963 741942 376354 230517 503448 137476 351789 420059 122746 237423 753246 431616 387831 329034 206632 805795 420569 310329 633918 569345 517033 207030 327904 149772 603120 565990 384229 526717 45131 283907 744871 418443 597003 740202 475517
282200 228457 193996 337921 439403 413396 433165 167274 381780 480996 539639 207529 293454 663229 625639 192663 999999999 624165 399755 406941 237698 249547 140415 653655 439681 463764 735300 90224 491557 129851 616591 480486 628217 787539 303114 805073 294838 356729 473608 490764 364850 417654 189974 545717 313169 576206 618091 203125 300752 550971 84014 264928 304121 580175 452998 205019 635296 57740 248626 666382 338870 287106 487867 31929 332946 592740 553417 391625 346281 468598 261066 160060 606512 253374 158826 608862 369914 495540 287018 293697 766157 458555 476130 687436 622085 343714 295397 143430 152816 568752 387876 305372 354301 191633 259112 562022 488135 473031 563172 379120
689850 851229 440233 958336 759230 937590 1016144 526333 511395 146082 1118803 450580 529293 622718 771971 448363 624165 999999999 234064 737270 814941 387908 515673 142206 966423 640720 639948 557885 908825 709758 634798 250279 1071134 662568 805770 717604 918432 411896 247499 495671 730129 998494 792684 845979 543197 1149584 948583 466639 567991 140965 682633 827269 684787 1147990 902979 419702 1154688 658698 870436 83832 824463 553632 839775 641505 948021 264763 1126228 484279 536164 630139 370688 768519 89164 492784 573077 1025970 636281 280725 749037 376413 850681 451684 152473 513152 478191 877106 374237 731335 589618 690786 931019 815899 883876 434441 702477 1109562 380420 854325 1088826 717862
462278 628211 234022 737431 628974 753321 813202 334245 406138 115117 918620 216565 384908 615555 705924 215853 399755 234064 999999999 601046 609791 193578 311588 257584 782232 545954 658987 345232 758013 476869 603941 235262 918752 697001 573880 741050 694311 300685 226249 443850 581609 796118 578818 730411 405683 952064 829441 278379 348309 154996 466454 593217 460066 952656 741181 202451 977593 440671 641674 266845 594276 331841 706049 420707 716514 334504 928664 386876 327432 539588 172414 552195 206803 264651 381286 880789 507334 274283 518848 216304 815324 392428 115943 551872 495813 687710 214610 520065 355611 624939 740330 583663 695940 208167 472146 921363 350708 711901 908137 576514
689140 445050 397097 485161 32825 276831 412211 301364 230258 606047 481942 532375 216543 377418 244339 503548 406941 737270 601046 999999999 306881 414744 342722 834348 298587 149273 453652 354155 175633 518085 315033 494405 335555 505554 693568 496472 489791 325433 494699 299937 45623 396452 352777 142056 197626 497919 231553 337790 689832 742121 349872 630367 710775 488669 186291 440182 445815 361788 514571 811257 730739 672885 105109 380555 599814 550830 477921 259110 723848 163350 435752 362607 769551 616662 270592 288730 101264 475997 689573 385413 384214 316933 597931 478114 430950 256829 387239 322930 552100 221523 296686 692532 254638 465933 665398 431799 393238 117366 392895 28450
474598 141637 377867 186035 331134 182705 203412 289686 422053 668910 309171 441371 342531 662646 551122 422199 237698 814941 609791 306881 999999999 427503 300496 867368 206397 430154 740029 264969 305498 282158 603779 621706 412322 793544 434760 793246 183165 457036 617407 530921 262868 186410 63775 413021 347275 343703 454027 349133 528244 764714 154371 355714 500666 345895 255906 407475 398700 181802 213559 869473 470857 517066 341717 207128 294199 717577 320452 445209 578223 441166 445874 91218 813516 490514 244558 405207 335099 622807 451202 444188 689954 520328 662480 733406 674297 116570 446340 94813 380027 522513 152361 430088 127717 408609 443125 324420 577987 313252 326666 288295
424403 469196 55637 573581 444367 561553 629706 142384 250324 241842 733591 169271 203515 510365 552600 143226 249547 387908 193578 414744 427503 999999999 127795 446397 590520 383525 570147 172230 566017 360400 481802 234682 725994 617042 503352 649145 536984 164412 227087 325701 391602 612214 405345 549708 226807 765646 645706 84901 355401 345879 296981 493855 433657 765181 547847 62689 784894 274691 497636 442757 532787 335919 518860 260685 582411 350077 742225 240785 365816 380366 21392 382192 388686 262139 189823 689269 327152 255507 462837 63409 676863 278586 235714 490960 426225 497190 63816 343632 280186 476215 550431 509988 504985 99735 419683 731080 275881 522066 715939 388861
382310 345252 77759 447395 375056 443514 503384 43008 254178 369624 608044 189868 172514 536368 528106 161460 140415 515673 311588 342722 300496 127795 999999999 568550 472273 358453 605592 51039 471042 266947 494808 345548 625489 656746 431696 678665 413021 216786 339322 357870 309548 486044 277790 484406 195768 640923 571736 63074 353988 466453 171331 403297 398607 641213 445121 112875 669001 151375 380001 568980 465436 335901 440280 142115 468219 455199 617505 259317 383103 360172 145474 255415 513358 274947 77143 594499 276646 357631 404228 157991 663934 321927 363508 550043 484423 376805 159896 215888 232919 461660 429018 435778 385361 127900 367703 610074 347898 435897 598640 314544
658686 881441 490807 991453 859262 1007939 1070776 588708 617669 229774 1176123 456471 619424 757850 895270 463465 653655 142206 257584 834348 867368 446397 568550 999999999 1036909 753336 779059 602776 999972 717096 765413 371232 1162217 803349 783463 857632 946426 512631 366318 618745 821122 1053674 835758 953058 636840 1209395 1054929 530867 528668 102955 723231 819787 648302 1209759 987955 460010 1230753 697087 889266 70989 796281 518078 938936 676292 958350 404409 1185984 592703 485886 744049 426046 808656 67193 471547 636102 1120679 735402 406628 722531 453968 982243 571476 238042 653417 615505 943383 451927 777470 585857 813275 996401 794753 951303 463388 677582 1177259 505735 949429 1162183 812300
678725 313360 548793 280460 303651 28979 133650 448323 501225 823178 183509 636237 446998 673061 507222 614126 439681 966423 782232 298587 206397 590520 472273 1036909 999999999 447816 747860 448733 179186 486345 610210 745741 219064 798315 627081 782455 315980 570962 743548 591074 274220 124072 267231 331390 440404 200379 324967 506135 734344 936139 355709 541987 705108 192788 131108 584890 197778 382207 379987 1029730 661526 722814 263197 408095 434732 823308 179647 529405 783647 461811 611002 296817 978246 692951 401048 228945 379086 736949 650747 590295 628352 598363 815890 776445 727454 97119 592460 296872 585788 510357 55286 620726 87489 593545 646461 143999 669488 226084 126506 298454
736835 558592 386491 615017 150549 425654 558572 316122 139845 524194 631075 533749 188767 233906 171063 504162 463764 640720 545954 149273 430154 383525 358453 753336 447816 999999999 311245 388800 312896 589008 173754 390666 462204 364388 765614 363512 611559 246206 393223 162291 179026 542291 464189 208530 164387 647161 310578 327168 710558 670280 429348 714947 754905 637773 332809 427374 588871 432557 623239 720049 801921 691953 222712 444483 712937 425090 627194 161514 734368 14384 401780 466308 686501 625852 306366 409279 98929 364271 750054 335371 305620 193058 515908 328898 283421 400410 336602 420451 589605 105001 443651 766830 399543 460731 718558 580239 270264 250307 539626 152588
983089 863846 599746 925557 444374 728444 865821 569995 353550 583492 930885 739346 442239 77424 268886 712493 735300 639948 658987 453652 740029 570147 605592 779059 747860 311245 999999999 648855 589845 865060 138668 429935 709662 53686 1036198 82067 919735 406632 437980 248735 488858 850104 769898 443904 424240 942693 519834 553339 925516 728448 719541 998228 996225 931405 623006 630072 861315 716829 925189 723042 1070586 906036 494507 723022 1016311 375190 924384 346310 933824 299369 580127 768579 715342 832186 578816 652748 405059 389912 1009587 507197 252590 291958 576572 129286 166118 709705 507108 721055 833236 238405 750230 1039529 708047 667740 971666 870098 309535 529807 823649 462135
348040 297194 117855 401457 386957 420487 468303 78870 295606 412308 574121 191901 209443 578051 555665 167064 90224 557885 345232 354155 264969 172230 51039 602776 448733 388800 648855 999999999 466373 218649 533808 395820 615415 700630 387361 720262 365013 266526 389422 402663 316617 451376 235213 496047 230945 608281 577887 114110 335678 499990 124943 354593 366475 609711 435451 142782 646470 102616 329560 607526 421998 318804 445912 91332 417371 506070 584946 303567 371148 392049 187576 210650 550216 265984 85160 588502 300387 408537 364066 208178 694013 369034 406607 597765 532311 351886 210025 175089 202099 493384 402210 390720 361246 145242 330327 582524 398000 437299 575137 325706
763309 442381 537961 440697 163209 172351 312463 435195 405589 774021 350864 657013 381151 518568 335631 630286 491557 908825 758013 175633 305498 566017 471042 999972 179186 312896 589845 466373 999999999 575312 456206 668770 162506 637760 738137 615966 464842 497382 668701 471795 179140 301540 367557 155045 365742 356855 152953 483228 791187 904683 415445 661035 787883 344127 53217 579640 276666 436386 514273 980798 774695 776430 95490 460525 584457 726254 340673 434527 833085 327236 587408 389821 936450 731139 393919 123705 275952 651345 748944 546570 450547 491958 766054 636253 595459 200964 548556 367526 644333 352054 208690 734152 191873 598926 734564 281242 568633 62708 233807 191478
192517 199609 307223 303613 549519 464233 442890 296799 511582 573058 544295 262017 423011 792722 746755 261397 129851 709758 476869 518085 282158 360400 266947 717096 486345 589008 865060 218649 575312 999999999 745282 595045 694135 917357 177074 934400 250153 483608 587487 620553 473749 430750 219376 651446 442260 583066 713779 328026 265075 617360 168372 136412 218780 590808 530238 305564 670539 157943 179036 740706 213880 258977 587948 144607 241278 709884 562096 521403 320609 594675 367430 191018 678583 261138 287347 683958 492951 613925 174278 412254 888206 587682 569428 816388 750896 398642 413726 207937 136180 693699 431218 177832 409792 280323 161065 586843 614215 567786 599895 491452
876845 730490 501881 788770 306559 590328 727234 455934 241377 549235 793496 647548 324368 62888 159735 619104 616591 634798 603941 315033 603779 481802 494808 765413 610210 173754 138668 533808 456206 745282 999999999 396192 584878 191134 919565 191789 784703 319064 402332 160806 350343 711474 636195 316510 303530 806236 402213 449187 832192 699190 592923 875746 892191 795368 486845 537163 730564 592705 793650 718413 954935 812893 360739 601327 884112 380190 787535 242771 847170 162667 495422 636636 698843 741460 457990 528376 269992 359090 897722 422036 216919 212109 541431 192395 176905 571052 422461 589805 726963 105030 611671 921962 569380 573994 862394 734837 261765 395028 689688 323606
644167 689300 288332 787358 514076 717612 813598 338426 264978 154816 910839 378791 298882 395443 524486 360497 480486 250279 235262 494405 621706 234682 345548 371232 745741 390666 429935 395820 668770 595045 396192 999999999 829917 464691 734062 511728 756754 175092 9302 247718 492514 795662 614173 596924 307881 938137 699549 284045 552332 303648 515079 728383 649088 934282 668314 292643 925645 496736 725380 330973 761679 533639 594575 487101 812692 116617 915213 236845 544781 379926 229610 595819 304165 459065 379137 782505 393205 40057 689372 187644 613012 201850 147472 317477 264342 663356 185797 551680 508137 442696 717033 741403 668544 324752 644403 889711 134834 611749 863210 477381
886229 531311 695328 496371 318310 234347 331531 591901 565697 936514 317549 807299 543641 644688 442063 781747 628217 1071134 918752 335555 412322 725994 625489 1162217 219064 462204 709662 615415 162506 694135 584878 829917 999999999 752856 843146 721581 534584 659475 830096 624079 341642 328957 475866 268447 528183 305131 195403 642345 928728 1066471 547001 759434 912005 287986 180423 736180 168851 570959 598873 1143300 878201 915323 240027 596374 652544 883197 298696 594447 974123 476159 747374 503181 1098853 876019 548577 56930 436712 811282 863202 708549 525978 648454 928552 773250 738930 295779 710553 492438 779963 480245 272156 837317 284645 753092 855198 225934 725811 218353 171636 353366
1032750 917531 648502 978993 495255 779401 917498 621761 405780 616159 981004 786306 494828 130906 310799 759897 787539 662568 697001 505554 793544 617042 656746 803349 798315 364388 53686 700630 637760 917357 191134 464691 752856 999999999 1087854 60267 973381 454584 473124 299072 541464 901923 823583 489415 477190 992026 560840 603476 972362 758247 772822 1050867 1045396 980428 672395 677671 907169 769831 978822 744669 1122041 952880 542736 775706 1069967 399189 974039 397467 979031 352685 626162 822239 741091 878631 631529 695940 458643 424692 1060367 553804 272739 340170 609582 150486 201189 761981 553605 774692 883109 288026 801864 1091349 760135 715376 1021966 918621 350835 578498 871386 514723
129501 314881 455933 388015 724590 608986 555334 466207 682929 682795 644796 363586 595768 965235 923809 376034 303114 805770 573880 693568 434760 503352 431696 783463 627081 765614 1036198 387361 738137 177074 919565 734062 843146 1087854 999999999 1107343 334454 644430 725704 789369 648805 547255 371370 824534 616045 683665 881750 488724 260532 692294 343872 89627 148495 694867 690087 442324 794931 334967 256577 820591 37209 267545 759011 321179 255486 850648 665677 690487 313312 770993 505107 348361 757928 314521 461936 839654 669926 758274 63368 561931 1065279 753250 680895 980286 914552 549284 563059 376193 226433 870424 572257 12622 560228 409313 105944 704825 771903 736552 728004 667332
1058423 921751 676811 977253 482521 765233 905530 641637 424823 664965 963601 818090 511679 142305 282036 790861 805073 717604 741050 496472 793246 649145 678665 857632 782455 363512 82067 720262 615966 934400 191789 511728 721581 60267 1107343 999999999 975042 485027 519835 325052 535379 890570 827386 463818 492165 972403 527278 628516 1004215 809206 784255 1066039 1072279 960026 654023 708353 880016 783347 985330 800218 1142235 984750 522315 791097 1075650 453241 955327 420395 1013743 353376 659768 828299 794555 911283 647162 664904 461159 471685 1082866 586526 222171 370560 658117 204474 247555 753087 586520 781560 908378 275065 790072 1110203 750381 745936 1045923 897136 391408 558911 848214 508753
419500 67822 481877 55223 513207 305426 222912 419046 589704 774325 310599 492376 504090 842541 733807 483022 294838 918432 694311 489791 183165 536984 413021 946426 315980 611559 919735 365013 464842 250153 784703 756754 534584 973381 334454 975042 999999999 606442 751030 701430 446001 216951 152197 589189 513411 349580 617623 472927 513500 844181 241906 244902 446246 360469 411913 498740 464130 262398 79261 961081 364564 508577 516569 277277 120009 862039 331266 609961 569773 622075 551206 162821 900910 508813 382733 543082 514920 764783 373786 570265 871878 684768 769119 905342 844023 264056 572250 210203 383959 705432 265939 325542 272969 486368 384988 372326 734531 484932 400266 471458
579595 540665 194385 631204 348200 542963 642951 193232 106722 282953 738163 333069 123964 345954 405763 305916 356729 411896 300685 325433 457036 164412 216786 512631 570962 246206 406632 266526 497382 483608 319064 175092 659475 454584 644430 485027 606442 999999999 173560 161346 319418 625026 457800 440514 133223 764573 542298 156127 519189 425594 370207 620005 591346 760277 494352 223454 750787 357236 586128 486189 676757 499723 428553 354201 676816 260636 741795 86234 530085 239192 176659 443622 446713 426398 223863 614089 224672 167684 611184 103077 520983 114675 274716 336150 270442 490130 103435 396739 430899 325497 543521 649387 494901 261111 570782 714878 131710 442429 688122 306111
635332 683508 281044 782081 514850 715335 810089 333114 265847 147699 907767 369928 296985 402605 529033 351833 473608 247499 226249 494699 617407 227087 339322 366318 743548 393223 437980 389422 668701 587487 402332 9302 830096 473124 725704 519835 751030 173560 999999999 252427 491948 792158 609050 598873 306671 935332 701502 278154 543146 297052 509248 720590 640141 931644 667505 284573 924345 490616 718963 327460 753189 524469 595399 480645 806024 125145 912363 237999 535493 382706 221559 590380 299172 449929 374350 783051 393445 48457 680772 181334 619037 205739 140208 326204 272575 660514 179444 546511 499684 447123 714261 733103 665833 316395 635738 887541 140651 612064 861543 477241
734368 640483 351761 715744 308614 566270 689101 323937 112772 395822 771491 493881 202148 184773 276800 466282 490764 495671 443850 299937 530921 325701 357870 618745 591074 162291 248735 402663 471795 620553 160806 247718 624079 299072 789369 325052 701430 161346 252427 999999999 316993 671834 549249 368987 188833 791402 469714 304620 679796 545858 483745 755300 747669 783628 486183 383781 745545 477624 696193 577764 823296 660359 384170 481088 788053 264358 770239 99153 691430 148766 337823 542731 551596 587447 337969 571499 212306 214947 761295 264189 372259 51441 387772 204003 143377 529207 264420 494345 584502 195196 577943 793133 530693 421254 723030 729373 115520 409804 692426 293812
646911 400090 368977 443191 75797 250042 379783 269658 233591 594883 455811 499336 202020 411878 289131 471001 364850 730129 581609 45623 262868 391602 309548 821122 274220 179026 488858 316617 179140 473749 350343 492514 341642 541464 648805 535379 446001 319418 491948 316993 999999999 363375 307479 181060 186938 474599 262309 311288 651805 726497 305402 584951 668959 466645 176332 411741 436073 318192 469313 801692 685994 635241 130743 337687 555012 557607 453671 262556 687558 192201 412899 317006 757402 581253 234959 299873 106000 477529 645843 368329 429491 327136 586914 504441 453661 221395 370277 277378 511946 261526 265325 647611 220578 435228 622548 412847 401037 130480 378237 26746
617785 236174 563661 171125 408058 130224 17938 472163 571783 852719 122891 624351 503726 773757 621173 606594 417654 998494 796118 396452 186410 612214 486044 1053674 124072 542291 850104 451376 301540 430750 711474 795662 328957 901923 547255 890570 216951 625026 792158 671834 363375 999999999 228031 450329 502706 158585 449012 531859 692401 951068 337089 458586 644717 162942 250932 593860 247849 364550 291243 1054804 579095 683621 379659 388819 328950 884390 135771 598164 745641 555568 631055 258680 999382 666113 425609 348100 461259 792667 580233 624612 747090 671212 846075 866390 812863 142932 626787 278959 548529 615919 100536 539223 142814 594679 583905 158072 736725 342996 183414 389705
411890 94405 352476 173665 379611 244858 243287 276078 437520 646830 349693 397295 352301 692952 596442 380858 189974 792684 578818 352777 63775 405345 277790 835758 267231 464189 769898 235213 367557 219376 636195 614173 475866 823583 371370 827386 152197 457800 609050 549249 307479 228031 999999999 467944 361244 386442 514333 333255 470484 732806 112587 293626 438131 390867 318796 377006 455438 139267 161844 842564 407626 460229 398058 162189 249194 715945 363776 457978 521889 474013 422006 31003 784766 438640 235765 468921 366258 619370 387477 430611 736958 532896 640906 753183 691831 180098 432691 62614 323655 561332 212301 366931 191225 372892 380074 376551 584256 371552 383867 331303
827577 554658 536223 573707 109423 320155 462738 442692 335778 723297 505909 673786 347015 376805 182010 644799 545717 845979 730411 142056 413021 549708 484406 953058 331390 208530 443904 496047 155045 651446 316510 596924 268447 489415 824534 463818 589189 440514 598873 368987 181060 450329 467944 999999999 325091 511282 102630 476178 831697 865218 483340 756238 849834 498078 200365 579333 417756 497843 626469 923778 861730 814833 72985 518106 705628 633036 495536 361978 865900 221043 570254 483211 886900 758647 412647 212170 223379 572097 824689 514208 297054 401534 715037 505136 473233 330682 515857 449011 692902 211798 352501 822566 324159 606380 802710 434391 478793 107897 384572 170480
577191 451815 223234 529967 223888 412873 520490 154543 76349 409071 611792 369801 24496 350730 335345 340180 313169 543197 405683 197626 347275 226807 195768 636840 440404 164387 424240 230945 365742 442260 303530 307881 528183 477190 616045 492165 513411 133223 306671 188833 186938 502706 361244 325091 999999999 636498 423774 163261 546294 544601 296515 574258 594122 631327 361185 264989 617764 292645 507508 615257 651412 527637 302539 299091 599350 383749 614049 97934 570133 164925 246695 353959 572288 461559 155008 484463 101735 296689 594983 189381 468850 173076 401015 392734 330674 363837 191092 305562 428433 266185 416269 618525 367615 297225 560906 583955 234079 312855 555715 175691
765429 384366 718682 295656 500560 225502 143229 624142 699964 1004421 39100 782926 641049 869108 692481 765015 576206 1149584 952064 497919 343703 765646 640923 1209395 200379 647161 942693 608281 356855 583066 806236 938137 305131 992026 683665 972403 349580 764573 935332 791402 474599 158585 386442 511282 636498 999999999 477355 683637 846909 1107058 495589 594038 792365 17964 319694 750259 154917 523070 428531 1208332 712675 838913 450151 547398 443435 1020227 23425 727806 900979 661268 785027 416948 1153950 823808 576956 346909 579297 931775 722859 773781 802513 797805 997536 976033 927699 274824 775962 437193 704925 704329 221112 674396 269680 752308 731104 80583 867868 413811 135464 498752
896948 593155 628527 593478 201340 322626 458204 531343 438094 825222 479754 761581 444783 459077 250948 733138 618091 948583 829441 231553 454027 645706 571736 1054929 324967 310578 519834 577887 152953 713779 402213 699549 195403 560840 881750 527278 617623 542298 701502 469714 262309 449012 514333 102630 423774 477355 999999999 569340 911713 966242 548504 807662 920429 462009 206133 671581 360164 566321 665286 1026246 918673 895617 131983 588633 737084 734050 465379 464494 949031 322740 666569 534212 988918 843257 497205 139785 322264 674546 888056 613149 331581 503629 816974 594048 567253 353593 614865 506582 768873 300653 360287 878540 344704 696619 870025 397106 580681 146072 343136 258678
429941 405363 60620 505129 368625 477157 549521 59696 208149 320977 652336 206601 138765 486640 498230 177001 203125 466639 278379 337790 349133 84901 63074 530867 506135 327168 553339 114110 483228 328026 449187 284045 642345 603476 488724 628516 472927 156127 278154 304620 311288 531859 333255 476178 163261 683637 569340 999999999 385720 430683 231096 464426 443938 682652 463625 103454 700105 212924 442390 525079 521486 366744 440403 204985 531024 392507 660239 208264 407276 326618 105966 313018 472297 298897 106682 606764 257431 294893 457405 97575 629595 265214 314252 491565 425833 413462 99614 270686 279955 426741 466955 493478 421021 134042 418492 647252 286190 441336 631320 310891
131767 464598 330397 567774 722634 709439 705452 396987 592896 463225 808345 186172 522079 864535 881136 213538 300752 567991 348309 689832 528244 355401 353988 528668 734344 710558 925516 335678 791187 265075 832192 552332 928728 972362 260532 1004215 513500 519189 543146 679796 651805 692401 470484 831697 546294 846909 911713 385720 999999999 443295 382019 315956 119639 853990 753658 296017 925852 357778 438326 571583 268886 19483 779993 332473 479420 665472 825542 589435 57077 711100 346599 439725 509859 94525 419866 909470 630557 584745 197539 418560 1014807 633748 463405 843161 779410 640482 418760 438661 149011 811921 680605 272633 651368 258629 156327 846040 627338 768755 854129 661383
570472 778954 388785 888847 768246 907191 968126 487823 532058 150150 1073601 355780 525918 698645 819722 361501 550971 140965 154996 742121 764714 345879 466453 102955 936139 670280 728448 499990 904683 617360 699190 303648 1066471 758247 692294 809206 844181 425594 297052 545858 726497 951068 732806 865218 544601 1107058 966242 430683 443295 999999999 620276 723913 562373 1107609 890679 357265 1130770 594138 788003 128541 707429 430861 847126 573402 858596 362730 1083656 508771 405863 661984 325190 705709 66614 378122 535103 1026370 644763 342323 632720 358186 915640 496375 158124 607921 562478 842082 356227 674588 488031 737580 894891 703201 850166 360475 586938 1075868 437430 855830 1061754 719073
348808 174273 242795 276601 381186 329553 353149 178750 371208 537187 459729 287533 281598 644615 581667 269555 84014 682633 466454 349872 154371 296981 171331 723231 355709 429348 719541 124943 415445 168372 592923 515079 547001 772822 343872 784255 241906 370207 509248 483745 305402 337089 112587 483340 296515 495589 548504 231096 382019 620276 999999999 285950 372867 498824 374239 265082 551317 27527 216095 730830 381001 369215 420914 52820 307327 621750 472581 386753 429164 436429 312516 86054 672647 337386 148165 530008 331255 524234 341396 328364 723482 459136 531527 686189 622288 259947 330345 59649 233070 532831 303880 343237 270612 260312 321523 478772 500837 402480 479193 323476
195364 228687 441830 298388 660256 525093 466293 432198 645293 695912 555172 376937 556040 924960 866806 382688 264928 827269 593217 630367 355714 493855 403297 819787 541987 714947 998228 354593 661035 136412 875746 728383 759434 1050867 89627 1066039 244902 620005 720590 755300 584951 458586 293626 756238 574258 594038 807662 464426 315956 723913 285950 999999999 219674 605264 611581 436660 706405 283175 167452 850574 120582 318251 688489 275214 170978 843910 576079 656231 372215 721634 499371 273938 787828 348951 419421 758432 617137 748588 136979 547513 1008690 723459 692990 952301 886889 467842 548924 307968 237730 818715 487608 80740 478603 408216 163129 615860 750616 663857 640085 605347
26957 409069 397010 501466 743334 682967 655609 439666 650829 573777 753286 270704 571096 930545 922103 292074 304121 684787 460066 710775 500666 433657 398607 648302 705108 754905 996225 366475 787883 218780 892191 649088 912005 1045396 148495 1072279 446246 591346 640141 747669 668959 644717 438131 849834 594122 792365 920429 443938 119639 562373 372867 219674 999999999 801528 744963 371125 887678 354108 367375 690793 151038 131627 791175 332235 390188 764571 772450 652199 167468 757605 429483 409449 628863 195873 450730 899876 666488 678508 85905 496564 1060363 705297 573207 924271 859198 616970 497189 421582 165702 859118 649955 161079 628114 333957 61319 802174 709535 774663 817556 682796
774576 392858 718953 307108 490311 218973 148727 623315 693686 1003120 50937 786346 636531 858207 679598 767901 580175 1147990 952656 488669 345895 765181 641213 1209759 192788 637773 931405 609711 344127 590808 795368 934282 287986 980428 694867 960026 360469 760277 931644 783628 466645 162942 390867 498078 631327 17964 462009 682652 853990 1107609 498824 605264 801528 999999999 308535 751238 136992 526344 439110 1207641 724330 845647 438042 550952 456748 1014885 29218 721716 907704 651942 784767 421583 1153744 829049 576000 330536 571808 927181 733038 771848 788196 791090 996153 966663 919067 271635 774029 440009 711066 692999 217663 685775 265857 754183 740332 64916 861817 401958 119302 490403
719952 390882 515547 387484 183049 120877 262730 412024 409634 764893 309587 627244 373725 549675 376782 601488 452998 902979 741181 186291 255906 547847 445121 987955 131108 332809 623006 435451 53217 530238 486845 668314 180423 672395 690087 654023 411913 494352 667505 486183 176332 250932 318796 200365 361185 319694 206133 463625 753658 890679 374239 611581 744963 308535 999999999 556096 260447 396625 462546 972430 726414 739552 132564 421465 531637 733341 301705 438648 797392 347156 569174 342400 925708 697583 368283 155895 280628 653849 703051 534084 497403 501204 757101 660706 616071 148353 536147 323439 605663 384634 156093 685727 139000 572677 690435 248491 576288 95502 206903 194905
361716 431537 43118 539102 471377 556185 610880 144481 300471 275987 716483 110407 240614 568519 598115 82515 205019 419702 202451 440182 407475 62689 112875 460010 584890 427374 630072 142782 579640 305564 537163 292643 736180 677671 442324 708353 498740 223454 284573 383781 411741 593860 377006 579333 264989 750259 671581 103454 296017 357265 265082 436660 371125 751238 556096 999999999 781803 240048 453056 465749 471146 276585 541781 221903 534633 408952 726883 294553 310644 425763 63034 351100 407775 204303 188140 703338 360808 315953 400626 125466 726515 338123 271119 553247 488338 489081 126067 317715 218020 524312 540866 449296 497811 37706 357199 721836 338441 540856 711320 412910
