NAME : synthetic_000864
TYPE : CTSP-D
DIMENSION : 100
GROUPS : 8
RELAXATION_LEVEL : 1
EDGE_WEIGHT_TYPE : EXPLICIT
EDGE_WEIGHT_FORMAT : FULL_MATRIX
EDGE_WEIGHT_SECTION
999999999 1159581 717409 311625 515427 543327 1059580 908740 74464 751198 745722 1024685 726427 946607 1184468 677403 919767 645671 762645 788763 227010 1137146 981376 623330 966260 838841 771462 660417 682975 593478 952940 830170 368575 247152 997819 1170800 758359 849000 989910 797984 487853 615821 488382 924748 926219 611347 541875 942397 868483 134250 763143 650043 263526 954040 508167 899973 880352 576640 489687 990634 624858 961522 562965 896748 396365 586837 851198 751925 307546 745878 737880 849666 657188 1307586 902707 1111014 752538 396231 569514 496143 274418 142527 939681 1101518 643597 631485 910065 358589 1125378 1074953 493696 748405 655469 1031030 644161 862435 924061 912401 720964 1047757
1159581 999999999 444148 1031652 651703 931603 264746 276015 1125915 684492 574703 350047 839016 377979 34245 495710 242652 617331 423566 855283 989736 90216 438181 805143 193854 406123 504897 567910 749870 902616 378233 407197 867726 935982 727075 292065 414030 423592 560870 599912 672542 566955 803927 613029 533908 682487 651308 635511 807554 1039197 651184 925805 1007580 566415 745352 587929 292929 635213 799689 602924 795987 621669 790946 266780 823105 585228 312536 445405 939633 424613 559926 574128 527645 222846 282142 205061 411972 854205 642909 663483 885193 1061729 564624 448472 578548 580683 604736 811132 72756 384947 687862 737438 880480 456460 683255 802827 288441 710341 486569 161977
717409 444148 999999999 629297 227932 600884 413702 198689 688147 401192 282203 424517 595593 364128 470999 128752 212962 308051 156745 641628 563813 433944 440462 509730 253726 261159 292610 250748 426258 593041 316627 250226 433768 504618 656920 528322 62005 232003 532786 352134 229559 139671 395132 458851 463680 308926 220843 488399 643880 595205 441257 639449 592250 510009 332118 486021 194416 220153 390644 563094 501103 491664 462497 179341 388371 180235 133851 112966 527370 112390 323026 435366 169271 615675 225573 440364 90735 424774 273181 223782 443234 617723 433732 547169 189889 236611 441683 379544 408075 489977 248637 514073 599509 495082 330790 636700 226904 526020 132895 355698
311625 1031652 629297 999999999 401753 236070 871545 826497 237290 826946 773829 817682 427396 741935 1049754 539186 791446 432759 608319 486499 128061 987519 755654 338281 842212 651709 563785 470390 782052 288768 927370 645970 483416 183418 713105 971655 686079 826334 735330 843051 433442 584300 591629 977143 681160 668797 542896 1001395 571987 324564 504352 341314 66725 699681 576374 643861 738730 586784 590475 727510 342275 1015519 294174 794381 481465 455156 753705 706205 106387 609294 517106 601663 504472 1136383 751957 933896 625986 509913 389014 423198 291500 369748 976313 868223 643333 452506 959990 271421 1015616 856214 493717 468334 352070 797751 708673 566616 856079 995949 690033 892568
515427 651703 227932 401753 999999999 405009 548527 426152 475641 500568 412956 523893 457599 447406 674332 161980 409289 202629 247901 516401 339523 622988 498423 348851 458004 333722 289618 179878 486706 411133 530158 323836 325950 284278 617194 662306 284390 432559 544540 488067 90449 204834 356779 617031 472522 353407 206130 644531 550086 407983 363894 467766 364683 512103 304717 468031 365937 244586 353037 560413 342165 654229 284236 398977 287227 72082 356068 308871 299447 230978 278621 411153 145589 792182 387396 596681 240036 332611 114899 62593 246752 440722 605655 619716 278225 145891 599225 159745 625840 580861 180191 405795 435725 553047 391394 542552 454426 659059 299331 532568
543327 931603 600884 236070 405009 999999999 727852 779285 469983 899419 817781 659606 195036 591169 943077 481215 707793 317745 522265 251229 328544 871332 583366 136076 757898 526995 428739 373266 874093 54222 917366 524907 623215 350867 487452 813096 662820 827088 536059 892669 476623 609821 707484 1022036 494075 745245 600453 1049524 339441 529499 316319 106926 280483 502215 673009 447559 648245 642743 705023 520436 144002 1059181 143161 733148 605339 424030 700846 702002 254548 540218 374286 417047 439585 995430 651734 796551 563709 644378 327705 454692 436878 576513 1009790 683406 682741 372577 1004227 359168 931663 685190 561116 256370 117309 615958 785083 334604 818016 1061892 699618 777111
1059580 264746 413702 871545 548527 727852 999999999 359277 1012054 774488 651437 86349 604264 137091 257677 389991 230403 438787 302498 610532 859209 177413 177015 593520 229910 222749 308328 406065 819557 690211 531465 230420 836750 817098 462886 115982 421634 525248 296849 702275 602593 553205 808672 760594 277275 716441 631901 787956 553062 956506 421451 701879 862327 305043 745579 333232 220984 633849 804182 338789 584940 780378 597143 305892 791720 476498 331799 478871 794826 330963 358550 330776 403549 267948 188803 71554 336220 831678 495450 583840 795227 988583 717863 192850 597658 431042 747659 701135 309479 125061 651467 503308 657032 191779 731892 549016 399978 851236 518085 121929
908740 276015 198689 826497 426152 779285 359277 999999999 883422 427056 308776 409327 741740 380780 307968 299051 135703 467584 267232 777452 762356 297868 463608 673306 131112 324964 402140 409214 483992 764077 182237 318142 596410 702612 732828 455664 150405 168069 581243 348623 423334 298668 528092 401894 524856 407181 381447 429710 759232 782443 565507 803215 790756 569433 470118 564331 180747 361497 523878 619482 664187 423436 636975 62013 552557 372771 78744 170254 725506 240358 449356 526112 340094 481229 204687 352249 215788 581279 456390 420700 636261 800544 360572 538773 302917 406712 388597 577842 223923 471489 422273 648587 760290 508439 410258 752777 47259 491964 210876 254262
74464 1125915 688147 237290 475641 469983 1012054 883422 999999999 762200 744542 972904 654927 894852 1149416 636520 884205 589371 719691 716717 161675 1098487 925429 553993 932071 789892 717677 608724 699047 520669 941316 781747 379991 194989 929725 1121417 733365 836901 928026 801817 460088 597494 501237 931879 866018 615097 529383 951352 797729 149176 699360 576523 191394 892065 511999 837418 841484 567446 501892 926990 555948 969402 495851 866737 400412 545398 821767 732976 240588 706454 681181 788479 612920 1264937 862077 1066145 715372 408643 517939 464487 248577 177564 943036 1044506 633477 581467 916431 316017 1095612 1020927 479273 680541 583009 973739 650445 791810 902184 927279 704978 1007310
751198 684492 401192 826946 500568 899419 774488 427056 762200 999999999 123662 806912 953143 756649 718568 512795 544371 673248 557936 1008204 714151 722521 836593 848461 555777 660941 690184 624539 82660 910514 320160 650266 383346 649262 1055595 878774 365040 262391 933746 86825 422804 306550 262816 177300 864871 158402 298975 191799 1026799 619170 825978 968182 767369 911193 254265 885887 561339 257003 261573 964278 841387 212057 784798 470843 362808 509470 442863 302263 723590 513573 712897 833673 544020 902146 593327 777181 491147 355208 604489 445501 543861 611230 204323 935102 229955 599147 165142 562141 617763 872520 340913 887711 936146 889554 118299 1019358 399975 169149 269938 679677
745722 574703 282203 773829 412956 817781 651437 308776 744542 123662 999999999 683257 853476 633541 608349 400111 421655 568471 438493 905705 671619 606313 713891 753935 435251 539664 573995 516545 175666 823261 234237 529152 382396 605727 938948 756785 242281 152323 813049 75554 347323 208864 275814 205561 745016 139488 230933 232138 918129 611472 715912 878028 719275 791450 239109 768216 437678 187128 272775 844507 746300 243542 694326 349121 349653 409198 319655 179163 667874 394292 600297 717195 434355 788325 469678 655980 370876 357808 507491 365402 507533 612981 202938 811525 135248 493853 187932 502777 511233 748859 280609 782069 843183 766526 120207 910776 286618 250472 149412 558927
1024685 350047 424517 817682 523893 659606 86349 409327 972904 806912 683257 999999999 525584 78097 343940 374223 274108 387722 289780 528291 816203 263598 91210 523929 287498 190298 256460 364433 844810 619119 588380 200526 829076 778996 377048 154658 444459 569045 210868 740121 588124 560605 813526 810087 192664 733123 633990 838347 468009 928931 347165 626421 813957 218785 750545 248973 245724 641885 809060 252897 515709 832677 534678 350657 784927 453314 367406 505614 747640 326449 300576 251869 378885 339307 214167 155837 338324 826961 455379 566578 767952 963836 769780 129908 613782 393368 796086 668782 390972 65854 647039 425814 582119 108953 752747 464159 453524 897253 541924 199007
726427 839016 595593 427396 457599 195036 604264 741740 654927 953143 853476 525584 999999999 469390 844136 466847 642677 288044 474658 65150 502943 766705 439298 117067 688573 439441 345244 344857 944118 140814 903542 441471 741610 509683 294000 671760 655438 827256 365672 928742 545040 647697 804038 1048587 339895 810576 663594 1077642 144747 694080 187889 111497 463534 335519 758166 286036 581743 700631 800799 342504 120795 1083333 189525 686500 714414 444724 664248 707107 423237 506255 293661 273876 426825 864457 575619 675666 532893 757820 348718 518341 574637 740560 1027590 521816 724493 361772 1030958 477517 853369 536959 635571 101766 78684 460102 847893 139676 785907 1103873 716246 677737
946607 377979 364128 741935 447406 591169 137091 380780 894852 756649 633541 78097 469390 999999999 378612 301334 246472 310674 219855 479587 738363 299395 83098 456548 272920 115264 179126 286337 789178 553138 562916 126089 756537 700903 363439 229822 391658 530764 202896 694653 514101 496258 746270 774458 158855 672690 566331 803385 429657 851423 284894 565276 736860 197513 683619 210740 203793 577180 741832 243201 448010 799668 462267 319299 712829 377440 327049 454430 670296 259632 225367 197901 303085 404261 176353 207431 274865 755520 377282 491795 690593 886705 736893 183791 553967 315366 759540 590927 406317 134179 576403 367934 520317 133041 694780 424870 427221 857732 488059 216761
1184468 34245 470999 1049754 674332 943077 257677 307968 1149416 718568 608349 343940 844136 378612 999999999 516507 265211 631026 441510 857862 1011167 80427 433782 814827 218319 416227 514881 583317 783628 912491 412374 418187 897229 958461 720379 271843 443303 457463 554476 634074 698314 596238 835327 646913 531775 714925 680724 669230 806844 1065331 656710 933523 1027415 562155 776339 586684 311845 665671 831065 596362 805737 655202 803505 295392 852445 606753 340847 476631 959307 445438 569799 576160 546949 189036 298063 192936 434295 884202 660741 688367 910243 1088698 598430 434926 609873 597704 638734 834013 106049 373603 716311 742386 888175 448001 716272 802371 321894 744273 518007 167108
677403 495710 128752 539186 161980 481215 389991 299051 636520 512795 400111 374223 466847 301334 516507 999999999 253471 179559 87498 513225 494713 462158 364622 382994 303782 186285 180324 121996 525059 469224 441303 175293 455245 443369 544219 505061 189040 360536 436543 473147 214228 214885 450420 585516 364412 396621 271681 614933 518719 568329 316131 513156 512097 409224 389015 377111 205552 290635 446073 461597 374207 619079 339989 258088 411498 91126 221459 240887 444346 71115 200366 322896 41968 630204 225640 435433 87150 454342 157734 194072 407648 599079 561897 482107 286303 110156 568145 320607 476455 435269 276108 386202 472367 420638 426196 511429 336819 648539 254505 370884
919767 242652 212962 791446 409289 707793 230403 135703 884205 544371 421655 274108 642677 246472 265211 253471 999999999 390054 187171 671277 747087 221249 328850 589388 51009 207084 297434 335982 591802 684779 316997 202929 646430 693531 603870 335776 201649 296392 448451 471968 435208 348144 599963 536048 395495 495672 431816 564250 643126 802242 458722 716230 765568 438848 537936 438685 61057 424824 595521 487624 580122 558648 564922 76772 601073 342597 103038 253105 697785 182538 350049 405743 287011 402886 73341 237801 169360 636566 404170 423978 645812 827293 495739 403843 379486 344160 522192 568893 225921 337122 461595 544699 671678 372820 507409 637099 181254 624102 293959 145513
645671 617331 308051 432759 202629 317745 438787 467584 589371 673248 568471 387722 288044 310674 631026 179559 390054 999999999 205045 337421 430266 562964 336099 205910 440240 220516 131603 58783 672733 297220 619791 215914 525464 398526 414660 540387 368595 540016 354580 643264 292269 366761 558444 761040 285676 539438 396695 790205 355197 563852 161666 336121 426247 320070 504114 271379 330689 428492 554593 364896 196863 795526 174938 417972 488593 165540 388856 419115 360010 227289 92232 215523 138903 704260 335699 501803 252628 534035 91117 264414 409027 603962 739556 455850 443304 74619 743466 302627 614346 432177 379643 214463 294119 385384 574295 347684 509027 818854 428644 467732
762645 423566 156745 608319 247901 522265 302498 267232 719691 557936 438493 289780 474658 219855 441510 87498 187171 205045 999999999 512190 573921 382061 289772 408638 238048 108107 142553 149262 580809 501952 432687 96819 539580 525440 502103 417658 202025 368289 376318 507008 300900 278797 526503 606838 306937 458472 346555 636475 501708 655322 302350 537743 586742 353265 463961 330542 130823 358953 522073 406350 399426 637487 379130 214117 495263 175976 189611 263780 518511 44370 183925 281779 107260 545381 144579 348780 68397 537182 219379 281429 494381 686464 577137 403083 341821 157517 590222 404632 413006 352428 357333 383024 494220 345475 483759 494848 311278 679177 289090 288731
788763 855283 641628 486499 516401 251229 610532 777452 716717 1008204 905705 528291 65150 479587 857862 513225 671277 337421 512190 999999999 566412 778960 438802 181770 715065 464927 376050 391806 1001916 197768 944212 468399 805573 574469 251576 668057 700146 872000 349698 980620 604905 701914 865848 1097929 336910 868212 721777 1127191 93919 758772 212807 153941 525419 323689 818805 280747 610970 757757 862533 320574 184945 1132006 254111 720245 777714 498770 701229 754110 487089 546806 328413 281736 474598 863931 601701 682040 573707 821374 405195 577857 639719 805320 1075121 508401 778738 411998 1080419 542152 874793 531633 695504 129179 134430 451849 904953 91206 822677 1156151 765669 693314
227010 989736 563813 128061 339523 328544 859209 762356 161675 714151 671619 816203 502943 738363 1011167 494713 747087 430266 573921 566412 999999999 955661 765814 397053 796524 636469 560035 453574 664214 375006 843590 628922 358327 65892 770836 966495 615405 740189 766361 737498 346979 495832 470239 871310 704617 557458 442663 894196 643381 203402 537797 435020 61340 730397 460675 675745 700073 485344 469428 765438 398283 909653 335957 738249 360109 404530 694802 625868 80681 565738 521528 626903 466689 1116628 718110 915953 577857 385517 363768 343590 170990 250058 874478 884201 546481 428370 854595 184895 965353 862423 391862 521417 435044 813351 596533 637163 786689 883225 604140 862650
1137146 90216 433944 987519 622988 871332 177413 297868 1098487 722521 606313 263598 766705 299395 80427 462158 221249 562964 382061 778960 955661 999999999 353356 741321 183027 344738 442597 518098 781756 839032 432942 347797 866617 905509 640265 204480 415877 460348 474261 640982 655418 566712 814263 669975 451520 701131 651010 694376 726786 1021960 579800 857996 968509 481728 753364 506580 257053 640805 809887 516191 732316 682516 733348 269613 821347 553251 312113 457940 900244 392044 497140 497233 489094 185133 237582 114955 384680 855827 599259 642912 864157 1047924 622922 358330 590012 535123 659983 782471 150056 295298 682427 664946 812677 368305 706983 722377 322843 766043 499866 95291
981376 438181 440462 755654 498423 583366 177015 463608 925429 836593 713891 91210 439298 83098 433782 364622 328850 336099 289772 438802 765814 353356 999999999 447304 352755 181667 212035 325424 866630 540129 645637 192962 816430 734261 290397 232812 471643 613632 125190 776163 572154 568542 814331 857421 102078 747398 634699 886381 376858 894080 267414 542916 757827 128394 752301 158467 286837 648680 809944 166987 439573 882745 465975 402255 773765 431760 409964 534743 693382 332137 244309 168045 359051 425740 259382 247044 350043 817481 414469 548089 735051 931712 819979 121683 629542 357684 842439 631740 474603 102004 640589 341303 499361 56028 771086 373070 509893 940263 567188 282012
623330 805143 509730 338281 348851 136076 593520 673306 553993 848461 753935 523929 117067 456548 814827 382994 589388 205910 408638 181770 397053 741321 447304 999999999 638310 399040 300252 264612 835078 97714 824290 398124 624741 397629 376596 677167 571244 741214 404361 829482 433836 545837 689381 953213 359026 702097 554706 981814 247627 582097 180487 130312 364104 369718 645172 314372 528736 593368 686243 392195 9266 988981 72465 622617 598092 345570 594614 617997 316420 433135 245226 281349 341254 860644 528807 662861 458537 641253 246532 407870 458277 628156 935422 548598 622092 273258 935446 360462 809856 549156 523922 130098 90063 480567 740242 241103 714935 1003376 622584 648029
966260 193854 253726 842212 458004 757898 229910 131112 932071 555777 435251 287498 688573 272920 218319 303782 51009 440240 238048 715065 796524 183027 352755 638310 999999999 250167 343756 386631 608801 734120 302344 247261 684396 742264 635261 324631 232855 299043 475724 479027 480035 383974 631495 530864 427736 520818 468399 558101 683109 847108 503180 764428 815805 469341 570415 473955 109759 457789 627105 516107 629045 550483 615168 88244 639226 392268 129150 276904 748118 233051 397231 444793 337853 367741 113367 221651 218707 673120 455151 470123 691975 870941 487953 414873 407843 395149 518152 617327 174965 346641 501124 589625 719688 391923 529105 677305 170100 622281 318730 123908
838841 406123 261159 651709 333722 526995 222749 324964 789892 660941 539664 190298 439441 115264 416227 186285 207084 220516 108107 464927 636469 344738 181667 399040 250167 999999999 98791 183480 687152 496575 503640 11304 641355 595059 411808 331965 298439 454050 273629 605420 398855 386896 633608 697077 207831 566206 453748 726552 436713 739812 253120 520590 640184 254185 571304 240924 148094 467025 629197 306794 389896 725471 388645 264023 597748 263016 256514 361683 572483 150887 153814 201226 188587 484709 136802 282269 170433 640617 272729 376711 578599 774055 663666 296322 448924 208491 681122 481187 414494 249424 461938 339729 475365 237415 590751 430554 372055 774455 391029 250159
771462 504897 292610 563785 289618 428739 308328 402140 717677 690184 573995 256460 345244 179126 514881 180324 297434 131603 142553 376050 560035 442597 212035 300252 343756 98791 999999999 113421 705201 397786 573479 98282 612885 524749 365412 408786 343142 510810 259841 644724 368952 395206 623852 748359 187114 576892 448112 777999 359674 682082 163489 422538 557735 230467 564077 196840 236509 470071 619627 282192 291105 779497 291876 344262 571800 227244 327262 403533 491222 183586 55030 143490 160325 575147 231473 373158 209791 616505 202781 343265 523059 719706 719431 333645 466004 146101 731576 419798 511735 303527 445231 248031 377424 265058 606432 352911 447964 818463 425226 348472
660417 567910 250748 470390 179878 373266 406065 409214 608724 624539 516545 364433 344857 286337 583317 121996 335982 58783 149262 391806 453574 518098 325424 264612 386631 183480 113421 999999999 628597 355020 561193 176680 505609 414575 445748 513067 310735 482445 364663 590758 264379 319287 526794 706188 292697 496342 357742 735491 402335 568840 201968 394863 456809 332355 469667 289629 277828 386047 522748 381216 255590 740200 230107 360484 466036 126193 330470 362622 389029 168856 99791 232738 82843 667317 285792 465177 193964 511237 90948 237406 409640 606293 683517 447058 394918 33988 688709 306717 561389 415169 346870 265891 352897 378393 529619 394914 450382 766438 374115 422892
682975 749870 426258 782052 486706 874093 819557 483992 699047 82660 175666 844810 944118 789178 783628 525059 591802 672733 580809 1001916 664214 781756 866630 835078 608801 687152 705201 628597 999999999 889856 395414 676115 319194 600816 1068888 927576 400479 326448 956527 164599 401948 310838 198265 256727 885870 133729 280579 267864 1027928 553122 830385 949669 720045 931661 206297 902039 601501 244558 198037 984546 828619 289419 768260 521613 305555 507195 488845 340844 681503 536793 721977 847933 551612 963986 633953 828247 516916 290471 596806 427300 493256 541454 286544 970799 239669 600398 245899 525270 685395 910664 313657 885953 920500 920985 99114 1020413 462143 229441 302981 731943
593478 902616 593041 288768 411133 54222 690211 764077 520669 910514 823261 619119 140814 553138 912491 469224 684779 297220 501952 197768 375006 839032 540129 97714 734120 496575 397786 355020 889856 999999999 909382 495479 652468 391766 433531 771474 655000 822533 486848 898630 488868 614427 730416 1025797 448042 758980 612478 1053826 285267 573355 272818 63820 330007 453623 692259 399678 624401 653557 727703 469618 106760 1062390 130978 715190 631545 420936 685344 698003 298252 523781 342780 372564 427258 956850 625444 759876 548422 672191 322062 465136 471153 620337 1011027 636619 689109 359154 1007975 385892 906394 641488 576208 206645 63412 570229 798295 280397 804512 1070192 698865 745726
952940 378233 316627 927370 530158 917366 531465 182237 941316 320160 234237 588380 903542 562916 412374 441303 316997 619791 432687 944212 843590 432942 645637 824290 302344 503640 573479 561193 395414 909382 999999999 496000 602783 779312 913821 617104 254627 104426 763433 233336 497202 347910 505795 237033 706285 369572 412134 261762 933013 820001 735018 954455 882056 751169 460893 744257 362453 376340 502376 801503 815484 251225 779026 244104 564770 494570 247685 221531 821926 397615 616491 703759 483115 600782 386922 512429 370817 580912 589686 504505 694397 828080 190322 716825 309346 551269 227373 661276 307349 648791 462044 815069 913536 689617 354398 926316 135760 333403 239454 416659
830170 407197 250226 645970 323836 524907 230420 318142 781747 650266 529152 200526 441471 126089 418187 175293 202929 215914 96819 468399 628922 347797 192962 398124 247261 11304 98282 176680 676115 495479 496000 999999999 630452 586837 420512 340691 288198 444952 283968 595202 388163 375613 622336 687704 217523 554992 442469 717207 442241 730364 256049 520802 633483 263948 560020 249247 143103 455726 617925 316686 388941 716335 385700 257595 586786 252889 248557 351388 565657 139706 153153 208054 178488 490767 134149 288515 159528 629591 265165 366193 569097 764349 654648 307526 437785 200636 671677 472248 413575 260182 450810 342379 475664 248717 579633 435985 365114 764597 380389 252852
368575 867726 433768 483416 325950 623215 836750 596410 379991 383346 382396 829076 741610 756537 897229 455245 646430 525464 539580 805573 358327 866617 816430 624741 684396 641355 612885 505609 319194 652468 602783 630452 999999999 300344 938955 952727 453928 502055 870119 430256 244464 301037 121261 556173 797849 244729 216508 574037 855891 235851 683798 716064 417922 837958 143443 793833 624879 236144 122039 886352 620839 592996 552364 601989 45418 385957 556961 427232 392962 506290 604570 736995 457430 1049311 654088 871238 500902 28766 434590 269624 193996 231371 571839 935968 300368 471663 541520 266935 820305 890514 186052 712416 697427 872052 275916 848513 600116 547327 389177 789325
247152 935982 504618 183418 284278 350867 817098 702612 194989 649262 605727 778996 509683 700903 958461 443369 693531 398526 525440 574469 65892 905509 734261 397629 742264 595059 524749 414575 600816 391766 779312 586837 300344 999999999 763290 926758 554485 675660 744821 671700 283762 431409 408599 805557 680024 492193 376895 828553 645161 184529 520876 454396 119354 709087 396334 655692 648826 419492 407558 747396 397326 843908 330511 680917 298357 352343 636832 562625 98665 513865 490743 604239 418427 1070386 668506 871252 524211 326591 323648 282274 108263 230879 808586 854369 480866 386742 788811 125426 909007 828274 326046 515159 447896 783899 531440 638538 725505 818393 539886 813629
997819 727075 656920 713105 617194 487452 462886 732828 929725 1055595 938948 377048 294000 363439 720379 544219 603870 414660 502103 251576 770836 640265 290397 376596 635261 411808 365412 445748 1068888 433531 913821 420512 938955 763290 999999999 483086 703879 865288 166210 1008781 706279 758094 971520 1107264 208391 938729 803241 1136842 158208 945004 255288 402057 740590 166007 915250 171872 552142 829734 967558 124152 374032 1136529 435046 670903 902994 571851 667894 765883 690278 545647 348092 221928 517892 679777 530789 528937 570488 948419 504740 678547 804129 989362 1075037 306002 830521 477567 1090976 697971 764995 352420 791798 249420 372625 273289 969847 160377 780071 1181270 789804 572403
1170800 292065 528322 971655 662306 813096 115982 455664 1121417 878774 756785 154658 671760 229822 271843 505061 335776 540387 417658 668057 966495 204480 232812 677167 324631 331965 408786 513067 927576 771474 617104 340691 952727 926758 483086 999999999 532954 623670 326503 803438 718193 667974 923454 851539 332324 828343 747324 877781 598754 1070054 498751 775706 966410 346183 860423 387743 334433 748306 918965 364839 669099 868259 689316 407931 907686 590438 438749 588115 899607 446899 454709 400608 516875 197975 302790 104705 452108 947560 603571 699085 908712 1102851 806697 178435 710159 540015 839748 812923 354340 136633 767394 574114 732041 217781 842191 595952 492031 944854 628251 202004
758359 414030 62005 686079 284390 662820 421634 150405 733365 365040 242281 444459 655438 391658 443303 189040 201649 368595 202025 700146 615405 415877 471643 571244 232855 298439 343142 310735 400479 655000 254627 288198 453928 554485 703879 532954 999999999 171920 572067 307004 273384 152954 399093 405218 505306 295409 237422 434857 698959 632497 496891 701102 646688 551789 337664 532123 201556 224934 394679 604687 562567 436628 524491 148163 409159 241206 103840 63326 582923 159560 377885 483796 230251 600498 234063 438444 133705 441333 335116 272212 485926 651585 377274 571288 177995 298000 388454 430521 370246 510305 274557 571947 660913 524520 310404 691884 171326 477516 97500 347089
849000 423592 232003 826334 432559 827088 525248 168069 836901 262391 152323 569045 827256 530764 457463 360536 296392 540016 368289 872000 740189 460348 613632 741214 299043 454050 510810 482445 326448 822533 104426 444952 502055 675660 865288 623670 171920 999999999 724151 181154 394514 244362 410409 244027 661498 276418 307803 273237 868993 716328 667595 870559 779686 707597 361796 693622 327199 272668 406734 759656 732672 271426 691597 219787 462901 403066 203728 125132 720500 328292 548401 648310 401274 639852 356603 520313 301547 481232 500717 403136 590001 725344 209758 698946 205620 468432 228821 558687 359108 633009 357628 743659 831127 662408 267728 862006 137602 328224 136493 422320
989910 560870 532786 735330 544540 536059 296849 581243 928026 933746 813049 210868 365672 202896 554476 436543 448451 354580 376318 349698 766361 474261 125190 404361 475724 273629 259841 364663 956527 486848 763433 283968 870119 744821 166210 326503 572067 724151 999999999 879033 627401 649894 883629 968061 72733 831546 707136 997361 273565 916751 231229 475946 748498 35984 823590 91526 401378 727110 879392 42087 398345 995112 441361 519329 829980 486104 522073 635310 688909 420640 267060 140708 420072 524476 376721 363753 442600 874972 443609 601073 763522 957786 932722 158801 716995 398649 952479 656871 599403 191324 705055 280206 436197 109973 858786 271329 628128 1047384 664078 406728
797984 599912 352134 843051 488067 892669 702275 348623 801817 86825 75554 740121 928742 694653 634074 473147 471968 643264 507008 980620 737498 640982 776163 829482 479027 605420 644724 590758 164599 898630 233336 595202 430256 671700 1008781 803438 307004 181154 879033 999999999 420413 284323 315098 134113 812197 186943 301203 158911 991720 664137 789251 953540 786970 858682 290310 837484 494731 257090 312851 911623 821838 172501 769818 396611 402389 484646 373006 243892 737558 463187 672859 787441 508300 818896 525965 700637 438812 403702 583024 439407 570679 661508 141698 869437 209932 568653 117140 572894 532367 805186 349400 856509 918737 827626 154635 984398 318185 175683 219650 602723
487853 672542 229559 433442 90449 476623 602593 423334 460088 422804 347323 588124 545040 514101 698314 214228 435208 292269 300900 604905 346979 655418 572154 433836 480035 398855 368952 264379 401948 488868 497202 388163 244464 283762 706279 718193 273384 394514 627401 420413 999999999 150965 266421 552865 554861 270164 123888 579044 640393 367127 453830 547975 385187 595985 214580 553992 401854 166278 262650 645453 427673 590861 366338 408895 202848 141727 363374 278941 327144 272782 364131 497088 213103 832125 427890 643734 273239 247625 205348 27910 213739 392645 547044 692077 213025 230869 535254 164174 637590 648276 90599 496012 518589 627693 309433 632863 443225 586112 258052 570109
615821 566955 139671 584300 204834 609821 553205 298668 597494 306550 208864 560605 647697 496258 596238 214885 348144 366761 278797 701914 495832 566712 568542 545837 383974 386896 395206 319287 310838 614427 347910 375613 301037 431409 758094 667974 152954 244362 649894 284323 150965 999999999 255491 412218 578281 181842 84560 439824 720936 486546 521231 669243 535893 623531 192451 591951 334023 81293 251002 676116 538359 449396 485500 300953 256209 203181 255987 136112 478055 236842 411231 537414 240897 750445 365243 579515 222327 289147 299860 162959 349086 502531 401512 680048 76837 292858 394407 314860 521608 625483 123932 581212 634781 624159 211760 713468 309025 457541 108574 492862
488382 803927 395132 591629 356779 707484 808672 528092 501237 262816 275814 813526 804038 746270 835327 450420 599963 558444 526503 865848 470239 814263 814331 689381 631495 633608 623852 526794 198265 730416 505795 622336 121261 408599 971520 923454 399093 410409 883629 315098 266421 255491 999999999 437317 810929 136667 179948 454168 905801 356626 720093 792791 527847 854031 63142 815327 589340 175567 4490 904967 684209 473623 618574 544829 110253 400802 502374 358714 494936 487316 626241 758700 463558 999218 620694 834102 475741 92725 471612 294331 300337 348798 455701 929563 225460 494222 423213 349178 750003 877694 179925 761255 768981 870343 160901 898286 523607 426066 317362 745423
924748 613029 458851 977143 617031 1022036 760594 401894 931879 177300 205561 810087 1048587 774458 646913 585516 536048 761040 606838 1097929 871310 669975 857421 953213 530864 697077 748359 706188 256727 1025797 237033 687704 556173 805557 1107264 851539 405218 244027 968061 134113 552865 412218 437317 999999999 904815 317338 434973 29641 1102722 791658 900107 1079176 921047 951035 419956 935406 570706 390878 435666 1003276 945275 38389 895972 459430 531517 607662 447467 345992 871595 564776 781746 888466 623357 835874 599465 746876 538756 528648 706917 570845 703866 786072 49290 939885 340578 686872 17824 706832 541046 873040 483457 971650 1042993 905621 281472 1095549 360823 97574 332400 649917
926219 533908 463680 681160 472522 494075 277275 524856 866018 864871 745016 192664 339895 158855 531775 364412 395495 285676 306937 336910 704617 451520 102078 359026 427736 207831 187114 292697 885870 448042 706285 217523 797849 680024 208391 332324 505306 661498 72733 812197 554861 578281 810929 904815 999999999 760057 634624 934264 275802 849281 179308 445902 690086 46485 750966 56393 344109 655045 806697 99492 352026 932902 387395 462874 757521 413472 461582 568306 628574 351303 196245 79514 347372 527144 322398 348118 374143 802465 373412 528629 694545 889631 870894 189607 646219 326678 888913 588298 564982 197064 632322 244529 403348 122208 787833 271745 572066 982107 595728 374226
611347 682487 308926 668797 353407 745245 716441 407181 615097 158402 139488 733123 810576 672690 714925 396621 495672 539438 458472 868212 557458 701131 747398 702097 520818 566206 576892 496342 133729 758980 369572 554992 244729 492193 938729 828343 295409 276418 831546 186943 270164 181842 136667 317338 760057 999999999 147400 338299 894585 477361 697803 818094 609748 805360 103370 773520 495584 110976 133484 857957 695521 355239 635939 432642 215453 373922 393829 243944 565221 415351 591017 718687 420848 886059 527967 733308 397929 219218 463082 294778 388114 476043 328555 856013 119386 467546 301550 403886 624724 798718 184379 752365 788081 802608 40338 887064 396861 327170 202250 640205
541875 651308 220843 542896 206130 600453 631901 381447 529383 298975 230933 633990 663594 566331 680724 271681 431816 396695 346555 721777 442663 651010 634699 554706 468399 453748 448112 357742 280579 612478 412134 442469 216508 376895 803241 747324 237422 307803 707136 301203 123888 84560 179948 434973 634624 147400 999999999 460081 750932 410217 557050 671117 488777 678563 117602 642357 414790 44113 175518 730215 548155 473274 488653 385491 171802 232390 340545 214586 436977 307595 455423 586297 288179 834466 445330 661112 296973 204846 317127 147578 284013 422989 433574 749621 104821 327039 417637 271962 604996 697947 51075 607761 640744 690687 186014 743395 388703 463253 180092 576004
942397 635511 488399 1001395 644531 1049524 787956 429710 951352 191799 232138 838347 1077642 803385 669230 614933 564250 790205 636475 1127191 894196 694376 886381 981814 558101 726552 777999 735491 267864 1053826 261762 717207 574037 828553 1136842 877781 434857 273237 997361 158911 579044 439824 454168 29641 934264 338299 460081 999999999 1132277 809838 929648 1107504 944649 980466 440040 964987 599602 415969 452748 1032671 973914 23215 924174 487729 550990 636244 476475 375567 896104 594416 811324 918095 652653 858266 628183 773083 568396 546178 735426 597517 725959 802854 71465 968083 367376 715979 46790 731620 563217 901087 507984 1001025 1071535 934364 301234 1125099 388000 79922 361569 676414
868483 807554 643880 571987 550086 339441 553062 759232 797729 1026799 918129 468009 144747 429657 806844 518719 643126 355197 501708 93919 643381 726786 376858 247627 683109 436713 359674 402335 1027928 285267 933013 442241 855891 645161 158208 598754 698959 868993 273565 991720 640393 720936 905801 1102722 275802 894585 750932 1132277 999999999 829546 202713 246876 606497 252917 854794 220223 584804 783618 902210 239582 247883 1135195 315939 699496 824638 520733 686117 756745 563002 540701 321127 238454 483852 796409 570943 623746 567475 869326 435447 612639 701050 875454 1076232 431442 797007 428186 1085562 598958 833848 462351 730184 144563 222293 380974 929468 7540 805746 1167221 773164 646368
134250 1039197 595205 324564 407983 529499 956506 782443 149176 619170 611472 928931 694080 851423 1065331 568329 802242 563852 655322 758772 203402 1021960 894080 582097 847108 739812 682082 568840 553122 573355 820001 730364 235851 184529 945004 1070054 632497 716328 916751 664137 367127 486546 356626 791658 849281 477361 410217 809838 829546 999999999 698373 634970 260755 881485 374094 829637 766742 443696 357671 922493 581668 828656 514369 774107 262186 480038 728291 622330 275265 634097 655161 776196 553191 1196565 791078 1003752 637994 263994 479825 379197 161343 47020 805829 1015570 510735 537404 776778 262405 1001719 983041 363239 698068 631029 946225 510640 822886 795529 782183 590036 935049
763143 651184 441257 504352 363894 316319 421451 565507 699360 825978 715912 347165 187889 284894 656710 316131 458722 161666 302350 212807 537797 579800 267414 180487 503180 253120 163489 201968 830385 272818 735018 256049 683798 520876 255288 498751 496891 667595 231229 789251 453830 521231 720093 900107 179308 697803 557050 929648 202713 698373 999999999 280433 517681 195436 665662 139705 398268 587183 716249 227641 173148 932747 210223 507741 648292 324763 490055 554170 459280 339615 119211 100897 282094 686013 389863 492273 366520 693680 250189 425948 552155 741420 874068 368834 596659 230381 882919 445317 665951 369027 541267 86807 235608 300251 731473 195487 611133 964670 570499 490073
650043 925805 639449 341314 467766 106926 701879 803215 576523 968182 878028 626421 111497 565276 933523 513156 716230 336121 537743 153941 435020 857996 542916 130312 764428 520590 422538 394863 949669 63820 954455 520802 716064 454396 402057 775706 701102 870559 475946 953540 547975 669243 792791 1079176 445902 818094 671117 1107504 246876 634970 280433 999999999 387393 444895 753584 393718 655306 711535 790014 453795 139279 1115365 183810 751857 694710 472064 724573 746857 359707 563213 367934 375238 471350 965691 653472 772687 588731 735597 372660 523549 534934 681985 1062786 630771 744694 403249 1061371 449348 934208 642446 636226 201695 45348 567393 857119 243219 845089 1126202 750014 766421
263526 1007580 592250 66725 364683 280483 862327 790756 191394 767369 719275 813957 463534 736860 1027415 512097 765568 426247 586742 525419 61340 968509 757827 364104 815805 640184 557735 456809 720045 330007 882056 633483 417922 119354 740590 966410 646688 779686 748498 786970 385187 535893 527847 921047 690086 609748 488777 944649 606497 260755 517681 387393 999999999 712553 515172 657130 715570 532230 526848 744344 366576 959434 309683 762570 417594 424323 720384 662129 68269 583088 515015 611170 480491 1123874 731295 921933 597564 444735 370153 378068 227538 306700 922169 873804 591100 434983 904093 221046 987266 856625 438669 492159 391951 802932 649296 600636 817785 936514 643203 874337
954040 566415 510009 699681 512103 502215 305043 569433 892065 911193 791450 218785 335519 197513 562155 409224 438848 320070 353265 323689 730397 481728 128394 369718 469341 254185 230467 332355 931661 453623 751169 263948 837958 709087 166007 346183 551789 707597 35984 858682 595985 623531 854031 951035 46485 805360 678563 980466 252917 881485 195436 444895 712553 999999999 794497 55838 388756 699794 849831 53085 363531 978966 405631 507421 798249 455138 507186 614791 652926 397622 233831 105290 390712 543593 366078 374226 420575 843361 409626 569400 728774 922709 916885 186345 691992 366295 935175 622005 601079 209605 674947 247105 404311 128626 833486 249893 616580 1028544 642142 408992
508167 745352 332118 576374 304717 673009 745579 470118 511999 254265 239109 750545 758166 683619 776339 389015 537936 504114 463961 818805 460675 753364 752301 645172 570415 571304 564077 469667 206297 692259 460893 560020 143443 396334 915250 860423 337664 361796 823590 290310 214580 192451 63142 419956 750966 103370 117602 440040 854794 374094 665662 753584 515172 794497 999999999 756935 526408 113124 58655 845795 639493 457621 575667 484299 112083 343476 441270 300012 475259 424457 568597 700521 403785 938134 557691 771446 412651 120097 419417 242210 289949 373931 431922 867043 167406 437703 404435 319824 693126 814803 124695 710504 727362 808288 138809 847260 468266 422942 259330 683301
899973 587929 486021 643861 468031 447559 333232 564331 837418 885887 768216 248973 286036 210740 586684 377111 438685 271379 330542 280747 675745 506580 158467 314372 473955 240924 196840 289629 902039 399678 744257 249247 793833 655692 171872 387743 532123 693622 91526 837484 553992 591951 815327 935406 56393 773520 642357 964987 220223 829637 139705 393718 657130 55838 756935 999999999 384334 666048 811208 93566 308046 964772 349846 502693 755127 414733 497424 594282 597925 374307 189862 56918 354386 583188 365351 404248 398880 800438 362027 526911 678503 871400 903380 237476 662776 323168 919106 571502 616781 251783 635567 193795 352117 174068 803268 215939 611575 1009592 618897 427349
