NAME : synthetic_000580
TYPE : CTSP-D
DIMENSION : 100
GROUPS : 8
RELAXATION_LEVEL : 1
EDGE_WEIGHT_TYPE : EXPLICIT
EDGE_WEIGHT_FORMAT : FULL_MATRIX
EDGE_WEIGHT_SECTION
999999999 879400 1006051 905494 620598 771851 579842 621885 537384 724939 779667 958227 1041518 79570 178937 498701 367211 678712 931819 482325 673781 1013569 1147794 1033543 890133 79427 567161 958048 453635 703389 1110619 1281847 754674 655894 33334 585863 881411 49161 809962 627451 581344 236232 233167 778665 1215883 1024739 224545 487283 227438 892319 771828 459509 738050 953642 852581 430633 829026 294214 155799 517333 998640 262044 594997 861732 669238 1275529 274199 894733 951107 820547 804907 865729 1152925 187085 769378 342615 796904 1141053 625715 917744 926263 746131 663142 619887 832331 331536 339973 543114 1020624 862332 951246 746617 1042723 686381 869520 852500 820136 299445 300964 995182
879400 999999999 371303 829963 613731 232111 437382 362931 916121 954392 423040 518201 409761 802948 702338 959703 594156 403433 97703 822883 876883 683945 809918 362144 250111 879113 698844 764280 427738 656119 454309 728427 973747 699409 881789 621228 816626 838134 131337 730428 920699 783818 677093 403046 635923 836730 655572 632092 708445 1074981 670176 493898 175579 835410 154209 450186 752579 641788 851960 650042 790560 862939 768253 884110 211358 755825 754564 252463 274563 995030 877459 654101 781055 719982 122284 536787 605053 592436 255273 526539 347014 261756 220418 473305 99287 769611 544846 592254 313326 721262 1022787 762907 874478 948982 248485 131585 882795 833820 825363 463491
1006051 371303 999999999 567267 496699 258009 430230 384702 824849 785932 253345 194396 42322 926959 833531 888695 646468 334566 282196 753835 722457 354667 456887 39485 143749 976209 597716 469863 625627 484606 107880 361902 795346 550912 996055 523405 562682 957781 492158 595012 810663 831134 773779 244915 270647 526941 794675 589789 788203 857829 459867 547176 505455 553250 524892 611385 516135 716542 921754 585304 483374 888361 647543 647644 438554 385783 791139 139240 97547 792454 664746 392206 422900 896171 359201 697965 382072 221263 463262 228676 80378 272426 429239 408651 464696 775443 729314 528871 79286 465946 772952 567411 564428 796365 159572 257996 664089 845486 837170 111760
905494 829963 567267 999999999 319934 601330 493114 538121 447145 298676 407208 375122 563710 846126 796895 520697 591973 455820 779400 444430 282279 254099 307888 605219 601927 839041 340208 117505 777206 230818 598703 559664 290874 254403 879331 346589 24174 860583 899635 278101 407998 669850 712156 427220 552301 136493 785426 436809 694897 301782 177952 568985 868252 52917 951569 725247 90692 651956 760323 400351 137641 670722 314133 97117 742046 525754 631330 601959 617174 256786 147153 180000 336221 903973 740190 764206 226533 493391 729836 338850 527271 576734 723589 425476 887556 575693 812503 401133 642993 108844 205696 158894 141740 330458 594540 700785 136392 623203 618556 462274
620598 613731 496699 319934 999999999 387913 196743 261911 330087 341225 246005 373309 517436 552275 489302 392069 277202 211957 595825 257807 263169 394670 527238 534464 449572 565061 101075 343263 462589 90329 579150 683084 362061 90466 599155 35281 296917 572644 647948 116717 321486 396525 406206 259014 631830 416341 472237 133337 396765 476048 155756 250160 601380 357989 703367 408343 230770 343110 492850 107252 384316 427503 159276 321921 470471 669227 354343 452120 493428 391741 291222 245149 532882 591739 501300 444285 178544 556687 447240 326380 423484 355217 451903 142104 644493 314855 492569 83031 548511 248950 455693 181265 440803 335509 433197 502832 301431 379688 372446 437202
771851 232111 258009 601330 387913 999999999 233817 164397 703804 726140 194687 327989 299508 692295 594614 754405 432160 175974 209237 615421 649879 481965 619960 275131 121415 752285 478970 544084 368484 424629 365392 605504 744401 470699 766009 399639 586951 725171 303001 504265 703393 625776 545286 174792 518691 619841 552476 427569 566936 843101 438381 326816 286855 610351 352282 358719 521748 495025 708161 438641 573923 695485 545662 652442 188865 620465 589962 126227 182584 763652 645389 429056 597814 646522 142703 447761 375173 456313 207318 322115 190971 33709 176409 252418 287541 590243 475449 378772 252100 493208 791401 530989 656825 723084 101695 115178 650684 658960 650355 302980
579842 437382 430230 493114 196743 233817 999999999 74527 478767 531970 202820 388020 463599 501795 413894 524420 216320 98964 439056 386401 452299 482333 628056 460870 332555 546310 265678 482098 290139 269314 532398 710864 554886 287177 567778 192998 472473 531001 455786 307563 484031 403095 346675 199589 639390 561339 380686 196072 358406 672620 315320 121928 405896 521045 511562 245261 402775 287257 491950 212710 520997 466761 337209 512380 275153 710402 364500 336535 389612 587996 486687 363476 620963 493635 318281 309085 289248 565647 250517 353637 349859 200702 256795 68456 455271 358381 352531 155918 456352 400196 649193 373732 592488 520790 312475 344742 496111 427880 419306 416160
621885 362931 384702 538121 261911 164397 74527 999999999 553274 601448 190780 375899 421423 542604 448867 598675 270132 90970 366010 460843 522219 492658 638852 411662 272465 595743 338133 512387 275035 324480 490551 691668 623374 351835 613032 262994 519082 573914 386138 376256 558093 462681 390671 180463 614304 592000 410670 270326 408426 736938 361057 165987 340496 560648 441663 242631 449494 336234 547347 287111 549200 531200 409011 567229 209901 696215 426137 276803 332101 653232 546644 391583 626883 516145 244401 321263 321050 543078 192182 348993 305583 132726 191201 120998 383740 426009 358899 229663 400825 438504 705834 431855 625430 592008 251886 272102 554986 494589 485983 388497
537384 916121 824849 447145 330087 703804 478767 553274 999999999 192746 576005 682433 842974 503647 501724 74292 384258 531322 912886 98272 166605 648904 745764 863144 777559 459618 229782 541073 640794 349564 901609 962561 221067 279557 505541 308659 426461 503387 923504 233646 45762 320046 428956 589056 928026 583124 516020 285325 392373 355499 398923 448377 864572 500062 979040 582401 404105 396258 381665 266394 574785 275503 179080 371753 739389 938512 300356 780352 823189 288584 310437 502176 766694 611849 796275 564530 466041 855931 704854 634310 753149 670142 722575 451812 927605 238091 607220 325456 878535 458176 427404 312589 587283 152163 760348 818415 325145 240435 240848 756242
724939 954392 785932 298676 341225 726140 531970 601448 192746 999999999 560279 614551 794786 684770 668868 254401 511816 551224 931282 248234 79959 537509 606537 825411 772691 648513 270567 410062 756482 308614 844017 851716 30222 255440 693866 339015 283648 688147 987295 225251 146999 498169 589219 577598 833375 432504 675092 371359 557744 170799 326474 544764 937460 348971 1042951 697703 290043 544398 569333 337540 435850 464797 198900 206797 806981 820732 471049 774426 807125 96105 151616 411691 634395 780971 842502 700634 404087 767275 779788 568745 725275 694223 788707 483129 985031 406999 747161 381263 851418 348475 235440 219153 427981 41144 758868 840023 162622 425551 424454 698012
779667 423040 253345 407208 246005 194687 202820 190780 576005 560279 999999999 186853 278695 702503 616443 637606 412872 106078 379393 501456 489450 307185 452193 289996 212517 741213 346915 351461 465705 251669 344643 508227 574659 310734 765790 270838 393587 730593 496296 351895 565401 587433 546944 20012 436961 428729 583476 337691 554869 660911 250722 324630 472677 415742 546636 432257 330102 485572 680877 331984 383331 639365 401755 462966 355710 509117 546246 214166 249518 585245 462086 234654 437765 695556 335813 506356 182124 362916 355825 158264 177785 172801 338671 162302 482062 525504 546714 276083 302530 298774 600724 351150 465039 564135 199564 295294 465690 595207 587029 216052
958227 518201 194396 375122 373309 327989 388020 375899 682433 614551 186853 999999999 188651 882459 799617 751862 591268 292871 444802 625901 558964 167670 294084 231109 268419 914756 468447 275469 649401 332869 229938 324019 620274 402915 942326 406230 372329 909067 620193 448883 660960 754160 727106 195437 260814 334588 768276 492498 731414 670633 291122 508985 613502 359013 663054 618329 332225 664377 849729 476668 290153 796431 503679 459517 513330 322487 712011 266449 261444 610056 482735 206294 269949 881596 465351 693209 217319 185222 522821 48133 174306 321302 498569 338792 598644 682205 733399 429973 272588 278184 580636 396175 372429 630345 270215 388428 480302 749709 742054 87269
1041518 409761 42322 563710 517436 299508 463599 421423 842974 794786 278695 188651 999999999 962650 870172 908419 679875 366431 318489 775221 734035 339095 431055 52843 186071 1009905 618002 461270 666450 498463 69155 320790 802686 566306 1030786 545690 560915 993044 532328 611187 826766 862236 808793 272611 229100 513543 831990 616385 821998 858684 468366 582116 547061 545894 563759 651046 518590 750665 953853 609779 471357 917248 664599 647697 480831 346146 821774 181559 138135 796237 668551 393110 395210 934825 401254 736981 391044 183238 505264 229016 115906 312790 471421 437819 504347 803725 769103 554690 104641 466005 769108 575655 550439 807262 201767 299298 666925 873580 865351 101436
79570 802948 926959 846126 552275 692295 501795 542604 503647 684770 702503 882459 962650 999999999 100733 474702 291253 600745 853606 437651 627799 942864 1079141 954232 810574 93284 506062 892835 379329 637330 1031775 1206364 714885 593712 79434 518079 821959 35412 737332 568419 545545 186748 155580 701004 1139170 961581 147389 419582 155605 854499 705595 380934 665394 892917 781460 353201 766808 218171 134182 451679 933677 236030 540338 808132 592224 1201079 218487 815176 871560 779094 753168 796823 1082797 140564 691631 266671 726630 1064556 548534 842728 847271 666567 585597 543730 758699 280629 268809 472851 941089 797238 904947 687452 981197 647856 789963 773552 768205 263437 262803 917628
178937 702338 833531 796895 489302 594614 413894 448867 501724 668868 616443 799617 870172 100733 999999999 487309 214898 512538 753044 421637 604006 871394 1011270 859625 713843 182455 458805 832557 280205 577814 939321 1123477 699035 542493 179492 456897 772805 135802 638788 523612 539313 187488 84827 613399 1053266 904687 47188 361055 111128 839634 644916 291970 566920 840889 684014 252474 713188 146236 186727 396675 873610 263095 504067 769183 491522 1120643 201380 718497 775032 759776 717976 729927 1011963 112212 590925 166692 657394 979356 447815 761933 754406 569820 484867 461653 659451 264505 174154 407010 844700 737910 876746 640360 927128 635118 693298 673607 732500 273374 269618 829746
498701 959703 888695 520697 392069 754405 524420 598675 74292 254401 637606 751862 908419 474702 487309 999999999 401723 585394 962493 139131 239067 722588 820039 926532 834437 419483 291003 615362 657016 419395 968386 1035720 280314 349285 465871 367327 500268 469567 958269 303320 113771 300213 422441 649578 999780 656865 507999 328361 382794 406365 471171 478724 896485 573598 1013282 600010 478358 400172 345424 316193 648991 239260 248442 443219 774819 1012157 290053 837458 882292 347802 382063 575029 840963 593610 838462 571063 536496 927208 738004 703735 815334 720706 758782 504764 964634 234426 610508 376319 939672 532224 489576 386717 660337 213297 816566 867936 396495 214911 217919 823845
367211 594156 646468 591973 277202 432160 216320 270132 384258 511816 412872 591268 679875 291253 214898 401723 999999999 314010 620881 287390 437167 656627 796405 676599 542449 330053 264216 619904 256721 367001 748604 915126 540652 339644 352951 246556 568190 318065 569276 329153 409136 194082 136399 412713 848691 693542 195038 157188 142379 677844 432857 105470 503245 633310 622637 198776 505384 73108 277355 195176 660938 269162 323157 575294 391237 910016 160993 546732 601565 593420 529857 515308 797162 314557 472625 188949 442532 773842 350203 551523 566116 402019 377792 252695 580331 180280 236117 194216 669654 526094 694478 439712 717629 485401 521913 530951 543366 240364 232036 628753
678712 403433 334566 455820 211957 175974 98964 90970 531322 551224 106078 292871 366431 600745 512538 585394 314010 999999999 384414 446359 474347 402118 548400 366906 250715 643991 304153 423276 364209 255430 434895 613933 570319 296013 666310 224524 438073 629828 450093 328423 528784 496571 445554 100915 541026 502762 478463 264900 456365 674270 281575 220637 413350 475004 504143 327784 369309 385666 587497 269600 459445 555417 369869 493119 286226 615195 456697 254103 303278 592893 478962 302405 537326 589727 295749 400385 233887 467677 275973 262069 254343 143307 267778 80953 442369 443808 441181 209581 367076 353042 632620 363513 536790 547286 232029 291001 485752 513929 505481 317275
931819 97703 282196 779400 595825 209237 439056 366010 912886 931282 379393 444802 318489 853606 753044 962493 620881 384414 999999999 823729 856269 612374 731285 268905 179734 924095 688103 703897 488812 625629 359004 634282 948236 676272 931139 608667 768262 888223 228749 711597 912594 814349 718198 360096 541739 772757 707346 634678 745831 1040057 630113 516515 266167 779474 249922 501623 707749 676115 889561 647306 726854 889268 754261 841559 267085 663316 781653 180654 188683 963237 841268 600271 700174 782496 163950 591359 559590 501727 308747 459669 270555 242814 270106 461655 196975 788961 605947 587620 218610 670757 978156 729125 810786 930029 184967 94570 845065 856039 847455 381646
482325 822883 753835 444430 257807 615421 386401 460843 98272 248234 501456 625901 775221 437651 421637 139131 287390 446359 823729 999999999 191457 614879 725973 791194 695758 408599 158042 522371 543449 298344 836807 922056 278454 230221 452556 230619 421465 443035 826660 186519 122812 250917 343947 512666 879533 575597 430736 190791 310598 418909 357861 350302 767034 496246 882081 484878 384092 305006 328553 177062 559674 229889 135596 385701 642620 902204 222820 698837 744317 341600 326407 463019 741991 533494 702221 470478 415125 805559 607480 578042 679209 581716 626025 365667 831457 158766 514408 237189 802674 431712 468977 292359 586045 213502 677748 729160 341757 185023 182194 693947
673781 876883 722457 282279 263169 649879 452299 522219 166605 79959 489450 558964 734035 627799 604006 239067 437167 474347 856269 191457 999999999 499888 585511 761818 701107 599740 190732 382374 678528 239242 786460 815656 105612 180240 643929 259460 262645 634245 907830 146572 125786 441407 522363 506043 789744 418726 606965 292958 493329 240711 267857 465820 857622 335080 963525 619907 250062 474141 519746 258405 413612 418942 119409 205339 727209 788077 410589 703059 738055 157077 144011 362479 609125 716186 764011 626097 343600 720767 699849 511899 658538 617603 708965 404597 905926 347320 673178 301309 785168 307419 277574 165278 421301 74693 686566 764274 158892 375770 373362 639804
1013569 683945 354667 254099 394670 481965 482333 492658 648904 537509 307185 167670 339095 942864 871394 722588 656627 402118 612374 614879 499888 999999999 146324 387884 435077 959671 469211 137492 765926 321640 359658 315779 535536 385556 993123 429907 260682 965127 781110 428360 618068 791093 791793 322955 298689 175097 846988 527482 787481 555134 257400 593792 768711 221199 826049 726318 250060 727748 887321 501206 135552 816895 480701 349808 659498 289611 748972 433333 428695 509269 389765 152992 140614 965124 623239 790301 216734 239827 662488 160044 341959 469311 643225 419617 761232 706926 834673 470471 433950 192512 449312 337443 211496 562512 435463 553191 382670 768331 761723 242907
1147794 809918 456887 307888 527238 619960 628056 638852 745764 606537 452193 294084 431055 1079141 1011270 820039 796405 548400 731285 725973 585511 146324 999999999 483535 559883 1090555 591021 204878 912250 446389 430182 277115 597724 503285 1125904 561934 324367 1099882 914261 542028 709793 920566 930298 467225 304949 177207 988624 660516 923537 582846 378447 737869 906525 258272 956659 872414 343147 866395 1016027 631340 171979 939245 590395 401886 801408 234484 878969 557458 543137 556959 455039 282318 42480 1107351 759042 935311 353876 277716 806282 299439 463024 609923 785600 564475 892437 832749 980075 606489 534044 294667 462235 435677 194810 638015 563337 681493 444044 890567 884525 349992
1033543 362144 39485 605219 534464 275131 460870 411662 863144 825411 289996 231109 52843 954232 859625 926532 676599 366906 268905 791194 761818 387884 483535 999999999 155273 1005712 635530 506225 643558 523806 95661 366306 834824 589871 1024425 560623 601045 985557 487199 633817 849408 863110 802021 280498 273841 561399 819822 625005 817764 896756 499350 575863 506051 590098 516353 632465 555205 745845 952818 621570 518410 921925 686151 686393 448663 394414 823519 150466 98633 831733 704009 430974 447941 918934 363265 720268 421556 233919 476287 267093 113497 293269 440785 442682 458290 809484 749888 564571 52088 504617 810911 606894 598636 835766 173773 258272 703248 879594 871228 146003
890133 250111 143749 601927 449572 121415 332555 272465 777559 772691 212517 268419 186071 810574 713843 834437 542449 250715 179734 695758 701107 435077 559883 155273 999999999 867487 548045 524201 488914 464125 248324 503059 787169 521476 883112 468901 591787 842937 359379 560917 771048 733999 661330 195157 412953 593179 672430 515493 680642 870520 459911 438399 365338 600336 398120 480126 533495 608456 819760 519690 547227 799315 608407 667896 295057 523586 696367 4837 61357 796539 671963 422185 531600 767820 217123 569029 386319 357724 321246 280280 97635 144045 286289 331574 334881 690271 596817 459908 131072 493718 802801 562853 631192 775722 20656 122957 674592 760055 751505 216180
79427 879113 976209 839041 565061 752285 546310 595743 459618 648513 741213 914756 1009905 93284 182455 419483 330053 643991 924095 408599 599740 959671 1090555 1005712 867487 999999999 503857 897046 461799 644393 1078656 1236802 678071 592998 46388 529886 815094 65303 820405 561869 503972 170537 207255 742053 1174460 961407 229213 432281 188008 814956 712685 430116 748640 888214 866216 429486 765349 259879 80057 459357 937251 184140 526255 791232 667756 1228022 211633 871941 927675 744372 733432 809644 1097788 232511 764451 347764 743128 1099132 623842 872505 895907 724470 659595 579360 840323 263357 356126 491160 996561 801503 876728 680537 977801 609525 846836 840515 748732 224054 226419 957253
567161 698844 597716 340208 101075 478970 265678 338133 229782 270567 346915 468447 618002 506062 458805 291003 264216 304153 688103 158042 190732 469211 591021 635530 548045 503857 999999999 393647 491639 147617 679030 769821 295951 89148 542239 79691 316033 521399 721095 65347 224631 333387 373998 359494 723843 457812 451256 108702 354903 424846 213309 276898 668772 386959 776917 433658 261904 316140 427082 71074 433594 348599 72176 312172 538947 752468 293313 550775 593426 339087 265656 316228 602290 567947 582293 449612 261105 649385 510185 420750 524508 445582 520938 226882 720945 242395 497842 111313 649325 298478 430752 182040 475671 255852 531070 594119 279159 299915 293669 535913
958048 764280 469863 117505 343263 544084 482098 512387 541073 410062 351461 275469 461270 892835 832557 615362 619904 423276 703897 522371 382374 137492 204878 506225 524201 897046 393647 999999999 772211 255616 490258 443242 405041 304645 934397 376003 127220 911119 846957 340535 505729 726512 749266 370713 434949 79641 814813 473711 738007 417683 187741 577179 823863 85414 896159 725260 138532 686347 820704 441236 41054 739500 387020 214303 703787 410815 685746 523479 530515 374103 259259 120877 226754 934362 686436 776546 193022 377309 698296 247106 440417 524161 686036 414016 831247 635992 823607 425865 547882 95716 313116 231010 113999 438660 519988 632922 250468 690961 685299 360647
453635 427738 625627 777206 462589 368484 290139 275035 640794 756482 465705 649401 666450 379329 280205 657016 256721 364209 488812 543449 678528 765926 912250 643558 488914 461799 491639 772211 999999999 547602 733386 958921 783958 546435 458749 444122 755397 414740 358648 551033 664179 403662 275769 454482 877107 851378 233038 385622 314721 916304 601164 215789 286844 808530 404829 59006 686526 265330 449405 421229 811128 489315 559806 784091 221761 966825 387866 493751 549110 830614 748669 653496 901499 293788 324918 114099 579386 809039 180657 623965 553545 353857 219720 358236 379387 427612 117447 390526 617458 688917 914957 643370 882146 733919 469845 420375 760324 475204 467929 652811
703389 656119 484606 230818 90329 424629 269314 324480 349564 308614 251669 332869 498463 637330 577814 419395 367001 255430 625629 298344 239242 321640 446389 523806 464125 644393 147617 255616 547602 999999999 554272 624000 323394 70120 680501 120938 208305 656110 704680 116106 329312 474228 494106 269133 581877 326930 561955 218103 482398 419177 68442 338167 664040 267715 759131 494833 140893 431596 569642 186068 296559 495515 170974 243404 534049 605452 432761 465828 499150 339023 223703 168696 455770 681371 551153 534006 117367 508500 515672 284747 419354 394371 515334 204883 697729 386849 582172 173157 546024 160295 381430 108226 350667 313818 450551 536263 231093 446891 440407 408033
1110619 454309 107880 598703 579150 365392 532398 490551 901609 844017 344643 229938 69155 1031775 939321 968386 748604 434895 359004 836807 786460 359658 430182 95661 248324 1078656 679030 490258 733386 554272 999999999 275951 850150 623211 1099776 608494 598357 1062122 581117 668635 883528 930072 877846 339733 183671 534346 901077 681990 890801 897895 518972 651182 601520 575663 608302 719187 561810 819558 1022077 674005 494958 983942 722680 686887 543069 308214 889414 243609 194019 839435 712368 435934 391026 1003553 458882 805529 442938 158960 569418 275290 184985 380306 534604 505121 551607 870145 837151 619915 141026 506788 802302 625193 569830 858722 265597 353878 709552 939842 931670 146692
1281847 728427 361902 559664 683084 605504 710864 691668 962561 851716 508227 324019 320790 1206364 1123477 1035720 915126 613933 634282 922056 815656 315779 277115 366306 503059 1236802 769821 443242 958921 624000 275951 999999999 848030 691950 1265406 717722 570421 1232697 852841 736623 933038 1073762 1051078 513761 92548 444705 1091525 809591 1054758 851700 565520 832356 867237 516974 882634 933565 565810 988229 1169892 789693 424389 1110527 790462 656775 793062 48478 1031417 498879 458915 816206 702053 460847 236855 1203660 720085 1012376 508745 150053 812477 364386 414976 610697 781682 662791 824391 997318 1050524 748025 415681 508247 734804 652637 468611 877847 516087 619888 693662 1062772 1055515 306269
754674 973747 795346 290874 362061 744401 554886 623374 221067 30222 574659 620274 802686 714885 699035 280314 540652 570319 948236 278454 105612 535536 597724 834824 787169 678071 295951 405041 783958 323394 850150 848030 999999999 274374 723509 361943 277861 718097 1009482 247372 175461 528314 619273 592421 832951 422083 705066 398477 587915 140605 335525 571432 960719 339467 1065036 725276 291541 574112 599009 364014 428516 494221 224988 195929 830038 815728 501270 788749 819863 67719 146008 415555 627066 811150 863126 729552 413323 768283 803667 575262 736699 712863 811671 504165 1006524 437220 776236 405911 862338 349506 209493 228064 415089 68937 773878 857700 154768 455352 454347 704797
655894 699409 550912 254403 90466 470699 287177 351835 279557 255440 310734 402915 566306 593712 542493 349285 339644 296013 676272 230221 180240 385556 503285 589871 521476 592998 89148 304645 546435 70120 623211 691950 274374 999999999 631230 102316 230314 609835 737543 45988 260501 422511 457755 326721 651500 368869 531705 183082 441144 385598 128156 331327 691703 299442 792829 490591 173222 397733 516185 146094 344489 435989 100854 239117 560803 672052 382294 523541 560111 301445 202866 233080 515962 649881 589126 518287 187303 578355 537688 354785 483236 438834 542212 231296 733385 331354 566825 156504 609882 209739 368716 100277 387489 254561 506628 584667 214024 387323 381379 477281
33334 881789 996055 879331 599155 766009 567778 613032 505541 693866 765790 942326 1030786 79434 179492 465871 352951 666310 931139 452556 643929 993123 1125904 1024425 883112 46388 542239 934397 458749 680501 1099776 1265406 723509 631230 999999999 564186 855303 44027 816752 601557 549732 209485 222406 765577 1201000 1000050 226474 465876 211099 860738 748922 448879 744812 927968 860742 431748 804110 280656 124571 494691 974829 230045 567637 833652 670852 1258004 248937 887655 943804 789620 776345 844239 1131979 206347 769698 345920 776392 1125922 627085 901049 915988 739369 663880 604917 838126 304108 347913 523119 1013105 838720 921201 720564 1017307 655070 862464 849950 791612 268732 270649 981704
585863 621228 523405 346589 35281 399639 192998 262994 308659 339015 270838 406230 545690 518079 456897 367327 246556 224524 608667 230619 259460 429907 561934 560623 468901 529886 79691 376003 444122 120938 608494 717722 361943 102316 564186 999999999 323095 538034 648369 114817 304287 361252 373311 282302 665482 447866 441307 98629 362708 482463 188264 229166 598776 386840 704070 388391 258981 310669 457571 72132 417025 392807 147025 340751 468122 704237 319081 471706 515234 397155 304924 280053 567968 560634 506020 418857 213824 590204 442100 359683 448601 366345 449788 148160 646721 279860 467338 55103 572406 281050 470978 200513 471202 329092 451730 514814 316293 345162 337830 467954
881411 816626 562682 24174 296917 586951 472473 519082 426461 283648 393587 372329 560915 821959 772805 500268 568190 438073 768262 421465 262645 260682 324367 601045 591787 815094 316033 127220 755397 208305 598357 570421 277861 230314 855303 323095 999999999 836458 883780 253988 388079 645819 688057 413585 559368 156687 761496 412841 670729 299699 158111 546375 851097 74822 936115 703065 69788 627932 736443 376306 152661 647235 290525 89756 724189 537883 607236 591998 609226 248617 132297 171887 350881 879983 724803 741089 211792 498405 711067 334011 519724 561609 705668 405165 872351 551739 789428 377761 637426 98414 211829 134794 164605 313816 583697 688170 123250 599626 594917 459597
49161 838134 957781 860583 572644 725171 531001 573914 503387 688147 730593 909067 993044 35412 135802 469567 318065 629828 888223 443035 634245 965127 1099882 985557 842937 65303 521399 911119 414740 656110 1062122 1232697 718097 609835 44027 538034 836458 999999999 772726 582489 546432 193641 184376 729685 1166747 978508 182647 439409 178435 856818 724525 410944 700786 908248 816771 388237 783052 245089 124281 470055 951801 230458 551679 819075 627312 1226455 229588 847513 903800 783248 762989 817702 1104634 168192 726476 302016 748526 1091905 583586 868614 877902 699019 620532 570733 794111 289066 304010 494659 973236 815413 911807 701698 997068 650324 822305 807657 778148 263304 263827 946166
809962 131337 492158 899635 647948 303001 455786 386138 923504 987295 496296 620193 532328 737332 638788 958269 569276 450093 228749 826660 907830 781110 914261 487199 359379 820405 721095 846957 358648 704680 581117 852841 1009482 737543 816752 648369 883780 772726 999999999 762250 934473 747613 628434 476683 760643 922838 591647 639012 664319 1121634 730097 479939 71945 911644 55839 395569 816499 604148 804287 663377 876905 830971 792882 942961 184120 877939 723937 362668 394617 1038601 928372 730918 888378 638291 160542 472641 673210 712969 220556 621214 456636 323782 201208 506247 33248 749434 470008 610267 440289 792714 1082508 812905 959819 976552 352559 236658 935574 808175 800076 575521
627451 730428 595012 278101 116717 504265 307563 376256 233646 225251 351895 448883 611187 568419 523612 303320 329153 328423 711597 186519 146572 428360 542028 633817 560917 561869 65347 340535 551033 116106 668635 736623 247372 45988 601557 114817 253988 582489 762250 999999999 215703 392099 438853 367094 697162 400331 516568 172670 418726 368717 171507 335327 713448 326428 817857 493728 204621 381411 483808 134565 379381 399133 54878 246825 582711 715956 353260 563169 601392 283121 201160 276680 556477 633075 617479 513442 233205 624162 556915 400752 526169 471730 564323 258053 759782 298687 561803 162444 652640 247386 366974 119209 415933 218867 545433 618999 214361 350697 345249 522888
581344 920699 810663 407998 321486 703393 484031 558093 45762 146999 565401 660960 826766 545545 539313 113771 409136 528784 912594 122812 125786 618068 709793 849408 771048 503972 224631 505729 664179 329312 883528 933038 175461 260501 549732 304287 388079 546432 934473 215703 999999999 360540 464160 579585 901876 544393 551226 295844 428999 311006 373203 464951 877637 460831 990219 605365 370453 427519 425547 271843 538167 319849 163689 329447 750544 907461 338216 773606 814282 242897 268301 474368 732167 650287 802309 593245 443683 830829 717718 612996 741113 669924 733265 451043 936987 274816 637213 328475 867311 426075 381693 280629 547006 106526 754543 818484 282724 283137 282986 737345
236232 783818 831134 669850 396525 625776 403095 462681 320046 498169 587433 754160 862236 186748 187488 300213 194082 496571 814349 250917 441407 791093 920566 863110 733999 170537 333387 726512 403662 474228 930072 1073762 528314 422511 209485 361252 645819 193641 747613 392099 360540 999999999 133688 590564 1014851 791079 212739 265009 91916 668163 542427 299496 678441 718524 798695 355174 595047 143562 96436 289980 766716 85816 358768 625729 576530 1063052 42387 738165 792195 592356 569385 640265 928514 293772 663367 298765 575018 939287 533780 710433 750903 595165 564705 425369 762043 95483 329241 325795 859385 630983 718812 511081 807931 461597 713600 724918 584559 85894 82296 802279
233167 677093 773779 712156 406206 545286 346675 390671 428956 589219 546944 727106 808793 155580 84827 422441 136399 445554 718198 343947 522363 791793 930298 802021 661330 207255 373998 749266 275769 494106 877846 1051078 619273 457755 222406 373311 688057 184376 628434 438853 464160 133688 999999999 545611 983590 820798 87104 276752 41821 759707 561533 226685 557750 756356 677486 232867 628745 64049 176070 312051 790302 218707 420189 684630 466245 1046347 132463 665836 721837 678789 633856 648382 932174 195135 560186 166621 576628 908993 422469 687767 693789 517889 456729 388321 645526 191138 195558 324504 791014 654344 793507 555535 842847 556696 640674 633613 648301 215409 209822 762195
778665 403046 244915 427220 259014 174792 199589 180463 589056 577598 20012 195437 272611 701004 613399 649578 412713 100915 360096 512666 506043 322955 467225 280498 195157 742053 359494 370713 454482 269133 339733 513761 592421 326721 765577 282302 413585 729685 476683 367094 579585 590564 545611 999999999 440120 447684 579339 344875 555022 680018 270130 321449 453834 435576 526855 422940 349978 484995 683217 341206 402158 644643 416117 482691 338084 516445 549750 197029 234700 603936 481206 254382 451579 690094 316165 499030 202073 366913 339537 170688 167299 153450 321274 165389 462238 531215 538411 284098 290105 318774 620570 369768 484146 580690 181462 275468 484986 601143 592882 216643
1215883 635923 270647 552301 631830 518691 639390 614304 928026 833375 436961 260814 229100 1139170 1053266 999780 848691 541026 541739 879533 789744 298689 304949 273841 412953 1174460 723843 434949 877107 581877 183671 92548 832951 651500 1201000 665482 559368 1166747 760643 697162 901876 1014851 983590 440120 999999999 452891 1019445 753217 989905 851900 529198 761318 776081 515622 790126 854472 543530 921672 1110277 736553 424295 1056881 751855 648429 705006 126485 972742 408666 367193 807956 687657 427894 262470 1129320 629597 935563 464597 75592 726002 306001 327720 525919 694222 596134 732041 942764 972135 690751 323135 485058 741158 624610 482186 856005 426750 528397 681038 1009926 1002349 225825
1024739 836730 526941 136493 416341 619841 561339 592000 583124 432504 428729 334588 513543 961581 904687 656865 693542 502762 772757 575597 418726 175097 177207 561399 593179 961407 457812 79641 851378 326930 534346 444705 422083 368869 1000050 447866 156687 978508 922838 400331 544393 791079 820798 447684 452891 999999999 888578 544225 807646 407645 260817 654586 901405 84040 971286 803956 196061 758492 883883 510289 46174 798468 442259 226241 782368 406137 751118 592115 594731 379794 282036 200434 210963 1008074 762466 853716 272502 405133 777503 313168 505499 601016 764722 493142 906285 698720 901038 499342 605997 167632 290342 284078 38056 465783 590377 705156 270008 750329 745160 415582
224545 655572 794675 785426 472237 552476 380686 410670 516020 675092 583476 768276 831990 147389 47188 507999 195038 478463 707346 430736 606965 846988 988624 819822 672430 229213 451256 814813 233038 561955 901077 1091525 705066 531705 226474 441307 761496 182647 591647 516568 551226 212739 87104 579339 1019445 888578 999999999 348701 125209 845319 627887 259291 519792 827702 637042 206116 699749 135288 227500 385720 855832 293878 501809 763305 444959 1090241 218119 677125 733731 763762 714339 708778 987579 119549 544836 119528 635202 946102 401334 732037 716095 528601 438626 432388 612263 278083 129052 389252 803454 721127 875795 630990 912502 643102 651968 628928 728509 297611 292780 794928
487283 632092 589789 436809 133337 427569 196072 270326 285325 371359 337691 492498 616385 419582 361055 328361 157188 264900 634678 190791 292958 527482 660516 625005 515493 432281 108702 473711 385622 218103 681990 809591 398477 183082 465876 98629 412841 439409 639012 172670 295844 265009 276752 344875 753217 544225 348701 999999999 264376 531131 286158 173862 581802 479940 694690 327117 352156 215358 361438 38132 514662 304421 174245 418181 454951 798152 222638 518946 567819 445612 373805 378486 666105 467176 511520 340971 310857 677646 421888 447566 511530 393975 437853 184517 642440 190014 389256 62772 630114 378353 539309 282814 566108 351005 496533 540197 387020 258676 250723 546890
227438 708445 788203 694897 396765 566936 358406 408426 392373 557744 554869 731414 821998 155605 111128 382794 142379 456365 745831 310598 493329 787481 923537 817764 680642 188008 354903 738007 314721 482398 890801 1054758 587915 441144 211099 362708 670729 178435 664319 418726 428999 91916 41821 555022 989905 807646 125209 264376 999999999 728516 550530 242515 594141 740575 714174 269231 613704 72194 143866 297357 778921 177188 395767 662426 498518 1048113 92991 685044 740522 648822 609872 641219 927305 223254 590038 207449 571120 914846 455017 690513 707906 538289 488102 393820 680431 154374 237365 317283 809187 642532 767090 536935 828187 524045 660012 659360 624579 173938 168564 770863
892319 1074981 857829 301782 476048 843101 672620 736938 355499 170799 660911 670633 858684 854499 839634 406365 677844 674270 1040057 418909 240711 555134 582846 896756 870520 814956 424846 417683 916304 419177 897895 851700 140605 385598 860738 482463 299699 856818 1121634 368717 311006 668163 759707 680018 851900 407645 845319 531131 728516 999999999 410701 701717 1077178 336506 1176579 858071 341997 713750 736520 495079 428735 630818 357014 211145 946305 813774 641719 871460 895780 85793 198825 465909 618455 951754 969973 866748 484938 794848 923114 630153 808365 813339 927689 616015 1115989 577651 913883 531038 930245 392681 125627 312114 388495 206651 859511 953096 196048 593611 593009 757741
771828 670176 459867 177952 155756 438381 315320 361057 398923 326474 250722 291122 468366 705595 644916 471171 432857 281575 630113 357861 267857 257400 378447 499350 459911 712685 213309 187741 601164 68442 518972 565520 335525 128156 748922 188264 158111 724525 730097 171507 373203 542427 561533 270130 529198 260817 627887 286158 550530 410701 999999999 396897 694918 207658 783286 550531 88438 498687 637665 254501 228770 561904 224960 214099 567095 544449 501055 460929 487425 337428 212051 105177 388982 747414 572609 594972 77802 457665 553134 244077 402256 410883 548506 247541 720254 454350 642747 238644 527225 93243 353335 107550 286533 339750 448819 544970 215055 513222 506938 372460
459509 493898 547176 568985 250160 326816 121928 165987 448377 544764 324630 508985 582116 380934 291970 478724 105470 220637 516515 350302 465820 593792 737869 575863 438399 430116 276898 577179 215789 338167 651182 832356 571432 331327 448879 229166 546375 410944 479939 335327 464951 299496 226685 321449 761318 654586 259291 173862 242515 701717 396897 999999999 417824 604107 534721 159270 478838 170349 381732 207434 617514 372754 346497 569852 297470 831002 265305 442760 498074 615940 533085 463647 733853 373968 371735 199457 388684 687524 259438 473064 467128 296993 282344 174879 487771 275713 246462 174989 566674 488189 699453 429370 682651 524860 417797 425912 544912 340638 332113 537908
738050 175579 505455 868252 601380 286855 405896 340496 864572 937460 472677 613502 547061 665394 566920 896485 503245 413350 266167 767034 857622 768711 906525 506051 365338 748640 668772 823863 286844 664040 601520 867237 960719 691703 744812 598776 851097 700786 71945 713448 877637 678441 557750 453834 776081 901405 519792 581802 594141 1077178 694918 417824 999999999 884021 120259 325017 782595 535215 733405 608220 855973 762327 740901 905403 130910 888884 655857 369258 409293 993116 886937 705310 883411 567054 149482 400892 643248 723037 159921 608953 459577 301073 149493 461484 96652 683518 398114 557474 462923 763261 1044618 771885 937624 924620 354763 248006 895003 740826 732828 578177
953642 835410 553250 52917 357989 610351 521045 560648 500062 348971 415742 359013 545894 892917 840889 573598 633310 475004 779474 496246 335080 221199 258272 590098 600336 888214 386959 85414 808530 267715 575663 516974 339467 299442 927968 386840 74822 908248 911644 326428 460831 718524 756356 435576 515622 84040 827702 479940 740575 336506 207658 604107 884021 999999999 962359 758183 127954 695285 809856 444331 92627 721583 364792 143620 760205 481132 679463 599943 610370 300451 198119 181496 288769 946734 751337 801343 241371 460641 750801 327743 520103 587863 741997 452708 897803 624906 849359 440474 630711 122154 228176 207769 90003 381846 594684 704813 186357 673839 669018 444949
852581 154209 524892 951569 703367 352282 511562 441663 979040 1042951 546636 663054 563759 781460 684014 1013282 622637 504143 249922 882081 963525 826049 956659 516353 398120 866216 776917 896159 404829 759131 608302 882634 1065036 792829 860742 704070 936115 816771 55839 817857 990219 798695 677486 526855 790126 971286 637042 694690 714174 1176579 783286 534721 120259 962359 999999999 444963 869250 655471 852899 719187 925232 882572 848688 996550 239743 909887 776015 401014 427721 1093733 982831 781233 929442 677310 211380 518880 725039 746144 275297 666632 495753 374923 256966 561546 65034 802903 512959 666104 467396 844186 1136097 867348 1008509 1032343 393370 275443 989852 860802 852770 613822
430633 450186 611385 725247 408343 358719 245261 242631 582401 697703 432257 618329 651046 353201 252474 600010 198776 327784 501623 484878 619907 726318 872414 632465 480126 429486 433658 725260 59006 494833 719187 933565 725276 490591 431748 388391 703065 388237 395569 493728 605365 355174 232867 422940 854472 803956 206116 327117 269231 858071 550531 159270 325017 758183 444963 999999999 634699 213616 408796 363033 764749 440141 501356 728971 239104 938807 336134 484932 541281 772434 692258 607927 863735 288283 338768 90629 533228 784409 195350 589737 536170 339361 232511 311946 412974 372513 118154 334244 610674 639776 858654 588384 833782 674960 460227 425440 704153 422989 415446 628862
