NAME : synthetic_000402
TYPE : CTSP-D
DIMENSION : 100
GROUPS : 8
RELAXATION_LEVEL : 1
EDGE_WEIGHT_TYPE : EXPLICIT
EDGE_WEIGHT_FORMAT : FULL_MATRIX
EDGE_WEIGHT_SECTION
999999999 66423 445635 505501 548955 264388 423935 66999 89037 191718 523528 235757 231166 219787 346751 337941 174108 494601 296474 362548 386824 346774 403779 395161 323701 400426 409647 211126 221372 574879 136967 335629 575472 469962 242413 536836 644616 419650 490697 537188 451862 163882 183440 315305 384490 434670 515608 498025 421687 595403 476198 168288 355881 238878 588983 399025 428838 150605 696393 549170 397069 354683 523061 377610 135489 561502 240975 225991 439180 176998 52579 496372 164983 284263 300479 562867 417854 411210 573007 428418 368235 451742 487447 637800 371101 626875 171063 237252 227109 310331 415644 215483 604855 287184 515756 356437 452086 397949 478578 146686
66423 999999999 441494 556514 502518 224093 358028 5452 152004 184113 482202 205805 270147 223528 300934 396809 184727 437550 355919 401089 326252 366436 403606 418486 389232 430297 379773 251801 189995 522868 79163 270953 545866 475066 176252 475896 582662 362314 424728 507503 518050 229574 249790 324012 422627 381951 452422 507510 356408 569163 434107 221761 318817 283519 523052 363983 483513 215493 660133 521765 355805 397455 560551 351027 69221 606138 174665 189547 453242 111714 25737 511206 172240 284244 327603 506775 435717 458229 623740 457759 398192 498457 422000 580454 311251 561872 171226 288259 226655 264911 464943 212537 573717 338902 547021 345140 418556 352445 481771 80650
445635 441494 999999999 447254 884531 276715 533140 436059 428739 625231 289330 640327 665961 226240 285772 445830 273280 775026 667692 281838 419498 167970 47320 838621 539392 226096 806787 310614 624251 414547 396397 458907 230090 70019 494105 498699 857602 709384 577014 207281 649360 468793 513189 759835 282568 354206 522382 113678 623750 222550 275953 375934 737736 321867 730649 783792 442780 522467 365089 198524 253598 311099 948428 160736 441182 420092 465595 618982 122288 481121 422650 148323 280945 161524 743053 451619 863109 361640 487883 227876 807484 858351 556058 899052 405970 790252 275006 650241 218590 671544 816621 652921 260612 692204 950863 786237 838452 285042 62804 438134
505501 556514 447254 999999999 1054422 575092 847268 553495 421553 676772 722649 736773 600172 413316 640055 188804 413625 993269 497882 188609 758114 302249 413670 766329 286983 223097 905369 309614 723646 837593 578996 753440 677268 393764 712636 883282 1129043 918087 908620 653681 308159 376876 398422 749935 176399 737623 888893 370924 890679 666866 696323 337222 858610 275184 1042400 899777 87276 441870 810832 645779 643279 173863 792434 553654 608926 93515 696976 730269 327567 660018 531180 331477 426946 411867 684206 861109 804508 105464 67515 219603 719613 680347 895032 1135580 740584 1091802 442029 546700 425203 815832 638816 690896 707407 559349 822607 828109 950678 668229 409076 615335
548955 502518 884531 1054422 999999999 608451 424134 506359 633962 395448 769930 323019 543263 705138 625243 881506 677220 140929 698556 903431 522565 856772 859533 510424 839581 928579 191517 754183 334100 718625 506092 449694 884037 936649 390642 584297 256379 180990 437202 852117 946959 692138 688704 413816 924853 624236 532231 976146 303896 919552 730627 717238 203659 785137 358678 174308 976444 641768 942770 874371 682224 899817 677108 741569 464972 1108308 418938 325235 932538 415817 528253 989417 663332 753189 503905 666391 483564 959267 1121934 955288 541468 702723 459746 172431 525883 331508 655974 606190 702470 238714 699034 393805 899505 637194 624593 309449 147798 656774 938765 463105
264388 224093 276715 575092 608451 999999999 279634 219255 305015 396857 259445 390220 491981 162808 85601 474309 177791 498870 554391 387906 183022 293120 256367 641785 517589 379048 544442 290119 374761 318329 151686 192216 324986 333293 219192 316520 592254 432670 336504 286936 649378 379808 416942 541969 403790 184366 315274 375364 352892 351357 211872 315067 472653 323710 480122 517956 527797 400257 436041 303321 132814 401541 783661 140136 191380 591088 189875 365436 343051 218359 218122 395643 168930 173259 551660 317562 657083 469877 635303 399860 622283 716069 321126 626059 165512 535531 150585 501567 150079 403755 679967 426733 351501 551264 771112 543741 571555 135037 333442 184034
423935 358028 533140 847268 424134 279634 999999999 356979 502325 433817 352432 377306 590418 435143 247415 723717 435134 286843 706807 663138 115726 572735 524295 681940 739680 658454 451765 546028 369136 295262 293908 94809 473117 598015 191482 170705 326497 250303 66815 445504 871219 582842 607143 563045 680302 209071 123849 641952 120238 510601 318628 548869 383217 581438 200818 415625 791755 573392 519424 469087 289725 673596 852177 373209 288877 869271 184129 351321 618077 257059 373285 667368 422551 452891 614566 245816 680266 741857 909750 679492 682610 818493 66728 381225 127452 258104 406303 627835 424566 320323 792649 458982 484273 677102 820854 511774 455373 259244 594839 277383
66999 5452 436059 553495 506359 219255 356979 999999999 151124 189565 477573 210851 274456 218280 296510 394839 179733 440238 358489 397130 323540 361544 398212 423575 388810 425814 384677 248167 195011 519068 75513 269280 540735 469738 176550 473300 584419 365000 423728 502368 518006 229311 250421 329387 418626 378175 450325 502263 357194 563938 429507 219323 323412 280132 523431 368655 480930 216878 655279 516564 351123 393798 565107 345763 68560 602527 174022 194336 448125 112759 22315 506096 167168 278884 332520 503431 440957 454878 620672 453236 403038 502410 420686 583049 308399 562733 165967 291730 221321 268998 468678 217983 568642 342354 551864 350538 423277 348032 476411 79687
89037 152004 428739 421553 633962 305015 502325 151124 999999999 259052 555987 315277 240306 208452 390570 249484 161666 583425 254113 293244 452651 302384 383197 417511 238363 340731 485600 146809 302095 623150 208746 410795 589934 440025 327448 601638 733420 508552 569070 552552 369012 80732 112375 359427 315116 486324 585493 461600 508315 604731 510798 88175 437061 166640 674268 478508 342484 99242 718617 561062 432667 280569 519877 393706 218474 482872 322677 309043 398495 263715 131301 453117 159443 270745 322246 618254 446702 331578 489005 368630 382142 433683 563751 726619 435875 713836 173551 221842 220418 396068 393460 277241 620962 265873 522776 418823 530047 439602 450897 228644
191718 184113 625231 676772 395448 396857 433817 189565 259052 999999999 646000 78826 169512 403982 463268 495213 361295 382676 315855 550141 447999 538104 586421 255727 444639 591441 228931 399699 75800 664674 245367 372410 721839 656246 249634 586805 552098 316244 493694 683749 552383 303006 294586 145942 572122 526842 550725 686639 377851 747465 597801 347159 191815 424141 542971 227302 594189 247454 828338 699592 522656 539208 419683 530974 206710 741600 269977 93291 629407 198496 202797 686940 350344 466541 180806 636845 263978 590259 743772 619480 249835 387235 500161 519199 437391 563532 352315 223913 408662 176895 365407 29983 748141 265511 393124 164857 275243 513224 663712 215814
523528 482202 289330 722649 769930 259445 352432 477573 555987 646000 999999999 625160 751261 368963 182969 676402 405608 636949 809197 540817 247449 421854 311957 896881 744134 500183 756320 501490 611074 127986 406153 324607 125177 357588 424221 244540 666371 590023 367924 108226 870529 624569 665105 791921 548259 145697 285084 398395 469619 163728 48302 546370 682881 528148 518668 724337 701370 654047 183961 131492 126656 565103 1042630 177627 439978 706258 395155 598315 409491 452295 477491 436327 402452 331738 808763 175185 909456 626613 769925 508602 879783 975264 343091 731441 245612 580840 385673 760404 353939 612416 938725 675939 132053 809773 1028517 779238 773144 132874 346697 430333
235757 205805 640327 736773 323019 390220 377306 210851 315277 78826 625160 999999999 246740 428530 445600 559868 390523 303851 394671 598113 408439 572003 605210 304839 517225 633081 174817 446694 16087 629204 245541 328265 711888 678511 207382 538444 473521 237942 433129 674572 628567 369403 366026 185739 620020 496089 498368 712264 308459 740453 577727 401488 121991 474539 469916 163526 656533 319271 809053 692367 506772 590368 477094 529322 201440 796499 233264 27449 658917 174134 229605 716898 378019 487384 245019 595862 303584 645648 804187 660854 309010 456381 442251 440824 400289 487561 376234 302612 430553 98070 437783 91545 736037 343302 443693 154548 216334 492900 684367 206974
231166 270147 665961 600172 543263 491981 590418 274456 240306 169512 751261 246740 999999999 441020 570926 411368 393457 548655 155417 516355 585922 541903 621407 178530 330167 572347 357653 382301 245272 791507 348663 518220 806639 680201 399841 732046 719729 484614 653277 768353 414080 234695 203335 155137 537164 650660 701169 701745 545065 826297 703383 315322 344161 394035 711661 369014 513146 165748 926642 780242 624622 496941 292121 608744 324465 678668 413703 262778 638228 337974 273872 692029 387474 505377 85986 771830 211141 532149 663623 599539 141928 231110 657141 681250 572707 733041 397136 64487 450811 343851 202359 156914 835981 96820 285963 251368 405819 622453 690857 336117
219787 223528 226240 413316 705138 162808 435143 218280 208452 403982 368963 428530 441020 999999999 236301 316974 47599 615757 458572 228000 345443 152131 184014 612489 375389 230613 600923 134643 412554 458775 199049 342449 385339 252272 324166 477379 731724 543245 495527 348922 503346 263253 306471 534802 245486 337782 478049 283984 490145 397730 328725 178523 536368 165278 632836 582319 365157 306373 517831 355407 257510 239476 727020 194875 241168 435410 301913 410261 231109 289331 201827 289048 54811 64730 516990 468944 636892 307895 474818 255178 582070 642102 481717 752478 327798 684988 52327 429708 15119 475720 601662 430577 417012 474325 726688 567537 637316 274766 259880 242142
346751 300934 285772 640055 625243 85601 247415 296510 390570 463268 182969 445600 570926 236301 999999999 552661 258914 503443 639092 451457 134237 345566 279318 713967 601165 432304 586316 368818 431038 232738 223742 179578 269090 351384 252032 243329 572770 444805 292978 233319 732395 465314 502540 609210 465105 101710 251604 395538 343818 300890 134680 398630 513026 401065 445368 556536 599396 485376 365209 253607 61501 468590 861369 125966 257030 646883 221819 419227 376410 271652 298304 422780 251429 228626 626306 234257 726541 536086 697264 449742 697443 797432 273368 619086 120215 504592 233141 583874 222001 442508 762170 493231 291302 633926 846065 600124 607936 51528 347686 247489
337941 396809 445830 188804 881506 474309 723717 394839 249484 495213 676402 559868 411368 316974 552661 999999999 296946 832488 316043 174701 651158 277861 401150 578713 114488 243729 724087 184223 547798 774557 436126 629028 664169 417110 566159 790787 979148 757459 788778 632967 203588 192322 210078 561573 185371 654343 786289 413987 747865 664558 640331 177477 681741 151706 908912 721086 101939 254525 801700 631982 573105 143810 616196 498787 457664 270548 555831 556302 351957 506655 373111 384903 307213 344668 495516 785903 616448 137864 252998 261469 532583 506455 779078 975681 633396 952945 325177 358488 331729 644663 463696 507141 696328 373853 641841 642019 770389 591626 432430 466102
174108 184727 273280 413625 677220 177791 435134 179733 161666 361295 405608 390523 393457 47599 258914 296946 999999999 594891 413465 235842 354949 182116 230202 565343 343215 251630 564355 113275 374722 487838 174027 340693 429552 296001 305415 493984 719213 521082 498124 392604 473733 220566 262874 489413 255573 360333 489755 325348 478854 443318 363211 141677 501930 147938 628811 547539 356909 260211 560391 400168 288573 241334 679539 235681 212474 445640 286408 373819 269005 262818 161334 326879 14140 112013 469777 493171 590179 308739 477755 278105 534591 595309 486401 734079 337162 678387 28926 382425 58758 443963 555117 387145 460926 427419 679093 525651 602357 302123 304473 215468
494601 437550 775026 993269 140929 498870 286843 440238 583425 382676 636949 303851 548655 615757 503443 832488 594891 999999999 698500 828783 391068 767532 754678 561311 808176 845118 249895 685228 308874 579607 420928 324257 754256 831842 291672 443794 172899 75239 296394 723925 926477 651954 657521 448882 849333 491600 391638 873242 167434 790697 599791 659219 215903 718648 228221 216342 921047 612564 806259 746788 557365 829502 736203 624762 385743 1037703 315800 293965 835285 334380 462508 890559 580752 656506 530632 526504 542957 893045 1060222 870538 582258 741066 319166 143200 396405 215286 570444 606268 610688 205782 729263 391743 767880 645473 689844 356775 226411 530072 832303 380723
296474 355919 667692 497882 698556 554391 706807 358489 254113 315855 809197 394671 155417 458572 639092 316043 413465 698500 999999999 459997 682007 518574 620616 278176 211388 525219 512862 358826 390583 869843 432634 624840 842992 665765 516156 831785 867635 631558 772343 805901 266427 198921 154517 302574 477889 730337 807646 678040 678235 856302 763393 291846 498463 356176 847355 524363 411705 155224 972619 813604 684716 434243 301952 647603 422126 585111 523423 406800 612384 449803 348610 659653 412734 517373 215572 859291 318789 451223 555524 549667 229314 196719 772627 833737 666716 873886 427484 92847 471647 492735 153460 308653 874275 69828 325837 404166 560956 689405 678765 434126
362548 401089 281838 188609 903431 387906 663138 397130 293244 550141 540817 598113 516355 228000 451457 174701 235842 828783 459997 999999999 570775 119637 241058 693916 283451 69345 772192 151432 583441 652061 408341 570321 508745 244871 540948 694673 954965 754347 723145 481153 375409 282407 319833 650286 21987 549151 700690 239358 714257 504185 511632 206157 717017 126604 860545 760936 162319 350887 645514 476566 455674 31040 760892 368043 443483 209800 522241 586687 178319 494742 375391 210623 249841 223318 602126 673601 727490 86262 247399 90369 652359 656445 708733 969009 553360 911947 262739 477169 238865 665957 613129 569932 540230 505606 778247 711818 814407 480047 260451 448075
386824 326252 419498 758114 522565 183022 115726 323540 452651 447999 247449 408439 585922 345443 134237 651158 354949 391068 682007 570775 999999999 472146 413391 703550 682467 558832 518425 468210 396649 221382 249863 82560 363210 485581 201273 150015 442193 342587 159040 333509 815170 532703 563444 589161 586324 101885 135334 529760 224712 399845 208742 483175 445805 502801 311221 484639 709626 536545 424331 356709 174016 584536 865250 258945 262826 772349 178100 381004 509605 251043 334254 556847 344060 352598 625364 188854 708587 652888 818139 578057 696110 817030 140558 495116 17788 370812 326308 612676 333026 376726 786462 476444 377199 663251 841088 557125 530935 143724 481669 250885
346774 366436 167970 302249 856772 293120 572735 361544 302384 538104 421854 572003 541903 152131 345566 277861 182116 767532 518574 119637 472146 999999999 123926 719755 373663 86823 746209 162133 556304 535346 350802 483570 390582 148009 475861 586615 879357 695273 628865 362071 481402 322970 366305 657418 126525 439285 597103 160965 637796 388080 394159 230945 684038 163083 773037 729654 281764 384664 527820 358332 342424 146362 810680 251451 392058 301318 452786 555816 96386 441006 342406 151015 195337 119958 624613 559733 749017 204839 354530 106808 683205 713660 612319 903389 455369 827644 200953 515171 156943 625477 670900 562250 422343 552040 819915 702960 784465 368714 161906 393671
403779 403606 47320 413670 859533 256367 524295 398212 383197 586421 311957 605210 621407 184014 279318 401150 230202 754678 620616 241058 413391 123926 999999999 795100 492937 190635 773994 263305 589125 433128 363748 444855 267704 77262 469051 505335 845488 687022 572288 241038 604446 421752 466137 718793 243941 358180 524639 119087 608286 264161 291881 328803 706170 274754 723975 752316 403130 476089 404511 235551 256838 269345 902507 160719 408418 394470 441551 584803 100912 450790 383632 143464 238800 120020 699434 465380 820358 323405 458383 196866 763137 811685 552553 882305 398632 782368 234437 604338 177891 641351 769850 613590 299177 645837 905771 748746 807204 287135 79883 406331
395161 418486 838621 766329 510424 641785 681940 423575 417511 255727 896881 304839 178530 612489 713967 578713 565343 561311 278176 693916 703550 719755 795100 999999999 484897 750735 321634 560744 312895 920277 491208 626898 964272 856252 503968 840322 732612 514016 737815 925895 540834 411585 376889 119781 714484 781928 802071 879050 608867 986855 848579 493848 346178 572421 761660 348781 679086 343054 1077298 939742 771680 673603 176094 768406 457387 848783 525454 330621 815970 454102 429043 870173 558015 677208 95711 892401 41220 705346 827262 777842 49107 195990 747078 672696 693101 768942 565759 220689 621099 380242 202793 227115 992202 210125 138920 205607 362642 764776 866433 467581
323701 389232 539392 286983 839581 517589 739680 388810 238363 444639 744134 517225 330167 375389 601165 114488 343215 808176 211388 283451 682467 373663 492937 484897 999999999 352732 668995 243375 507517 831052 445779 647078 747109 518821 565360 828680 965216 734718 806274 713518 132703 159823 151417 484992 296654 701838 817178 520244 745380 751677 704043 202572 636232 221223 912239 671412 201778 197955 883686 715387 631247 253490 506483 568185 456693 375870 561031 519134 456308 500637 369566 493801 349808 417196 409393 835021 524368 252040 344175 372620 437001 395295 799952 950408 665113 950549 368051 270322 390480 609659 353095 450454 779400 275343 535627 575229 716754 645322 533647 466980
400426 430297 226096 223097 928579 379048 658454 425814 340731 591441 500183 633081 572347 230613 432304 243729 251630 845118 525219 69345 558832 86823 190635 750735 352732 999999999 807894 194010 617830 617256 425109 568408 455975 180760 554010 672864 961918 771867 715219 431169 442982 341213 380951 700145 60482 525283 683875 171120 720261 448008 475569 257531 749037 178317 858410 793962 219159 408363 591120 424174 427447 99949 824852 334679 464089 214640 532418 619233 112963 514402 405133 141297 265652 206338 657474 643914 782940 136661 270702 28055 710683 721923 698895 982777 541993 912393 274778 536977 237917 693859 678634 613272 486689 567989 840121 755269 848260 454419 196485 467013
409647 379773 806787 905369 191517 544442 451765 384677 485600 228931 756320 174817 357653 600923 586316 724087 564355 249895 512862 772192 518425 746209 773994 321634 668995 807894 999999999 620773 190188 736594 410525 436185 855368 848619 334366 622448 415793 222469 490352 819532 768256 531810 521188 222373 794137 616517 574652 883712 346647 886892 711154 573062 73485 647800 469785 37037 823094 474157 938887 839238 647577 763566 492598 684501 365750 968357 364505 190707 831892 327327 404029 889873 551582 657970 312851 693649 298099 817132 972477 835670 350508 511860 506974 351186 515203 464614 548823 421708 602012 144097 507527 218760 876561 449210 443264 118083 48279 628585 853662 368693
211126 251801 310614 309614 754183 290119 546028 248167 146809 399699 501490 446694 382301 134643 368818 184223 113275 685228 358826 151432 468210 162133 263305 560744 243375 194010 620773 999999999 432062 593406 269454 451272 505695 307494 403054 606629 819493 610229 609863 471292 369261 161313 205154 506226 173366 470528 603025 323091 581837 512625 462554 68812 565858 35475 736827 609614 246190 222687 641502 474336 392147 145656 648607 324956 299853 354360 387996 435550 258157 351126 226074 310281 124451 174227 466351 602559 591530 207830 375825 221966 522765 552595 598807 826969 450424 784360 141934 353201 149697 516025 510081 420446 537920 389997 658012 562512 663003 409058 320169 305914
221372 189995 624251 723646 334100 374761 369136 195011 302095 75800 611074 16087 245272 412554 431038 547798 374722 308874 390583 583441 396649 556304 589125 312895 507517 617830 190188 432062 999999999 617010 229593 317131 696870 662446 195383 528524 477053 240989 426226 659481 620540 358045 356144 194702 605327 483080 489311 696249 304701 725236 563527 387809 135022 460245 468186 177654 643893 309651 794901 677146 492112 576054 483671 513699 185583 782547 220475 18405 643014 159407 213949 700997 362168 471323 249142 584556 313423 631845 791100 645570 314773 459329 434573 447432 388076 487824 360267 299168 414520 103810 439353 93428 721197 341298 451812 169419 230994 478650 668288 191287
574879 522868 414547 837593 718625 318329 295262 519068 623150 664674 127986 629204 791507 458775 232738 774557 487838 579607 869843 652061 221382 535346 433128 920277 831052 617256 736594 593406 617010 999999999 443716 303489 240910 483663 421823 144003 579521 545314 288542 233069 961089 698003 735228 807934 661584 140933 194293 525210 415109 277962 141751 629080 664786 623381 426117 701870 809483 717094 234522 254868 201472 674128 1077378 284102 468005 827118 396889 601755 532626 466192 524320 562447 481688 433664 838477 59053 927317 738321 887946 627977 909721 1021192 263912 654763 228939 487122 463639 810339 443754 596654 987736 693773 235780 860831 1056528 778505 745649 185840 473345 456750
136967 79163 396397 578996 506092 151686 293908 75513 208746 245367 406153 245541 348663 199049 223742 436126 174027 420928 432634 408341 249863 350802 363748 491208 445779 425109 410525 269454 229593 443716 999999999 202077 476561 439084 133663 399871 550051 347056 360552 438425 577370 289441 316291 390287 428654 302793 379329 475709 313169 502153 357891 258912 342458 304318 472848 388610 513417 287051 586111 454248 280502 410731 637935 286533 44789 617823 119836 223027 427975 90283 84392 485466 159894 249976 402635 428034 505613 476128 644893 451108 473725 577543 355011 560670 234227 517312 150550 367240 196853 278713 544104 275181 503183 417860 622399 396282 443539 275079 443553 43315
335629 270953 458907 753440 449694 192216 94809 269280 410795 372410 324607 328265 518220 342449 179578 629028 340693 324257 624840 570321 82560 483570 444855 626898 647078 568408 436185 451272 317131 303489 202077 999999999 434699 520556 122937 214844 400805 268708 160015 402428 779059 491508 517706 510956 587924 181164 183567 563746 165120 469914 282559 454579 363412 486696 290478 402692 697100 486092 504510 424701 233379 579968 791629 303210 202927 777549 104560 300924 534808 180250 283876 586353 327984 364407 551847 267614 630193 648109 816375 590344 621926 748818 152978 440730 79506 344077 311924 550113 332491 294190 720225 400048 451408 600238 765152 475346 449778 207123 518936 191002
575472 545866 230090 677268 884037 324986 473117 540735 589934 721839 125177 711888 806639 385339 269090 664169 429552 754256 842992 508745 363210 390582 267704 964272 747109 455975 855368 505695 696870 240910 476561 434699 999999999 287888 521020 368882 790697 703174 492292 38388 865703 648575 691772 866793 511300 264084 410248 321729 587757 38554 154716 561561 782036 525921 643728 825311 670822 689097 137548 32264 207799 536752 1098377 198091 516023 645961 490865 686081 350652 537878 535867 362572 430537 332031 872295 294906 981123 590690 716281 457740 941941 1021389 467584 853760 358385 705908 416692 806351 371720 711475 982338 751704 32296 853563 1090352 866288 876224 228876 273918 508085
469962 475066 70019 393764 936649 333293 598015 469738 440025 656246 357588 678511 680201 252272 351384 417110 296001 831842 665765 244871 485581 148009 77262 856252 518821 180760 848619 307494 662446 483663 439084 520556 287888 999999999 546242 568501 920766 764282 643879 269766 619725 468793 512617 785157 240755 423475 591453 44337 684527 273938 345766 375857 781493 311019 796751 827645 399777 528027 418125 257783 322496 275673 955175 228172 483580 358073 518803 658797 67906 526901 453980 78790 306156 191141 760586 521500 883261 317010 429085 175568 822108 860085 623393 958946 471450 855793 304186 658057 248421 717308 817531 682699 316484 696864 961942 819714 882602 353746 15726 481946
242413 176252 494105 712636 390642 219192 191482 176550 327448 249634 424221 207382 399841 324166 252032 566159 305415 291672 516156 540948 201273 475861 469051 503968 565360 554010 334366 403054 195383 421823 133663 122937 521020 546242 999999999 337188 416449 220085 256297 485336 694259 405805 424966 388342 560931 289946 302393 586240 181821 552829 378069 388736 261016 437812 346883 304590 646236 387845 607880 505341 313222 544152 669138 356398 109279 750670 30364 179932 545179 67050 196264 601226 291320 365843 429563 389472 507690 609761 778555 579158 499344 629238 257995 428946 192918 387302 279889 436359 319026 190476 602200 277124 542305 485639 642221 358162 356509 294633 548155 100124
536836 475896 498699 883282 584297 316520 170705 473300 601638 586805 244540 538444 732046 477379 243329 790787 493984 443794 831785 694673 150015 586615 505335 840322 828680 672864 622448 606629 528524 144003 399871 214844 368882 568501 337188 999999999 435520 417515 148072 351867 961281 681288 712891 723174 707981 147998 52286 612376 284777 407325 231455 627631 553519 640177 282351 586331 842011 686516 378518 375560 248679 711890 1006303 344803 411300 887382 319117 511520 605970 394490 484263 645378 484380 471544 766611 85857 841880 779414 939900 688586 836528 962969 124641 511621 166088 343666 466163 761195 463605 489336 933552 614026 370159 811660 978913 679073 625607 219410 561052 399288
644616 582662 857602 1129043 256379 592254 326497 584419 733420 552098 666371 473521 719729 731724 572770 979148 719213 172899 867635 954965 442193 879357 845488 732612 965216 961918 415793 819493 477053 579521 550051 400805 790697 920766 416449 435520 999999999 236114 298455 766305 1087528 806524 816458 621445 974306 530228 386414 964210 241660 828980 638699 802593 388418 854255 154821 384830 1062141 773018 814038 790221 616103 959711 906643 698733 522404 1164685 432901 461025 935287 472600 606045 987154 705300 762078 703523 521026 712617 1025860 1194812 985424 754752 913882 323288 97716 453629 99306 692290 776007 724004 375892 902127 562950 797644 816503 858760 527291 384669 585378 918550 514914
419650 362314 709384 918087 180990 432670 250303 365000 508552 316244 590023 237942 484614 543245 444805 757459 521082 75239 631558 754347 342587 695273 687022 514016 734718 771867 222469 610229 240989 545314 347056 268708 703174 764282 220085 417515 236114 999999999 276038 671135 854359 577817 584488 397470 775005 444445 366801 805021 132859 738594 550045 583996 170249 643553 250320 185684 845816 540004 764991 693381 501348 754694 690069 562813 311012 963035 245867 224916 765157 259671 387271 820992 506950 585900 474042 495902 499972 818022 985069 797537 530263 686113 295614 218275 345269 255313 497089 540081 538698 141312 671405 328322 718995 581238 647196 314535 213426 475784 765408 306310
490697 424728 577014 908620 437202 336504 66815 423728 569070 493694 367924 433129 653277 495527 292978 788778 498124 296394 772343 723145 159040 628865 572288 737815 806274 715219 490352 609863 426226 288542 360552 160015 492292 643879 256297 148072 298455 276038 999999999 468523 937911 649614 673940 618281 739705 234038 95791 688139 144298 530619 341091 614593 425537 645182 155097 453497 855030 640015 521183 492497 326471 734772 909887 416284 355546 927583 250546 408067 668629 322575 440099 715752 485862 508942 673914 232632 733919 803156 970304 735270 740881 879968 25064 367188 174618 216569 469213 692323 484281 367471 855169 517751 499341 741262 876513 560274 488176 294903 639490 344098
537188 507503 207281 653681 852117 286936 445504 502368 552552 683749 108226 674572 768353 348922 233319 632967 392604 723925 805901 481153 333509 362071 241038 925895 713518 431169 819532 471292 659481 233069 438425 402428 38388 269766 485336 351867 766305 671135 468523 999999999 833572 612150 655153 828605 484903 236809 390242 306721 558191 67800 127619 525912 746293 492558 621592 789854 643468 651762 170221 24011 172501 508430 1060139 159990 478118 626721 455091 648895 329399 500684 497481 346747 393253 297191 833907 283139 942812 564368 695162 434821 903562 983545 444139 826702 327527 683733 379155 768422 335094 675804 944625 713596 68411 815777 1051986 828884 841139 195517 256809 470298
451862 518050 649360 308159 946959 649378 871219 518006 369012 552383 870529 628567 414080 503346 732395 203588 473733 926477 266427 375409 815170 481402 604446 540834 132703 442982 768256 369261 620540 961089 577370 779059 865703 619725 694259 961281 1087528 854359 937911 833572 999999999 288926 271625 566917 382876 833410 949860 614101 872841 867297 831795 334385 743502 342838 1040766 775042 242915 314539 1003070 833626 760483 344403 518373 693446 586347 401439 691301 633785 553699 628655 499536 582553 480992 540371 481776 966515 581964 318288 345993 457416 491743 405939 932008 1067307 797815 1077264 499310 349752 518462 724113 369620 553368 897950 336212 559453 665421 816516 775664 635166 596949
163882 229574 468793 376876 692138 379808 582842 229311 80732 303006 624569 369403 234695 263253 465314 192322 220566 651954 198921 282407 532703 322970 421752 411585 159823 341213 531810 161313 358045 698003 289441 491508 648575 468793 405805 681288 806524 577817 649614 612150 288926 999999999 44404 376230 302900 562932 665934 483688 585567 660058 580749 93223 490868 164267 752625 529401 292377 68982 780681 618491 503836 262274 487945 456229 297500 448882 402376 367789 418362 340844 210612 468560 222314 319707 320671 695514 445697 299671 443066 367721 370060 391337 644452 794781 515798 790730 238897 195776 277092 457499 348935 314937 680264 229337 499704 451234 578241 513097 481369 308037
183440 249790 513189 398422 688704 416942 607143 250421 112375 294586 665105 366026 203335 306471 502540 210078 262874 657521 154517 319833 563444 366305 466137 376889 151417 380951 521188 205154 356144 735228 316291 517706 691772 512617 424966 712891 816458 584488 673940 655153 271625 44404 999999999 351544 339637 598684 695209 526755 601891 703750 620691 137480 485651 205927 770419 521838 311974 47140 823264 661867 543161 297713 445488 498463 318927 475403 424414 367724 461288 358613 234003 510670 263765 363723 288838 730617 412529 329091 463076 406919 333601 347486 670150 799452 546895 805873 279789 157646 320078 458260 304927 302497 723362 187336 459172 433403 568515 551166 525320 330099
315305 324012 759835 749935 413816 541969 563045 329387 359427 145942 791921 185739 155137 534802 609210 561573 489413 448882 302574 650286 589161 657418 718793 119781 484992 700145 222373 506226 194702 807934 390287 510956 866793 785157 388342 723174 621445 397470 618281 828605 566917 376230 351544 999999999 671847 671282 683895 812264 489192 891710 743732 444353 233033 524345 643388 243291 663497 308726 974266 843981 668542 634231 294730 674317 352549 824961 411370 212031 751913 342723 339110 808273 480078 598965 91443 777745 119439 675823 814546 728020 133397 293042 627877 567854 579560 652780 484853 218009 541365 261355 285657 115984 893447 234750 258235 105601 268331 659123 793879 361749
384490 422627 282568 176399 924853 403790 680302 418626 315116 572122 548259 620020 537164 245486 465105 185371 255573 849333 477889 21987 586324 126525 243941 714484 296654 60482 794137 173366 605327 661584 428654 587924 511300 240755 560931 707981 974306 775005 739705 484903 382876 302900 339637 671847 999999999 561751 715249 231379 733343 505090 520576 227884 738830 148481 878322 782797 160341 371558 647412 479254 466903 43960 779243 377517 464285 190465 541803 608499 173162 515489 396947 200083 269637 236494 623003 684713 748303 79467 232265 76139 672618 674045 724880 989292 569013 930211 282032 497160 255738 687525 630736 591877 542457 524755 797434 733747 836303 492054 256462 468696
434670 381951 354206 737623 624236 184366 209071 378175 486324 526842 145697 496089 650660 337782 101710 654343 360333 491600 730337 549151 101885 439285 358180 781928 701838 525283 616517 470528 483080 140933 302793 181164 264084 423475 289946 147998 530228 444445 234038 236809 833410 562932 598684 671282 561751 999999999 168302 467651 324461 301532 109573 499272 543397 502716 388784 583492 699648 578548 323361 260556 101394 567581 937201 197463 327602 739672 262853 468743 458542 328599 383755 499374 352466 325851 698761 133202 790399 634510 793210 540686 770070 880259 210459 590054 101660 450536 334129 669582 323350 473488 846852 556264 276310 720111 917398 648080 630935 71439 416941 316497
515608 452422 522382 888893 532231 315274 123849 450325 585493 550725 285084 498368 701169 478049 251604 786289 489755 391638 807646 700690 135334 597103 524639 802071 817178 683875 574652 603025 489311 194293 379329 183567 410248 591453 302393 52286 386414 366801 95791 390242 949860 665934 695209 683895 715249 168302 999999999 635692 233943 448802 265517 618417 506788 637422 234922 538263 843054 666144 428302 414193 268963 715957 970317 364265 385533 898406 287639 471864 624249 363359 463199 666780 479098 479288 731334 137282 801889 784085 947505 701276 800477 931320 72486 460487 153021 296863 461238 733674 465051 444162 903370 577082 414020 783804 940934 635370 576262 237870 585150 373526
498025 507510 113678 370924 976146 375364 641952 502263 461600 686639 398395 712264 701745 283984 395538 413987 325348 873242 678040 239358 529760 160965 119087 879050 520244 171120 883712 323091 696249 525210 475709 563746 321729 44337 586240 612376 964210 805021 688139 306721 614101 483688 526755 812264 231379 467651 635692 999999999 727355 304146 388436 391902 817570 321866 840889 863693 385952 545608 447729 292880 366751 270362 971547 272509 519873 327029 559255 693355 65674 564441 485524 41228 336470 225958 783621 564220 907363 303153 400872 159323 843343 873762 667700 1001368 515538 899821 336300 676102 281807 754383 830857 712390 348810 712897 980802 850869 918706 398034 51948 518836
421687 356408 623750 890679 303896 352892 120238 357194 508315 377851 469619 308459 545065 490145 343818 747865 478854 167434 678235 714257 224712 637796 608286 608867 745380 720261 346647 581837 304701 415109 313169 165120 587757 684527 181821 284777 241660 132859 144298 558191 872841 585567 601891 489192 733343 324461 233943 727355 999999999 624536 433102 570401 283745 616977 169595 309694 826563 562144 639346 581317 394477 719958 783594 468246 290947 923799 193843 286327 695630 244775 377556 748531 465066 520958 553400 364181 601252 786718 955846 743783 616963 764023 162938 275613 231369 205599 451529 591847 482345 230653 743255 398128 600768 638194 746372 422359 343929 365996 683361 281943
595403 569163 222550 666866 919552 351357 510601 563938 604731 747465 163728 740453 826297 397730 300890 664558 443318 790697 856302 504185 399845 388080 264161 986855 751677 448008 886892 512625 725236 277962 502153 469914 38554 273938 552829 407325 828980 738594 530619 67800 867297 660058 703750 891710 505090 301532 448802 304146 624536 999999999 191977 571169 813711 530656 682231 857396 665329 703524 144188 48091 240245 533101 1117331 218459 542732 630719 522551 715000 339299 566851 557840 345351 445454 340956 894031 332698 1004875 584046 702899 447450 963095 1037724 505946 891485 394443 744412 432642 823328 384791 743266 998046 777205 48394 869737 1111080 894550 908800 263191 259144 535280
476198 434107 275953 696323 730627 211872 318628 429507 510798 597801 48302 577727 703383 328725 134680 640331 363211 599791 763393 511632 208742 394159 291881 848579 704043 475569 711154 462554 563527 141751 357891 282559 154716 345766 378069 231455 638699 550045 341091 127619 831795 580749 620691 743732 520576 109573 265517 388436 433102 191977 999999999 504626 637673 490557 494659 679642 670365 608386 231393 151523 79146 534495 994604 143832 391702 685482 348708 550977 391922 404546 429720 424276 359254 296446 760516 175785 861198 597838 746239 486248 831556 927922 316831 699613 204778 556734 342077 713263 313614 567106 891638 627748 168969 762789 980275 731960 729100 84929 336511 382093
168288 221761 375934 337222 717238 315067 548869 219323 88175 347159 546370 401488 315322 178523 398630 177477 141677 659219 291846 206157 483175 230945 328803 493848 202572 257531 573062 68812 387809 629080 258912 454579 561561 375857 388736 627631 802593 583996 614593 525912 334385 93223 137480 444353 227884 499272 618417 391902 570401 571169 504626 999999999 522798 80019 731758 564986 261867 154034 695528 530876 430245 192463 579835 373397 280494 395319 378476 393617 326926 330008 197229 378621 147433 230221 400094 632450 525517 244220 404724 285040 455018 484465 606142 802191 465609 775473 165598 284509 193222 478615 442133 365352 593543 321255 589331 506776 617059 443251 388293 288733
355881 318817 737736 858610 203659 472653 383217 323412 437061 191815 682881 121991 344161 536368 513026 681741 501930 215903 498463 717017 445805 684038 706170 346178 636232 749037 73485 565858 135022 664786 342458 363412 782036 781493 261016 553519 388418 170249 425537 746293 743502 490868 485651 233033 738830 543397 506788 817570 283745 813711 637673 522798 999999999 594679 420486 46153 778522 438614 865547 766113 574237 710409 521771 612539 297913 917329 291209 130331 767441 256899 343904 825330 488748 591612 316544 622918 330210 766755 926049 776552 366378 525623 440774 338839 442221 423411 484700 405669 536546 70625 515265 191025 803121 439935 477503 144323 101138 555115 785999 299896
238878 283519 321867 275184 785137 323710 581438 280132 166640 424141 528148 474539 394035 165278 401065 151706 147938 718648 356176 126604 502801 163083 274754 572421 221223 178317 647800 35475 460245 623381 304318 486696 525921 311019 437812 640177 854255 643553 645182 492558 342838 164267 205927 524345 148481 502716 637422 321866 616977 530656 490557 80019 594679 999999999 772280 637895 210718 230346 662645 494172 421914 115830 651414 350777 333779 323266 423138 464575 256216 384933 257887 304748 159516 197555 479240 634197 604720 174759 341744 205549 532590 552033 633983 860678 485013 819700 176757 359763 180071 546621 509060 443497 558215 393124 663970 585305 690809 439992 324653 340157
588983 523052 730649 1042400 358678 480122 200818 523431 674268 542971 518668 469916 711661 632836 445368 908912 628811 228221 847355 860545 311221 773037 723975 761660 912239 858410 469785 736827 468186 426117 472848 290478 643728 796751 346883 282351 154821 250320 155097 621592 1040766 752625 770419 643388 878322 388784 234922 840889 169595 682231 494659 731758 420486 772280 999999999 433770 982960 731285 660552 645602 481351 869424 937674 569981 455838 1068026 353476 450076 818625 412114 542995 867298 615622 653337 714085 367331 749425 937312 1106000 879838 774525 926090 178329 240832 325406 62183 600373 760200 622969 382175 907466 561120 648663 805841 896426 564649 452434 449842 792884 445976
399025 363983 783792 899777 174308 517956 415625 368655 478508 227302 724337 163526 369014 582319 556536 721086 547539 216342 524363 760936 484639 729654 752316 348781 671412 793962 37037 609614 177654 701870 388610 402692 825311 827645 304590 586331 384830 185684 453497 789854 775042 529401 521838 243291 782797 583492 538263 863693 309694 857396 679642 564986 46153 637895 433770 999999999 818818 474698 906362 809930 617559 753707 521907 657686 344066 960022 334907 174746 813413 302838 388899 871318 534425 637735 331669 658240 327787 809165 967124 821547 374523 535589 470290 325016 481970 430133 530581 432139 582597 114488 528832 221912 845890 462928 474126 143200 55024 597719 832148 346028
