NAME : synthetic_000508
TYPE : CTSP-D
DIMENSION : 100
GROUPS : 8
RELAXATION_LEVEL : 1
EDGE_WEIGHT_TYPE : EXPLICIT
EDGE_WEIGHT_FORMAT : FULL_MATRIX
EDGE_WEIGHT_SECTION
999999999 826749 873533 758808 629540 885779 335088 1168562 628335 621297 717774 516973 564036 673511 781789 140086 897352 909913 555486 904962 884118 820080 807828 353137 943992 852491 824963 833596 631217 57674 696242 350412 376778 398026 104702 1123036 211822 897052 839355 951206 746719 493796 1190575 766184 578532 435612 700128 914346 1070766 849374 614515 557354 1060141 807172 645380 1150897 826770 633117 1192247 560901 374203 499604 1038505 835357 1088746 984063 742389 781911 833298 876867 417376 589987 467228 980933 893645 174818 887045 500023 733499 350535 872379 907630 914995 702395 830408 839286 913444 567857 1034009 694923 963604 1057375 906135 286568 931527 355269 875889 166013 883937 895018
826749 999999999 748669 675571 198359 774830 539638 485057 348928 499509 647080 643329 326651 455907 489682 832865 430852 402154 625425 629168 340448 369935 69623 769268 313651 576002 86538 456041 214505 794850 807811 598158 516333 598015 843659 332820 812422 70846 702666 734142 736374 461727 433153 172648 565631 443307 349521 663318 327217 441772 484504 269920 468279 822019 255949 442565 227729 350619 469213 303112 595449 537549 266008 343884 262041 564866 683819 679785 322140 389869 442955 719801 667426 177510 639767 725386 685468 416839 654562 620980 322390 83601 460993 148253 480226 737970 109306 327890 472667 432258 375405 522850 420045 739813 194958 471561 296219 712250 114990 92983
873533 748669 999999999 118012 677712 26179 859800 630204 936037 318118 162095 356780 531171 319758 258995 763824 1147044 1127304 320162 155904 1067544 1067996 802540 543098 523711 182756 826681 303097 619593 815921 233901 949321 878913 485520 800930 769758 690645 770590 48238 100500 135403 462340 744246 576415 315575 848494 409426 127141 672911 324222 334259 703996 488255 137649 852931 654507 951494 441693 693340 570738 512181 404453 705211 1052926 888404 297855 131665 97251 440394 1106386 820131 293593 406713 739563 135756 698958 80549 890323 146158 529705 459231 764079 1177483 636668 276754 34811 724468 524956 450630 1054610 476908 426429 1141008 593938 640496 718673 1027374 710684 679277 835480
758808 675571 118012 999999999 582488 136246 743725 637368 833504 209097 44324 242024 428021 225290 201140 653160 1056451 1039141 203687 185515 980716 975124 723639 436900 492215 170124 748484 264201 525422 701328 178101 832982 763981 368055 689500 744601 581581 706197 80680 194815 70823 347905 736771 503509 198052 736204 326886 176762 650362 289065 225994 601195 493513 147079 754550 652954 865978 346118 694779 468040 394596 286851 671802 962306 842802 321020 21967 23487 389761 1016430 707239 193060 293942 691604 166232 584009 136291 780719 28768 412780 417046 701816 1086574 551538 239110 86954 666427 422119 455578 952348 456819 444090 1051608 482781 593396 603096 942281 594935 620033 765850
629540 198359 677712 582488 999999999 702775 360134 605267 268656 379821 545623 489855 165457 358916 433321 635236 475062 460328 481530 591885 404565 392738 195219 586580 390391 530822 218067 428921 58385 596650 682193 431265 345108 419627 645416 505069 617602 267909 629506 689969 631727 296109 589107 182281 429913 276644 274319 621970 471458 425317 362830 79039 542905 721039 176982 573132 295332 236790 608428 129304 412683 379466 425280 381253 460102 573796 584866 592946 330341 435732 267311 578711 503233 355450 596239 528137 630493 274567 556821 435845 353542 278118 504892 88817 446300 658819 286139 169689 533207 383618 437455 576279 471281 550284 325294 275121 370325 514433 262578 276491
885779 774830 26179 136246 702775 999999999 879844 651064 960290 340546 180559 370059 555108 344425 285162 773601 1172632 1153044 334913 178255 1093348 1093399 828605 551217 548676 208202 852767 328942 644722 828115 231582 969169 899676 500975 811085 793902 699710 796735 73476 109934 141544 483232 766673 602555 334254 870418 435163 147652 696952 349860 356904 728115 509822 126603 877727 676413 977345 466508 714796 594784 527802 422985 730064 1078497 913884 318331 147164 117400 466380 1132012 841822 301364 418553 765233 158714 711548 103255 913100 164930 544363 484890 790194 1203054 662447 302635 49298 750502 548937 472399 1078935 501132 446638 1166675 604288 666188 739037 1053257 723926 705351 861658
335088 539638 859800 743725 360134 879844 999999999 959089 293469 547010 699526 541044 379496 570649 677624 408851 563678 575093 561549 831504 549285 485202 505140 497886 737142 770003 517899 705001 386828 329129 760921 90056 43202 408101 398079 863317 435240 609953 815104 908790 763104 398464 949232 533112 546539 104671 543504 852667 831303 711758 532783 281135 879897 845414 321109 930145 497927 477073 966831 354113 383114 459030 785032 500292 794748 863115 735356 762787 651293 542061 96875 640081 516238 710753 827655 332068 842257 165147 714977 382862 683830 623236 582566 447126 712511 830617 640434 385711 863122 364786 774763 899141 571861 429223 685247 141801 542570 308902 621544 591934
1168562 485057 630204 637368 605267 651064 959089 999999999 829899 601682 640283 772222 606947 535858 461545 1122417 887430 852386 733707 474826 794447 842413 552392 968924 225665 468071 561887 390878 572289 1121551 815186 1035363 948750 815007 1146951 227029 1073468 441571 605278 554247 707043 684824 136735 426154 674669 881786 473930 503464 165770 366391 598857 681861 143989 759498 732820 51605 697000 537520 68544 617790 828647 713065 235071 812343 408494 332765 657252 624579 337416 849399 870570 792567 821340 330001 495596 1019691 549846 875416 635753 857846 297352 425273 915054 516456 410076 643429 381435 602511 182064 917279 209802 205224 873107 976260 292434 846801 750340 1016421 371329 511099
628335 348928 936037 833504 268656 960290 293469 829899 999999999 624947 793423 695455 405637 616598 699585 690249 278833 284825 699219 859156 255820 195366 288794 727257 635056 797558 289444 697574 325695 618630 907729 308150 253069 588644 684802 677571 702658 407584 887884 955416 874799 506260 781521 435403 659406 194594 541112 888459 675688 693741 607879 232373 792160 963927 98840 789648 217783 495738 817770 365727 571292 589119 614831 207337 563696 841065 832744 846623 594301 252129 218595 793473 691854 523850 862607 599203 894242 128336 806245 584360 612921 423826 301990 341277 714734 914325 457933 411666 787806 118845 689517 833927 284324 669999 537469 327419 251007 578209 459217 361806
621297 499509 318118 209097 379821 340546 547010 601682 624947 999999999 168485 173497 220257 66154 161871 543307 854850 839779 140210 291915 782951 771943 538121 367946 402605 234405 563403 221964 324741 566624 309006 637031 563340 228453 573900 644417 484122 542388 271362 361929 252215 149319 667905 335988 76608 530521 161962 308749 560856 242559 17147 392879 470479 341662 548165 600501 670423 150413 644442 260286 249021 122838 561654 761074 704047 363830 207836 223974 280500 815542 502439 224932 219948 555255 284789 452134 295295 572602 181426 275746 319161 541524 884601 361931 213287 292630 514496 214613 437902 743781 393795 450411 851063 383145 464731 405211 746551 456155 468517 592336
717774 647080 162095 44324 545623 180559 699526 640283 793423 168485 999999999 202131 388552 192333 188659 614795 1020392 1003986 162306 208956 946134 938339 692675 401916 481915 180687 717706 256706 489199 660423 179411 788735 720015 325091 650618 734442 544321 680989 122289 233691 89293 304253 733409 476194 153730 692955 297563 206513 641875 282080 185578 561355 497361 176598 716071 652459 832089 310504 695080 428601 351467 242541 658942 926358 824270 335159 39401 65422 373342 980652 663826 165916 255352 672929 191748 542966 171376 738281 16043 370335 403629 677468 1050367 518857 233485 131262 643939 382805 459915 912252 451563 453309 1015987 444481 575775 559011 908405 553298 597367 738337
516973 643329 356780 242024 489855 370059 541044 772222 695455 173497 202131 999999999 325904 239332 317181 412980 951811 942624 42625 401880 890375 865887 670997 207559 576099 358866 696032 385018 443778 459430 220574 626401 568926 136530 448547 816373 343713 694330 322681 435721 234727 195025 841372 492361 97834 557869 329912 405310 734050 407988 180704 476635 637457 308543 636285 772966 784690 298235 816893 360556 163429 110525 732727 860823 866065 507951 225430 265267 453900 915100 526651 100371 54880 720071 387421 342262 373230 614432 217514 175836 492657 695681 980030 497252 370855 322766 673736 322703 603165 810981 565909 609769 950855 242919 633152 409159 858753 353973 628985 735837
564036 326651 531171 428021 165457 555108 379496 606947 405637 220257 388552 325904 999999999 213468 308683 535845 637554 624550 316145 468266 569636 553574 346697 443886 381409 405699 371457 327155 118148 520070 517383 466601 383495 271935 554388 568157 502307 385928 483163 557717 472022 135864 627760 209165 264918 334945 164192 494194 508401 332601 203114 173265 509791 561478 328092 587204 460719 100223 628291 40051 271397 216205 482043 544404 571600 484543 427946 440990 278758 598985 311496 413312 343523 439548 468336 428396 494067 365165 400998 298366 315135 390749 666931 178440 336988 508794 380034 6593 489263 524453 407555 522179 634694 420242 374235 248293 535780 420695 341254 416878
673511 455907 319758 225290 358916 344425 570649 535858 616598 66154 192333 239332 213468 999999999 110824 602410 831605 813922 204525 261024 755427 750891 500367 433264 337039 199355 525420 161381 301226 620129 354567 660451 582460 287667 631660 580846 545712 493251 271533 345115 281361 185204 602080 286845 141798 542261 107705 283902 495956 180027 63693 385016 405946 368750 533315 534350 640747 122203 578290 252304 306009 182049 498992 737425 647584 311344 230379 234313 215423 791441 516181 283299 286072 497475 258378 507775 280793 577523 201397 333917 253584 490991 861813 326727 156930 299920 460843 207054 374150 735034 327693 389235 826538 445567 404602 429908 717060 509985 414395 547808
781789 489682 258995 201140 433321 285162 677624 461545 699585 161871 188659 317181 308683 110824 999999999 704996 893652 872274 276396 160376 811876 816872 544306 521998 293294 98131 568232 70806 375089 727653 368050 767036 687267 390298 735765 545880 644652 512918 213423 256738 270528 296009 546839 317554 222947 643031 159009 188877 453247 95862 167306 472620 322487 346007 610303 468911 695451 209113 512238 344533 410768 284688 471305 799897 642174 202328 215951 198589 188950 852647 618398 331213 369652 491180 163045 613766 199529 673124 188963 437616 216137 507133 924242 382357 53675 249951 469322 302090 287072 816351 264650 292826 886760 543143 392641 537905 770896 617240 423402 576726
140086 832865 763824 653160 635236 773601 408851 1122417 690249 543307 614795 412980 535845 602410 704996 999999999 967450 975065 454336 812644 941911 885548 825536 225867 902597 765000 845546 763641 623976 96881 571443 448783 452019 315037 39279 1103999 76565 900829 733661 847817 632489 437612 1159925 744794 488661 496430 648489 817908 1041747 782245 539847 572496 1003437 685653 687964 1110541 870174 586232 1153341 542745 296768 420955 1017878 896290 1092737 905951 634976 676615 785100 942371 471744 472991 359482 971534 799226 108137 786105 565316 629919 268508 825372 909294 988149 695832 756530 729102 907741 538222 974046 772941 913433 991603 974117 170390 910077 378652 927513 120972 872973 910400
897352 430852 1147044 1056451 475062 1172632 563678 887430 278833 854850 1020392 951811 637554 831605 893652 967450 999999999 39100 949485 1045033 93118 86585 363338 1002547 743145 987437 344330 873079 531214 892471 1154393 556864 521117 856321 960255 685129 981452 451568 1099158 1147977 1106780 757448 799485 585169 902039 471047 737819 1077758 721692 862380 837832 475176 894659 1196067 315766 838905 203685 710357 854338 598590 841249 842166 652552 94193 519396 993764 1059542 1065866 746524 41366 496760 1046122 955024 557523 1052894 877902 1093181 402204 1031275 856687 751452 466768 30658 511329 895027 1130398 513894 642501 901916 206459 805637 952576 17997 947385 616113 605497 137744 856747 539621 378203
909913 402154 1127304 1039141 460328 1153044 575093 852386 284825 839779 1003986 942624 624550 813922 872274 975065 39100 999999999 938599 1021790 61740 89919 336028 1001323 712753 964995 315738 849237 515171 902649 1141931 574047 533135 851392 969399 648098 986083 418990 1079617 1125333 1091089 747735 762538 560741 889459 479162 717884 1054877 686616 837719 822868 466725 862930 1180154 309386 803518 177687 693508 818167 586218 837366 832485 617351 82662 481039 966558 1042961 1047838 720672 33049 503354 1035557 948041 522791 1030246 883067 1071672 411403 1014452 853934 724033 433844 62835 490670 871700 1111587 481306 629235 871181 227189 775589 922042 21723 948163 584198 607958 106111 862404 508743 344929
555486 625425 320162 203687 481530 334913 561549 733707 699219 140210 162306 42625 316145 204525 276396 454336 949485 938599 999999999 359539 884883 864157 656930 250108 541412 316244 682137 345012 432419 498119 208832 648528 587150 166295 489483 784603 385790 673508 284007 395918 204263 193287 805990 469146 63840 571093 300766 363593 700469 368403 150027 475218 597729 283906 635107 735791 776847 276210 779675 353005 193253 110456 701841 857452 840991 465589 188507 226594 419941 911942 540303 97185 97478 693396 345322 380672 332601 624724 178013 209574 457987 673962 978206 481487 330016 286745 649774 312224 563036 816132 528646 568543 947725 284642 604255 425927 851759 391270 604378 718318
904962 629168 155904 185515 591885 178255 831504 474826 859156 291915 208956 401880 468266 261024 160376 812644 1045033 1021790 359539 999999999 960692 970497 688844 607353 376158 62567 711688 173224 533926 848731 357619 921377 843411 506947 846754 617233 745249 641784 132517 105278 246690 439403 588491 461487 326591 801610 318044 35047 520106 188358 303344 632960 332439 285944 768715 498603 844178 369215 537532 504657 531005 407489 556220 951942 744192 143906 207478 165972 309013 1003786 776263 374474 456666 598220 21142 731827 75360 833163 197210 554541 320124 633432 1075689 535641 150090 169271 590827 461681 294753 975408 325175 272237 1037215 643814 500041 690433 918523 738951 547483 710780
884118 340448 1067544 980716 404565 1093348 549285 794447 255820 782951 946134 890375 569636 755427 811876 941911 93118 61740 884883 960692 999999999 80859 274319 957050 651437 904165 254010 788005 458225 873328 1086756 557489 508625 803414 938396 593813 948922 358667 1019969 1064404 1033643 695351 707982 499447 834426 449399 658232 993884 628736 776291 766133 416614 802175 1122518 263321 746053 116553 635659 761971 531932 790519 779965 559652 52175 431749 904820 984975 988996 659050 55944 471164 982003 897833 464493 969332 846870 1011160 384156 956335 808269 662294 373773 121896 430918 810609 1052295 421004 574100 809997 224756 714180 860792 80132 906313 523506 569421 44840 826920 447559 285122
820080 369935 1067996 975124 392738 1093399 485202 842413 195366 771943 938339 865887 553574 750891 816872 885548 86585 89919 864157 970497 80859 999999999 300533 916333 683500 911879 285041 799780 449763 812753 1069694 485847 443310 769740 879604 651594 897547 401228 1019947 1072454 1024107 671776 764618 513970 817532 389421 659652 1002659 677744 790404 754869 389338 838000 1113501 229622 795633 145495 629108 814786 514305 754677 756438 609695 33769 498363 926008 977598 985180 676986 56946 413959 960629 868613 513615 977510 794292 1016247 321511 949554 770205 684911 417330 114145 435004 820904 1050406 462627 558674 842475 144973 744807 892438 89404 861714 561617 520368 107226 773441 482862 331888
807828 69623 802540 723639 195219 828605 505140 552392 288794 538121 692675 670997 346697 500367 544306 825536 363338 336028 656930 688844 274319 300533 999999999 780973 382968 633819 25300 515699 228859 780084 847061 556095 477767 612403 833168 388779 811410 118804 755757 793269 781717 482320 493798 227690 599682 404430 396881 722522 392236 502984 522269 253397 537882 868866 201740 508773 159681 387714 533673 316935 606803 562393 328457 275021 290022 630663 730388 729475 384932 322146 408471 753005 690194 235569 698415 719553 742273 369611 701233 630561 388212 135121 393689 176373 539029 789911 172295 349183 541944 365348 444390 591967 353216 745500 263967 453931 230830 704575 184157 87497
353137 769268 543098 436900 586580 551217 497886 968924 727257 367946 401916 207559 443886 433264 521998 225867 1002547 1001323 250108 607353 957050 916333 780973 999999999 762206 566226 804419 587770 555569 297362 345666 567449 536090 172233 264703 989948 149923 829809 516318 631324 409682 313779 1027375 643215 299103 552398 506260 608200 914763 609591 370069 546390 838313 459875 693748 965365 864855 457153 1009216 466482 174250 259117 904160 918865 1014244 715385 417372 460333 639752 970604 521727 249861 153151 876684 591897 195892 572419 619497 416092 151070 679904 834513 1027754 621669 575536 508288 821448 443519 805263 831140 759966 814757 1005284 73648 799298 402108 932946 216884 780166 857398
943992 313651 523711 492215 390391 548676 737142 225665 635056 402605 481915 576099 381409 337039 293294 902597 743145 712753 541412 376158 651437 683500 382968 762206 999999999 341453 399533 228196 351669 897840 661239 815844 729144 601051 925669 252627 857191 297522 486080 477720 562594 465785 265679 208145 478815 664465 257237 410843 160894 203828 396307 464030 157444 632670 536241 208022 541018 316378 250764 392360 612378 503273 181655 657470 368571 272071 508422 486211 122703 702494 651081 614058 620816 226824 392863 798318 446952 664511 482055 641690 83458 284828 772945 302898 253905 525430 237372 377062 159020 734120 63550 209438 731507 762573 134737 621745 606707 793986 204182 372255
852491 576002 182756 170124 530822 208202 770003 468071 797558 234405 180687 358866 405699 199355 98131 765000 987437 964995 316244 62567 904165 911879 633819 566226 341453 999999999 657128 122065 472705 796827 348207 859791 781398 455194 798101 589682 699718 592708 145073 160594 239068 379978 572032 406129 276470 739146 256605 91199 493394 141833 244681 570723 324088 296022 707769 485789 787614 306696 526880 442129 478328 353209 523093 894018 705687 154607 190828 156508 260189 946280 713907 344951 413666 557140 65684 680604 110296 770611 172705 502983 276830 585299 1018075 476882 96417 184552 544318 399115 286044 914129 297274 274247 980021 597830 458147 629192 862473 686602 499805 659904
824963 86538 826681 748484 218067 852767 517899 561887 289444 563403 717706 696032 371457 525420 568232 845546 344330 315738 682137 711688 254010 285041 25300 804419 399533 657128 999999999 538477 253479 798364 872351 565663 489058 636310 852445 390164 832743 122352 780010 816293 806779 506963 497624 251115 624961 415926 421656 745507 399769 525280 547561 273050 553109 893836 207673 517091 141485 412999 540297 341219 630337 587298 334296 258055 280181 650953 755357 754160 406580 303383 421636 778251 714890 239594 721540 740001 765846 377583 726189 653829 408416 139000 374456 201673 562051 814337 180465 374026 558528 358715 461623 608902 333523 768078 276777 472137 209936 724642 197821 75074
833596 456041 303097 264201 428921 328942 705001 390878 697574 221964 256706 385018 327155 161381 70806 763641 873079 849237 345012 173224 788005 799780 515699 587770 228196 122065 538477 999999999 372334 780773 435871 793097 710598 448707 793039 480411 705902 470814 261789 278102 334774 341334 477011 288582 289045 660716 164025 207279 386324 25399 223899 478430 252762 404901 604223 398218 671561 227997 441488 358581 467379 342854 408754 780371 586380 158356 280943 258078 138124 831773 638325 402015 436461 436772 183985 669027 232333 684124 255402 495201 156792 463271 903736 366094 26459 300561 422291 320704 218147 811753 194924 228483 864931 605090 337667 568568 745623 670844 377741 538589
631217 214505 619593 525422 58385 644722 386828 572289 325695 324741 489199 443778 118148 301226 375089 623976 531214 515171 432419 533926 458225 449763 228859 555569 351669 472705 253479 372334 999999999 593967 629773 464191 377486 385201 637548 492717 599619 278861 571404 631681 575950 253486 568210 146328 378342 313522 216123 563819 448754 369753 307908 114199 499802 665094 235267 543745 346445 179347 581220 89122 381461 334321 409440 437159 469523 519570 528330 535454 280149 491464 299412 529358 461417 350245 538061 515920 572111 320985 500076 406642 306616 286138 561245 71991 389069 601016 284338 121082 487427 441483 393970 528568 526839 525346 304472 283606 422306 504442 252752 301880
57674 794850 815921 701328 596650 828115 329129 1121551 618630 566624 660423 459430 520070 620129 727653 96881 892471 902649 498119 848731 873328 812753 780084 297362 897840 796827 798364 780773 593967 999999999 639282 359091 372105 341852 71922 1083553 160857 864544 781903 893937 689050 442556 1147763 725129 522169 424119 650827 857664 1028234 797125 560355 527417 1010445 749800 626970 1105361 809416 584678 1147154 519815 318555 444441 998388 825908 1056749 929981 684825 724459 785190 869698 402607 532432 409563 944210 837164 117509 829934 491247 676121 294193 824653 874420 911672 665716 776859 781656 877766 523515 983547 693546 915290 1005705 900233 229565 890933 326234 862275 110470 846470 866676
696242 807811 233901 178101 682193 231582 760921 815186 907729 309006 179411 220574 517383 354567 368050 571443 1154393 1141931 208832 357619 1086756 1069694 847061 345666 661239 348207 872351 435871 629773 639282 999999999 845294 789404 353485 610358 913684 495173 847682 229780 334014 110979 401480 911983 641060 252476 777744 462243 341457 821284 461202 324798 681941 671433 117631 841500 829684 976196 459363 871860 555902 379437 319284 837519 1061596 998962 497564 157934 193310 550976 1116173 746657 120841 248088 847866 337020 528243 294355 832850 180834 385698 582393 845557 1183491 670775 412165 202972 814841 512751 633548 1024862 630528 621914 1151915 409724 751875 629713 1051918 544941 768290 900410
350412 598158 949321 832982 431265 969169 90056 1035363 308150 637031 788735 626401 466601 660451 767036 448783 556864 574047 648528 921377 557489 485847 556095 567449 815844 859791 565663 793097 464191 359091 845294 999999999 86708 491819 430865 927602 487243 667019 904811 998836 851007 488377 1018219 609464 635477 156007 630793 942675 901870 799196 622832 353596 961641 932402 360050 1004302 524171 565104 1039658 439288 466098 547565 852146 506164 845607 950964 824274 852235 734766 541276 164860 724549 598857 773215 917639 388134 932293 189858 804254 463220 766061 681302 571723 519808 801186 919912 702926 472925 946238 350931 856073 983544 567486 496114 755736 231838 558012 364477 688152 640692
376778 516333 878913 763981 345108 899676 43202 948750 253069 563340 720015 568926 383495 582460 687267 452019 521117 533135 587150 843411 508625 443310 477767 536090 729144 781398 489058 710598 377486 372105 789404 86708 999999999 438323 441227 843835 477561 585946 833431 923958 786655 416574 932988 522791 568208 73369 547506 865909 816187 715865 548450 267119 875234 870421 287774 917936 461208 482873 953528 354659 414172 482050 767390 459156 767789 867997 756649 782330 648905 500088 78183 668702 547019 690013 840595 374095 857771 125321 735216 416041 679813 599805 539720 433486 719617 850615 619643 389917 860171 321630 769610 897940 529535 468534 670005 161672 503290 351073 603433 563708
398026 598015 485520 368055 419627 500975 408101 815007 588644 228453 325091 136530 271935 287667 390298 315037 856321 851392 166295 506947 803414 769740 612403 172233 601051 455194 636310 448707 385201 341852 353485 491819 438323 999999999 345482 821553 259034 657826 447365 556360 369611 142233 864320 471622 180554 434522 343830 516674 749473 467672 224840 387447 691216 445070 542006 807232 705405 289164 850749 296126 27048 105918 735422 768758 842024 591900 354121 390370 480035 821961 402967 232810 108818 705106 495694 225416 491116 495534 341100 47801 520529 662370 883117 450086 441546 452528 649293 271412 660743 700056 605213 676887 857328 161587 629599 282213 776139 232026 608253 686996
104702 843659 800930 689500 645416 811085 398079 1146951 684802 573900 650618 448547 554388 631660 735765 39279 960255 969399 489483 846754 938396 879604 833168 264703 925669 798101 852445 793039 637548 71922 610358 430865 441227 345482 999999999 1121900 115798 912424 770096 883963 670167 462552 1180790 762513 521632 490257 673365 852798 1062046 811053 569686 579771 1030260 724292 688149 1133690 870712 609719 1176197 558735 325671 451153 1036043 891739 1104650 937326 671592 712923 809547 936535 467241 510899 395580 986744 833719 127354 821774 558281 665870 298207 849628 921471 980043 709538 786772 766255 921854 557149 1001566 762857 938608 1020439 967584 207002 928243 381840 925794 133878 888372 918890
1123036 332820 769758 744601 505069 793902 863317 227029 677571 644417 734442 816373 568157 580846 545880 1103999 685129 648098 784603 617233 593813 651594 388779 989948 252627 589682 390164 480411 492717 1083553 913684 927602 843835 821553 1121900 999999999 1068265 269991 734748 713182 815091 680174 114503 359393 720990 771754 487373 650725 97183 455694 635777 583728 310540 883727 587905 175597 509699 532907 175998 563935 828297 732422 86382 619383 182853 492610 761000 738005 366783 649716 768026 862379 857010 155335 635668 996445 690885 749268 734682 857125 332098 253820 710837 423122 505780 774231 225020 565876 340410 746938 292861 384879 669498 980230 193972 775544 551595 988032 242518 324565
211822 812422 690645 581581 617602 699710 435240 1073468 702658 484122 544321 343713 502307 545712 644652 76565 981452 986083 385790 745249 948922 897547 811410 149923 857191 699718 832743 705902 599619 160857 495173 487243 477561 259034 115798 1068265 999999999 878418 661795 776395 558333 391844 1118164 711008 424682 512598 600661 748963 1001431 725646 482302 561416 950206 609779 689526 1064366 869699 541796 1107650 514411 245003 363732 981890 905544 1068895 843838 562877 605066 737393 953868 485201 398555 289326 941606 731091 104097 715670 582093 559155 215725 777876 885684 1003814 670531 697089 655862 880282 503853 919490 793556 863754 934379 986810 101959 874502 379608 931115 126583 843115 894092
897052 70846 770590 706197 267909 796735 609953 441571 407584 542388 680989 694330 385928 493251 512918 900829 451568 418990 673508 641784 358667 401228 118804 829809 297522 592708 122352 470814 278861 864544 847682 667019 585946 657826 912424 269991 878418 999999999 726099 747028 769943 518965 375636 206719 612023 512758 385554 676579 278109 453510 528376 340596 444215 853270 318865 395781 255733 397304 418095 365892 656840 591353 212008 371858 192288 562760 716266 708246 333017 412012 513180 765841 721793 117369 654301 793084 702991 483710 687108 683117 324535 16648 480540 208972 496300 762863 62338 386445 454102 481060 361040 505295 438649 803317 165626 541987 313873 780475 95775 74891
839355 702666 48238 80680 629506 73476 815104 605278 887884 271362 122289 322681 483163 271533 213423 733661 1099158 1079617 284007 132517 1019969 1019947 755757 516318 486080 145073 780010 261789 571404 781903 229780 904811 833431 447365 770096 734748 661795 726099 999999999 115064 121081 416999 714652 530194 273478 801883 361751 112055 638397 284076 287274 655896 461912 154223 804693 626612 904014 393455 666613 522676 473697 362189 667725 1005022 848148 276273 98990 57444 397718 1058543 773743 269636 374573 698487 111377 664543 64586 842994 106313 492592 418551 719983 1129579 589055 235330 39486 681148 476928 423905 1006434 442226 404228 1093216 563305 599386 673694 979965 675261 635629 790131
951206 734142 100500 194815 689969 109934 908790 554247 955416 361929 233691 435721 557717 345115 256738 847817 1147977 1125333 395918 105278 1064404 1072454 793269 631324 477720 160594 816293 278102 631681 893937 334014 998836 923958 556360 883963 713182 776395 747028 115064 999999999 231457 511118 675745 565689 378326 886806 415713 70824 616065 293636 376013 726514 416722 235971 866940 583548 947853 461114 619892 595629 582167 465488 655998 1054596 846279 223937 213952 171329 414291 1106802 860110 384496 488406 701646 95095 776444 66806 922517 218207 602534 424807 738597 1178618 637466 254249 131492 695776 551209 380596 1072624 423822 349053 1140476 677427 603930 766998 1022508 786325 652624 816048
746719 736374 135403 70823 631727 141544 763104 707043 874799 252215 89293 234727 472022 281361 270528 632489 1106780 1091089 204263 246690 1033643 1024107 781717 409682 562594 239068 806779 334774 575950 689050 110979 851007 786655 369611 670167 815091 558333 769943 121081 231457 999999999 376349 807503 565417 220167 764852 386856 231539 721039 359725 269325 643628 563087 89466 800111 723364 920045 398112 765029 511947 396658 304605 741730 1012889 910768 386799 54732 82869 458342 1067292 734893 159851 280062 759449 226164 573178 185394 813614 83217 410543 486663 766226 1136613 607511 309830 101139 732123 466529 525072 993445 527640 511807 1102736 463642 661669 624983 996336 586539 685594 827606
493796 461727 462340 347905 296109 483232 398464 684824 506260 149319 304253 195025 135864 185204 296009 437612 757448 747735 193287 439403 695351 671776 482320 313779 465785 379978 506963 341334 253486 442556 401480 488377 416574 142233 462552 680174 391844 518965 416999 511118 376349 999999999 726397 329494 156364 389158 210930 457659 610158 355999 136299 282475 568537 463636 442379 673441 590153 149954 716490 167100 148351 84760 593921 666071 701004 495684 341751 365844 347489 720424 359722 289004 207975 562985 433361 335622 444408 437414 319181 177440 387782 522714 785903 313518 340676 434272 507949 134017 541064 623610 476095 563580 756195 300250 487706 256815 663919 334203 466396 552511
1190575 433153 744246 736771 589107 766673 949232 136735 781521 667905 733409 841372 627760 602080 546839 1159925 799485 762538 805990 588491 707982 764618 493798 1027375 265679 572032 497624 477011 568210 1147763 911983 1018219 932988 864320 1180790 114503 1118164 375636 714652 675745 807503 726397 999999999 425631 743854 862299 521375 619610 119956 451614 661919 668098 259126 867776 688997 93838 621730 576475 71462 629961 874270 768282 167664 732674 293739 451832 755202 726772 388374 763851 855820 875125 886477 258316 608492 1053864 663792 845294 731150 903528 348906 359065 825293 502754 499950 753750 323852 624494 295270 856031 282197 329897 783917 1025453 264316 851354 665527 1047619 330673 435333
766184 172648 576415 503509 182281 602555 533112 426154 435403 335988 476194 492361 209165 286845 317554 744794 585169 560741 469146 461487 499447 513970 227690 643215 208145 406129 251115 288582 146328 725129 641060 609464 522791 471622 762513 359393 711008 206719 530194 565689 565417 329494 425631 999999999 406835 456889 179280 494986 305692 277212 322313 256453 361306 650244 337096 397524 383054 194146 435419 205403 475202 393861 273592 493111 374452 413418 512349 507296 163616 543817 444611 560112 523824 233492 470774 637123 514732 456650 483101 503344 177738 205542 615808 95827 311509 565346 181479 207251 353590 541616 256408 398738 576652 626300 165886 426534 457060 628651 137683 262373
578532 565631 315575 198052 429913 334254 546539 674669 659406 76608 153730 97834 264918 141798 222947 488661 902039 889459 63840 326591 834426 817532 599682 299103 478815 276470 624961 289045 378342 522169 252476 635477 568208 180554 521632 720990 424682 612023 273478 378326 220167 156364 743854 406835 999999999 544724 236991 336230 637380 311439 86248 430899 540803 307284 589920 675132 724452 215231 719061 303470 205257 88881 638080 809147 777768 419349 188820 218389 356938 863726 514859 154182 147461 629840 315141 405243 312288 593778 169515 228011 395357 612052 931219 423539 276441 284957 586980 260337 507010 777505 468085 515656 899462 322741 540433 406737 799966 412558 541398 658610
435612 443307 848494 736204 276644 870418 104671 881786 194594 530521 692955 557869 334945 542261 643031 496430 471047 479162 571093 801610 449399 389421 404430 552398 664465 739146 415926 660716 313522 424119 777744 156007 73369 434522 490257 771754 512598 512758 801883 886806 764852 389158 862299 456889 544724 999999999 496716 826011 746215 664057 514712 200466 813214 851014 216566 849678 393612 435165 884514 302155 412825 462352 696142 401797 694451 816518 730794 753175 589917 446330 31566 658236 542764 617578 800354 408572 821455 69497 707598 419808 619008 526711 492178 365437 671676 821886 547241 341519 799863 281744 707392 839342 477737 489561 600158 153253 440286 386804 532150 490485
700128 349521 409426 326886 274319 435163 543504 473930 541112 161962 297563 329912 164192 107705 159009 648489 737819 717884 300766 318044 658232 659652 396881 506260 257237 256605 421656 164025 216123 650827 462243 630793 547506 343830 673365 487373 600661 385554 361751 415713 386856 210930 521375 179280 236991 496716 999999999 347697 408725 168413 150746 316616 360046 472769 451300 463738 542377 69003 507116 194566 355667 247173 403077 643774 542281 320516 334415 332683 136808 697070 474569 386626 369652 393293 321939 546265 357128 520828 305170 384964 177252 383325 768309 227315 176565 394346 353865 157879 334993 657524 265255 363141 731616 505380 303574 409826 618430 543918 307574 440894
914346 663318 127141 176762 621970 147652 852667 503464 888459 308749 206513 405310 494194 283902 188877 817908 1077758 1054877 363593 35047 993884 1002659 722522 608200 410843 91199 745507 207279 563819 857664 341457 942675 865909 516674 852798 650725 748963 676579 112055 70824 231539 457659 619610 494986 336230 826011 347697 999999999 553554 223080 321390 660914 362238 261520 798931 528950 877342 396107 567163 531322 541475 420103 590591 984494 779026 170832 198450 155041 343698 1036552 800079 369293 459658 633221 25925 740357 48561 859358 193057 563894 355159 668312 1108407 567666 183494 145291 625805 487634 324919 1005187 359166 299340 1070130 648171 535075 711165 951894 748506 582382 745367
1070766 327217 672911 650362 471458 696952 831303 165770 675688 560856 641875 734050 508401 495956 453247 1041747 721692 686616 700469 520106 628736 677744 392236 914763 160894 493394 399769 386324 448754 1028234 821284 901870 816187 749473 1062046 97183 1001431 278109 638397 616065 721039 610158 119956 305692 637380 746215 408725 553554 999999999 361314 553503 550273 218169 788143 580690 117893 532537 460597 142083 510055 758395 655815 69381 647321 256291 396027 667263 643046 280533 683767 738658 774721 777075 164456 538615 935313 593876 732209 641449 787567 243276 261594 749285 384278 411260 677881 219962 505264 245671 757515 196198 292069 707340 910027 146191 731632 584694 928678 217965 345994
849374 441772 324222 289065 425317 349860 711758 366391 693741 242559 282080 407988 332601 180027 95862 782245 862380 837719 368403 188358 776291 790404 502984 609591 203828 141833 525280 25399 369753 797125 461202 799196 715865 467672 811053 455694 725646 453510 284076 293636 359725 355999 451614 277212 311439 664057 168413 223080 361314 999999999 243347 478199 229470 428880 599204 373049 660063 235131 416387 362145 485607 362065 384857 770179 564321 152461 306034 282429 120659 821028 642540 426925 458896 415373 200976 686362 251408 684988 280662 513740 135032 445379 893020 358661 50104 323122 403430 326272 195682 806758 169527 209398 853809 625223 316344 576895 733496 687522 359534 522464
614515 484504 334259 225994 362830 356904 532783 598857 607879 17147 185578 180704 203114 63693 167306 539847 837832 822868 150027 303344 766133 754869 522269 370069 396307 244681 547561 223899 307908 560355 324798 622832 548450 224840 569686 635777 482302 528376 287274 376013 269325 136299 661919 322313 86248 514712 150746 321390 553503 243347 999999999 375777 469625 358778 531019 596232 653764 134622 640153 243145 244123 118957 552433 744081 691887 369631 224941 240578 273764 798560 486826 237858 224636 543677 297062 446773 309545 556197 198425 271560 313017 527826 867566 345979 217175 309166 501626 197466 437817 726717 390113 452234 834093 381966 454238 390999 729859 449957 455838 577403
557354 269920 703996 601195 79039 728115 281135 681861 232373 392879 561355 476635 173265 385016 472620 572496 475176 466725 475218 632960 416614 389338 253397 546390 464030 570723 273050 478430 114199 527417 681941 353596 267119 387447 579771 583728 561416 340596 655896 726514 643628 282475 668098 256453 430899 200466 316616 660914 550273 478199 375777 999999999 613708 732953 159919 650834 318724 265449 686659 133378 375966 367105 504281 384545 531612 629587 600715 614252 393837 438652 189048 571431 481462 433145 634992 467172 664185 207763 574029 395733 420812 352020 503479 166499 492939 681998 363363 179304 601625 351192 507892 642630 474372 502658 404158 202122 388697 451603 341340 339404
1060141 468279 488255 493513 542905 509822 879897 143989 792160 470479 497361 637457 509791 405946 322487 1003437 894659 862930 597729 332439 802175 838000 537882 838313 157444 324088 553109 252762 499802 1010445 671433 961641 875234 691216 1030260 310540 950206 444215 461912 416722 563087 568537 259126 361306 540803 813214 360046 362238 218169 229470 469625 613708 999999999 616076 693321 166970 694251 427745 205094 527880 707109 586866 276159 811056 472108 192946 513517 480594 231033 854469 797730 652067 688223 353437 352983 903848 407727 817462 492407 735911 196166 429915 924040 457046 269782 500322 382104 504507 38099 891531 105832 74342 882291 850948 278737 756910 757335 902712 355520 518877
807172 822019 137649 147079 721039 126603 845414 759498 963927 341662 176598 308543 561478 368750 346007 685653 1196067 1180154 283906 285944 1122518 1113501 868866 459875 632670 296022 893836 404901 665094 749800 117631 932402 870421 445070 724292 883727 609779 853270 154223 235971 89466 463636 867776 650244 307284 851014 472769 261520 788143 428880 358778 732953 616076 999999999 889569 780407 1008636 486865 820646 601393 471964 389124 813642 1102136 988157 429840 138479 147517 534945 1156512 820760 218732 347226 837186 264862 636395 213073 901042 167662 482788 560381 848884 1225931 695410 378877 116726 813286 555992 578046 1082512 592512 558125 1191925 520923 738611 708885 1084947 651675 766941 912616
645380 255949 852931 754550 176982 877727 321109 732820 98840 548165 716071 636285 328092 533315 610303 687964 315766 309386 635107 768715 263321 229622 201740 693748 536241 707769 207673 604223 235267 626970 841500 360050 287774 542006 688149 587905 689526 318865 804693 866940 800111 442379 688997 337096 589920 216566 451300 798931 580690 599204 531019 159919 693321 889569 999999999 693463 182577 411240 722683 288221 528140 526967 521590 226754 487626 744999 755467 766209 497130 280183 229001 731349 639412 432960 773211 589032 807237 170636 728078 545259 514773 334570 343756 243758 622396 832949 365228 333597 689065 207576 590725 735360 315726 643405 440576 310514 241788 570167 363212 282591
1150897 442565 654507 652954 573132 676413 930145 51605 789648 600501 652459 772966 587204 534350 468911 1110541 838905 803518 735791 498603 746053 795633 508773 965365 208022 485789 517091 398218 543745 1105361 829684 1004302 917936 807232 1133690 175597 1064366 395781 626612 583548 723364 673441 93838 397524 675132 849678 463738 528950 117893 373049 596232 650834 166970 780407 693463 999999999 650429 524310 43940 595003 819393 707459 186443 765166 356889 359900 672079 641710 327200 801231 839879 799711 820395 282208 518920 1006340 573960 840177 649136 848694 286704 379314 866263 484495 419551 665410 336824 583173 204031 874105 207146 236416 824365 968816 253372 822298 702155 1001922 330442 463850
