NAME : synthetic_000673
TYPE : CTSP-D
DIMENSION : 100
GROUPS : 8
RELAXATION_LEVEL : 1
EDGE_WEIGHT_TYPE : EXPLICIT
EDGE_WEIGHT_FORMAT : FULL_MATRIX
EDGE_WEIGHT_SECTION
999999999 937719 608360 374828 640795 701836 522329 541122 592940 394949 355464 673726 901793 616195 302059 658983 635504 756243 239044 681267 569056 525598 61023 738945 703422 448723 213673 719755 101150 779037 715632 613379 181739 700562 828301 641208 428595 594655 815942 228528 168011 393671 539138 725498 824263 594237 367648 247975 138645 745393 145796 360419 160141 797133 126120 604788 178310 577432 650768 566483 839586 671196 743939 641221 780454 618142 418586 213711 141372 599580 735446 250242 462147 577480 584898 711590 741466 837794 276042 364735 350813 693683 571232 594909 559710 552291 361869 829875 184813 613278 678184 167912 635553 215767 425443 642202 754421 175159 329593 201365
937719 999999999 343396 815018 416910 735442 471039 723583 815461 599327 649246 896930 446230 335914 1074864 943666 327927 189673 867906 398225 436390 416374 998723 834449 277027 547677 754548 413983 885237 498481 299593 330859 907950 293016 650757 545624 575314 372179 862043 872608 1014181 550125 844200 804929 207584 712693 571334 872962 811137 374095 955222 865388 1097836 640188 817198 700186 874904 558013 663080 380349 849367 275487 320671 717107 196847 417004 520573 854612 931339 595889 297688 1177121 720694 723306 947495 724540 671644 119110 1206167 581760 655723 799079 639165 347712 734789 505323 757778 744348 865154 627152 259929 844954 312666 1058131 536236 308012 193466 1049080 621892 838756
608360 343396 999999999 576495 315795 492927 264513 557364 661293 256674 306362 761190 537202 7847 790463 793023 184055 153976 524682 179081 119602 146102 668721 738408 223820 207303 449813 228702 546887 495291 132266 131150 611521 240242 639694 446141 332372 41308 792745 529262 707408 250140 664572 709259 221409 431900 257456 529929 475722 220604 613387 620060 767733 615242 495087 566340 532079 271284 556898 42809 793476 68045 320947 598621 172225 138003 212671 565452 625684 467899 290181 854942 400704 436256 768934 487569 610728 270826 882581 281636 312831 690596 493139 33406 441549 198144 513639 710475 522224 504930 99677 503058 31208 755591 193288 35432 200158 738703 282764 495647
374828 815018 576495 999999999 414509 903899 345549 181741 218119 513907 509428 302970 614888 582534 290581 298005 489015 676967 549265 727957 612941 435265 410332 364330 539027 540673 224866 778111 428470 479025 708655 500865 205406 525345 482236 341936 248396 588907 441271 542200 304750 336832 166581 352079 786358 799461 348117 560263 380892 784765 508281 51620 474252 453076 296641 248447 496630 706162 303231 538071 465591 612847 528791 279294 725390 664217 374950 161252 251536 285587 536805 489962 679863 788991 236122 908029 389441 697121 520102 311169 509592 320225 242545 547238 778011 644711 62946 465869 496393 282447 592616 463905 589461 322070 483484 597780 623288 342697 420863 494000
640795 416910 315795 414509 999999999 796492 123629 306694 400634 462767 497622 488067 273754 316670 695306 531199 136877 328416 674656 493857 420770 205954 698356 441996 146491 442804 428695 541948 627306 187896 423630 185459 551712 126798 324273 140610 213564 352147 487051 674210 664787 276040 427290 411991 452977 720053 312754 683699 549663 527041 713177 466111 790832 299449 515479 287820 652869 569270 260206 303523 483976 305460 114709 310538 388436 451943 276193 493963 586230 181904 123689 846201 651823 719723 530808 793169 298751 298167 876970 293654 502577 399264 222930 283892 719695 492050 364795 395783 645985 216093 263166 615548 305881 700103 389239 312314 240601 703174 417256 626322
701836 735442 492927 903899 796492 999999999 709910 965388 1064117 391773 395532 1167353 1029958 494985 990933 1183600 674229 584665 475032 345432 377357 594165 740701 1173960 716311 377720 690928 321619 601175 982437 447033 620264 821681 733151 1118188 910221 723239 452254 1239285 485891 864203 599336 1044302 1147513 528442 108748 573122 469472 583840 361441 600738 928188 814476 1091057 662400 996519 529926 227332 1004508 494755 1246710 535186 813872 1034433 547148 357373 570671 806003 806381 915453 782919 923931 240756 124435 1135812 15845 1074241 721561 940250 612580 396094 1122835 926112 520067 142334 304538 848132 1177912 521387 950374 581671 533974 514209 914814 439453 511203 674797 876704 483443 501227
522329 471039 264513 345549 123629 709910 999999999 293834 397466 352093 382426 496744 396918 268303 606914 529740 143621 335131 551795 440042 346029 122437 581022 476989 199060 340633 313258 490871 504488 299184 391745 159784 449276 189401 413590 200973 106548 291492 535640 551123 560620 153375 405215 448448 451217 624902 190400 560983 426606 485110 589952 395161 675524 384742 396343 302580 529257 483964 298580 237475 539860 281644 221727 336269 387772 386965 158484 392932 479578 208568 215819 737182 544487 622308 510676 708446 364333 354642 767654 170026 386936 428052 229274 231325 619954 407912 286982 468064 522412 245005 253100 491921 267004 599899 282358 275007 278244 598009 297525 502946
541122 723583 557364 181741 306694 965388 293834 999999999 104009 577693 588489 205864 450546 561529 463154 235906 419748 619682 681178 729502 626607 412172 583132 216524 450598 587944 354037 780674 577792 314161 685576 449923 383724 432288 300551 191409 243268 581406 290470 675953 486358 366174 120736 195258 740460 868678 393008 692059 516793 777535 663095 223247 653226 271646 442701 66716 636002 748496 122547 527163 308083 574392 410605 100221 676012 672364 396943 333463 429194 133379 427805 671676 763762 861753 224407 966656 207735 604852 701766 353906 590552 165552 86403 524466 854567 677165 179263 288958 633577 114326 542125 599894 560838 503141 526303 568838 543519 524416 493464 625265
592940 815461 661293 218119 400634 1064117 397466 104009 999999999 674285 681770 103404 502181 665407 459120 132774 520116 720141 756629 833456 729948 516178 627480 146607 546577 687527 426923 884636 642961 370983 789175 552359 420784 527368 311356 271790 344941 685404 223342 750463 510287 466151 65022 137683 841918 965657 490995 767624 589113 881523 724809 241170 686145 288613 508823 116732 707356 849514 166280 631165 248772 677285 497473 114033 777291 776071 498277 379350 466934 219597 517903 688254 856936 957962 137950 1065882 220350 697646 716967 451548 683377 106613 178244 628351 949905 779099 243188 266975 706090 189350 643985 672823 664424 516836 626124 672387 640336 545838 587333 700705
394949 599327 256674 513907 462767 391773 352093 577693 674285 999999999 50038 777188 729112 263909 640608 792050 376248 409664 268907 286968 180403 262588 450757 790238 439477 56123 310948 324860 313732 648516 333820 329609 460257 448060 764343 549730 339654 227928 858847 274126 529890 216063 652659 765120 447644 291372 185173 273683 256411 350945 367172 541397 545930 734750 309275 614160 282844 199068 629347 224411 869346 324667 520278 653239 415936 225636 195712 432553 457142 543449 496787 644589 193119 284060 744275 394970 706979 524587 669078 223861 56504 738767 546787 259473 277340 158308 456899 811156 272540 575866 350842 258911 287820 581501 75658 291757 447837 553134 93635 245174
355464 649246 306362 509428 497622 395532 382426 588489 681770 50038 999999999 783743 767146 313656 613830 795107 418917 459574 218873 331040 228659 302601 409315 803438 483626 104880 296008 366057 269557 681121 382610 374158 436247 491154 790892 575940 357136 277965 873953 224105 497918 237410 655626 779378 496759 290067 202760 223719 218284 394515 318838 532666 502760 760737 280366 629319 234058 225259 648664 273208 886153 374393 561328 668922 465859 271798 223964 413979 428741 565082 539094 603568 175318 279701 743233 400653 729280 573343 627201 238686 6477 751943 564486 308115 269566 197819 455480 833025 223676 595965 399641 211855 337462 549694 119949 341531 495800 518855 95104 196213
673726 896930 761190 302970 488067 1167353 496744 205864 103404 777188 783743 999999999 547889 765047 501255 56811 613600 812957 850278 934755 832471 616863 702824 108079 634527 790901 521652 985880 731436 426740 887709 648798 495590 614471 330803 351766 448168 786421 167676 843620 573303 569554 136479 122468 936010 1068543 594246 861289 682012 981719 810549 313820 752441 316219 599163 200716 798961 952901 234178 732153 199760 774280 576434 179824 871221 878102 601604 460901 540874 306565 599819 741677 958709 1060649 121529 1169190 254106 780857 768777 554774 785200 108773 271078 728057 1052341 882348 338236 259325 798354 272046 739188 765502 763057 571755 729516 770908 728648 606037 689600 794600
901793 446230 537202 614888 273754 1029958 396918 450546 502181 729112 767146 547889 999999999 534980 905364 603421 361031 474573 948408 697821 655028 466710 956789 456312 313671 702414 688133 738327 896975 136655 606247 414143 789259 297061 232947 273925 474800 578177 457984 947925 901621 549785 555460 431321 585533 966078 586504 957449 820150 711900 983801 663716 1044672 236334 778886 394836 925850 807550 338089 540482 436990 498769 216650 388153 531491 673084 548816 731770 829048 329305 247047 1087918 912747 968499 638296 1024201 293813 364121 1118816 566601 772403 439160 373611 511621 971242 732193 582389 328553 919164 337068 451171 888348 516105 929513 653953 519628 370367 940732 690057 899865
616195 335914 7847 582534 316670 494985 268303 561529 665407 263909 313656 765047 534980 999999999 797683 797284 183791 146407 532077 177434 123454 150977 676561 741268 221379 214151 457243 226541 554707 495029 126589 131494 618887 238250 640249 448071 337876 45119 795076 536705 714989 257136 669318 712047 213964 435393 264883 537275 483567 217095 621103 626322 775576 616046 502839 569697 539724 274406 559513 50438 795491 60762 319000 601686 164419 138986 219805 572644 633222 470717 287935 862738 406169 440053 773819 489397 612394 264449 890391 288724 320128 693654 496555 37069 445656 202044 519711 711780 529857 507761 94355 510778 24470 763117 200957 27905 194795 746346 290593 503254
302059 1074864 790463 290581 695306 990933 606914 463154 459120 640608 613830 501255 905364 797683 999999999 465141 747656 916577 540578 908533 789944 667334 289561 595816 805945 685769 343542 953994 400653 769283 916347 746814 182322 795295 759346 632493 500742 790672 666641 530212 134772 541280 394157 594209 1011194 882236 533975 549770 407147 971210 440943 241955 289179 732189 333516 527751 479583 837943 585388 748147 696933 840913 809929 551613 956135 842541 577947 225102 185556 576073 813956 246286 750307 866872 384972 999296 665392 960633 270826 509268 610919 564579 532292 767119 850547 795837 331126 725891 485334 571048 831708 464121 810832 96236 643367 818775 881455 142901 553888 498771
658983 943666 793023 298005 531199 1183600 529740 235906 132774 792050 795107 56811 603421 797284 465141 999999999 652671 852647 847056 963856 858382 647491 683712 163414 677553 809458 521929 1015064 723142 480429 921481 685118 478221 657983 387599 398099 471824 816231 215761 839832 547268 589865 139526 179226 974624 1082698 611946 858044 678759 1012925 799216 299403 726935 372734 593725 243786 793584 973234 283490 762075 248775 809976 623915 228498 909973 905469 623686 449178 522278 349349 646032 708937 969006 1073890 80290 1186162 309876 826654 735057 572459 796115 164854 310132 760216 1064595 904578 341943 315237 793724 316640 776749 761513 796744 541166 748678 804742 771530 578022 702238 791922
635504 327927 184055 489015 136877 674229 143621 419748 520116 376248 418917 613600 361031 183791 747656 652671 999999999 200048 619765 359383 296988 119344 695989 575567 68882 343938 437281 406514 600690 311264 286754 53977 584304 72408 457481 275274 247436 223057 623196 621444 693249 242322 537020 545708 322410 605774 272214 627439 522716 390414 680796 538767 793488 434177 510396 413218 609766 448976 392757 180401 620725 168594 145873 440254 257624 321987 223361 529536 610906 308468 120569 863739 553567 607729 642548 669641 435617 213113 893664 270792 424736 530931 342929 154473 610234 372660 430588 532192 601397 344771 127355 574740 170572 735113 300655 176549 134722 729482 355807 578147
756243 189673 153976 676967 328416 584665 335131 619682 720141 409664 459574 812957 474573 146407 916577 852647 200048 999999999 678245 239340 250965 249267 817030 770370 187826 358320 584055 271164 699000 473006 138736 176257 742645 209406 628207 469006 428995 182956 813081 682990 844322 378559 736319 740351 124744 545229 394603 683288 626340 239980 767003 724739 916239 609374 638934 612316 685996 385065 588518 192353 807478 86528 278147 637879 61066 240059 345157 692422 761646 506889 245344 999823 538198 553466 841943 575988 621968 137161 1028176 410867 466050 727479 542723 161548 562617 324264 615964 712014 676164 542620 85166 656670 123623 890588 347187 118546 105010 877537 434902 649617
239044 867906 524682 549265 674656 475032 551795 681178 756629 268907 218873 850278 948408 532077 540578 847056 619765 678245 999999999 535356 443983 500452 268504 895238 687334 322608 329733 562185 140438 846004 597999 580543 397016 691872 932366 723027 491763 496832 970870 10937 407020 398630 714135 876063 712671 371164 361937 11012 168399 596107 126798 552326 339668 900984 253953 735702 61043 396255 769082 489964 989256 592720 755102 775337 684266 482212 402504 405043 367482 697392 736872 448974 244501 352834 780632 486362 857345 789000 466008 383755 212403 845534 683340 524387 333389 398517 513485 956521 56482 721516 615867 85906 555655 454463 333807 559980 709586 412225 264036 55994
681267 398225 179081 727957 493857 345432 440042 729502 833456 286968 331040 934755 697821 177434 908533 963856 359383 239340 535356 999999999 118761 318224 737647 916170 387086 232545 566028 51210 600183 669442 101854 308419 726223 406293 816797 625219 494860 148582 971528 542961 808069 391196 831766 887219 199267 314500 384487 537097 542624 64155 647395 766953 832831 793031 586939 742622 562098 164598 735297 202776 972521 199434 486007 775885 203953 66022 353008 688416 730864 645941 453463 931267 338606 325520 934388 336648 789765 376131 955981 418347 336689 867810 669317 212165 337897 136847 665337 889194 551598 682914 247120 542570 188859 858954 265484 183275 333001 834229 358670 524177
569056 436390 119602 612941 420770 377357 346029 626607 729948 180403 228659 832471 655028 123454 789944 858382 296988 250965 443983 118761 999999999 224552 626788 822026 342523 124284 447280 166513 492884 605501 154177 243011 607660 358048 744318 541522 386734 78404 881670 450300 690979 276427 723765 793865 268729 312381 267029 447406 430834 181369 547367 650594 723507 718215 470354 645791 462712 152521 644606 117583 885501 176352 438402 681084 243813 52772 239000 569661 613055 554593 408387 819288 287605 316667 824768 373155 706912 381239 844829 302085 234860 772336 572881 143454 322227 78592 550697 809158 452335 591001 216999 439308 146187 741612 147619 145827 316790 717971 242369 424871
525598 416374 146102 435265 205954 594165 122437 412172 516178 262588 302601 616863 466710 150977 667334 647491 119344 249267 500452 318224 224552 999999999 586527 599426 187473 237582 338443 369230 484550 393850 277245 87786 494527 191445 524125 317505 188117 169677 657578 502100 598578 133852 518472 570863 351536 514615 158192 508175 407149 365437 563095 480861 685084 496894 402579 424693 490868 366995 420511 115448 660997 177948 258759 458690 292027 264537 107545 443436 515707 330547 237520 761199 447552 513922 622863 591767 482713 312288 790476 165387 308197 550432 351411 114201 513743 290039 372894 585441 482388 367185 164396 456182 154757 643590 187258 163074 228927 633007 236467 458937
61023 998723 668721 410332 698356 740701 581022 583132 627480 450757 409315 702824 956789 676561 289561 683712 695989 817030 268504 737647 626788 586527 999999999 774065 763760 505308 269864 774968 143455 832136 774585 674301 207439 760608 875139 693252 485385 654350 850795 257588 156745 454384 570670 762411 883867 634466 428632 275899 196041 801680 154102 389374 99216 844228 185832 648093 210918 628314 696296 626971 875773 731857 802744 683326 840713 675200 479575 250296 161955 649525 794881 194267 503505 616980 607168 751238 786628 898754 218335 425199 404333 730557 618943 655634 598392 606969 404865 871991 219315 661211 739154 209980 696107 195634 484420 702696 815380 149860 388875 240468
738945 834449 738408 364330 441996 1173960 476989 216524 146607 790238 803438 108079 456312 741268 595816 163414 575567 770370 895238 916170 822026 599426 774065 999999999 585465 796410 566119 966647 786030 345798 858870 617078 567378 564393 230074 301386 451393 767930 77019 889599 655336 575713 206822 30043 894972 1079964 605065 906179 729114 957959 869074 387259 832108 220289 651215 177542 848049 952925 182893 714194 102695 742135 515260 140944 830421 863946 603291 525565 613517 270557 542133 830696 978462 1073908 227070 1174341 166986 722052 858845 566639 805723 51510 249418 705006 1067569 879165 384323 151918 846217 233510 702913 812685 735897 659428 734716 743289 678607 690220 708334 839247
703422 277027 223820 539027 146491 716311 199060 450598 546577 439477 483626 634527 313671 221379 805945 677553 68882 187826 687334 387086 342523 187473 763760 585465 999999999 403628 502985 430373 669556 288200 301834 109934 646654 21581 441912 285145 305495 264977 625900 689224 756805 310776 570524 555423 312178 654656 341051 694840 591557 408255 749640 589787 860934 422142 578015 434304 678286 494859 405255 231040 619779 187838 98938 456558 248862 359458 292234 590981 674879 328362 66793 929478 611276 658082 675002 710534 434391 158314 959569 338724 489584 544277 368459 199852 662089 420445 483087 524353 669845 362503 140334 643408 202537 797499 364315 206326 94122 793531 423622 646396
448723 547677 207303 540673 442804 377720 340633 587944 687527 56123 104880 790901 702414 214151 685769 809458 343938 358320 322608 232545 124284 237582 505308 796410 403628 999999999 349462 272471 369399 630435 277870 294093 504131 414207 754073 541299 345520 175499 862495 328320 579028 221771 670889 770178 391900 285604 197542 326801 310081 296678 423182 571942 601087 725369 357661 619078 338694 165560 629132 179284 870928 274695 489628 657258 361665 170100 193348 472450 504171 541050 464042 698760 210362 281983 766152 378717 702530 477603 723629 237003 111203 745220 549238 214368 279330 110182 481275 806743 328354 575102 304403 315033 238478 630386 61733 241672 403335 603680 131998 300935
213673 754548 449813 224866 428695 690928 313258 354037 426923 310948 296008 521652 688133 457243 343542 521929 437281 584055 329733 566028 447280 338443 269864 566119 502985 349462 999999999 612462 225833 566333 573494 423944 162211 497607 624673 429858 215524 447758 642164 323726 260389 205657 386188 547802 671207 584123 192360 340722 163038 628248 313054 239589 362538 593199 93511 412156 282152 509753 451654 407130 661632 504177 534666 450987 618735 500008 239448 123183 177614 391691 528677 426531 459905 572175 460691 696471 542071 647002 456585 173468 295022 516910 368242 428671 559721 459269 183884 636633 280111 409235 500827 246566 472088 306735 302076 479773 564394 294572 218641 273789
719755 413983 228702 778111 541948 321619 490871 780674 884636 324860 366057 985880 738327 226541 953994 1015064 406514 271164 562185 51210 166513 369230 774968 966647 430373 272471 612462 999999999 635530 715153 133128 356557 771697 450172 863917 674610 545964 199553 1021447 570384 850933 441280 882932 937621 207793 306757 433432 563052 581267 42084 678115 816602 868809 840645 629534 793436 592971 174113 785484 253799 1022032 242739 529000 826498 227262 114169 403245 735241 774809 696284 496146 969075 350850 320231 985474 311120 838790 405489 993100 467940 371335 918447 720134 261993 335056 168286 715587 937630 582480 733286 290047 575778 236125 902103 310695 229965 370070 876084 401768 555293
101150 885237 546887 428470 627306 601175 504488 577792 642961 313732 269557 731436 896975 554707 400653 723142 600690 699000 140438 600183 492884 484550 143455 786030 669556 369399 225833 635530 999999999 782348 643982 571237 259677 669706 849589 649869 423742 527962 862748 130411 267923 360551 595035 769470 755745 493898 328557 150119 78360 663880 88065 424598 233370 818072 135144 637426 79466 485450 677476 506746 883775 612647 722035 675908 716908 539357 377622 274844 227708 615416 709302 336545 362101 476919 653180 611135 767841 792491 358795 336423 264202 738108 593798 537952 458943 467246 401826 862285 84690 634477 625733 67376 575920 316620 356259 581840 709734 276286 264197 100248
779037 498481 495291 479025 187896 982437 299184 314161 370983 648516 681121 426740 136655 495029 769283 480429 311264 473006 846004 669442 605501 393850 832136 345798 288200 630435 566333 715153 782348 999999999 589253 364414 657764 267180 156219 140620 358926 533808 364613 844429 769336 450877 421471 317941 594865 907697 487992 855633 707331 695363 870113 527468 917280 141967 658817 260205 817960 755582 204999 487919 350909 472922 195325 257487 533779 633125 457458 600773 698741 193633 227750 956161 838876 907548 508472 978613 178860 393988 987002 462438 685772 319742 237158 465069 907591 678455 448775 246471 812093 200445 426488 780070 480797 795621 575941 486173 370172 808449 596517 794865
715632 299593 132266 708655 423630 447033 391745 685576 789175 333820 382610 887709 606247 126589 916347 921481 286754 138736 597999 101854 154177 277245 774585 858870 301834 277870 573494 133128 643982 589253 999999999 241822 735705 322373 740808 560921 464464 125736 909174 604414 827054 379389 794961 829281 114723 414192 382486 601247 578736 106488 700991 751878 872398 719000 609758 690358 616563 258454 676147 171316 907355 118198 399512 720766 103248 120923 341177 692013 746611 588883 366428 965189 424741 424165 899730 437950 722365 274787 991629 410082 388858 812486 617677 163051 435279 210666 645770 818438 606217 625841 162949 592346 124751 876442 290205 116819 237094 856510 386079 578786
613379 330859 131150 500865 185459 620264 159784 449923 552359 329609 374158 648798 414143 131494 746814 685118 53977 176257 580543 308419 243011 87786 674301 617078 109934 294093 423944 356557 571237 364414 241822 999999999 577396 120294 508756 319677 253331 169442 667810 582891 683333 220976 563997 587468 291632 552168 245943 587721 494181 342888 648546 548959 772821 484657 490179 449904 574507 395037 434326 126594 666847 125651 198049 479381 227998 268736 195186 524726 600500 347355 170549 848161 502662 554366 669610 615717 482693 224610 877574 251958 380176 570940 377854 100735 557193 318813 440152 581073 565720 384242 93317 540623 120709 727365 254590 127471 141302 718358 318060 541496
181739 907950 611521 205406 551712 821681 449276 383724 420784 460257 436247 495590 789259 618887 182322 478221 584304 742645 397016 726223 607660 494527 207439 567378 646654 504131 162211 771697 259677 657764 735705 577396 999999999 638463 681755 517151 343416 609969 643929 387821 113299 364546 363275 556658 832811 713068 354163 407394 242241 788957 325622 181950 269525 651626 159312 450019 337493 658604 501781 568930 669436 664450 664057 483096 779394 660237 399968 57969 46209 467038 663299 298659 582754 698841 403354 829035 590575 796892 329557 332240 433820 524851 430622 589546 683807 614291 211636 670753 340599 472711 658500 313131 633129 150864 461051 640919 715620 152125 372144 347436
700562 293016 240242 525345 126798 733151 189401 432288 527368 448060 491154 614471 297061 238250 795295 657983 72408 209406 691872 406293 358048 191445 760608 564393 21581 414207 497607 450172 669706 267180 322373 120294 638463 999999999 420559 264444 295887 281137 604444 693431 749334 309639 552508 534355 333731 669628 341273 699619 591496 428705 750867 576365 857221 400643 574775 414499 680952 510555 384547 244677 598229 207448 80752 436153 270443 376903 293565 582295 667798 308654 50588 923727 622953 672595 656668 727647 412870 173919 953967 336446 497002 523500 349451 214757 676103 435506 470416 502788 672713 342426 160217 645608 220348 789183 372564 224545 114514 786402 427850 649742
828301 650757 639694 482236 324273 1118188 413590 300551 311356 764343 790892 330803 232947 640249 759346 387599 457481 628207 932366 816797 744318 524125 875139 230074 441912 754073 624673 863917 849589 156219 740808 508756 681755 420559 999999999 214959 442294 676412 225037 929217 786553 553870 373853 208904 750674 1037251 589740 942668 779830 846266 937358 522860 950443 31533 717896 233948 896420 890897 179975 627473 204851 623340 351275 207785 689131 776209 568782 628932 726446 235288 383391 972197 957316 1035312 436300 1115494 93954 549281 1002312 557926 794808 224445 257231 608070 1033390 813766 471664 96354 891996 215572 577890 858688 628048 803562 695894 633990 526032 824783 700281 878358
641208 545624 446141 341936 140610 910221 200973 191409 271790 549730 575940 351766 273925 448071 632493 398099 275274 469006 723027 625219 541522 317505 693252 301386 285145 541299 429858 674610 649869 140620 560921 319677 517151 264444 214959 999999999 231269 479308 348253 720525 628829 339040 309307 271383 593587 825867 375106 733085 576719 662514 737917 391634 777262 185040 523049 155298 690565 683650 120112 427390 347449 443213 226009 172295 529040 578174 354052 460159 558168 58812 248144 815590 742805 823152 407538 908399 165440 429111 846441 344219 579875 259147 106195 413110 820506 607056 308657 267979 685418 82452 402512 652631 440080 655744 482255 447058 378957 667947 485641 670081
428595 575314 332372 248396 213564 723239 106548 243268 344941 339654 357136 448168 474800 337876 500742 471824 247436 428995 491763 494860 386734 188117 485385 451393 305495 345520 215524 545964 423742 358926 464464 253331 343416 295887 442294 231269 999999999 349659 519219 489272 455378 124320 337273 425759 538193 628583 155062 501837 348405 547435 511339 295745 577295 411191 304403 274650 460100 505229 291558 296590 529893 364849 322382 313598 477002 434657 153675 286711 375105 209922 320027 634119 530330 622722 439537 724109 373828 460046 664773 118605 360191 400055 207546 301668 616854 434181 186974 476871 454671 239196 344388 422154 342868 493796 283789 351186 381918 493134 263072 438890
594655 372179 41308 588907 352147 452254 291492 581406 685404 227928 277965 786421 578177 45119 790672 816231 223057 182956 496832 148582 78404 169677 654350 767930 264977 175499 447758 199553 527962 533808 125736 169442 609969 281137 676412 479308 349659 999999999 824182 501999 701883 255607 685340 739086 229630 390609 256960 501500 459438 197788 590712 630559 752870 651370 485732 594066 507986 229997 587556 54269 825987 101541 361769 627497 189544 99797 217113 566485 621166 497965 331217 843209 361987 395064 788756 447147 644483 307154 870185 285622 284432 719387 520761 68740 400555 156992 525972 745209 497916 534877 139215 480682 68504 751057 171713 69291 239487 731797 265684 470924
815942 862043 792745 441271 487051 1239285 535640 290470 223342 858847 873953 167676 457984 795076 666641 215761 623196 813081 970870 971528 881670 657578 850795 77019 625900 862495 642164 1021447 862748 364613 909174 667810 643929 604444 225037 348253 519219 824182 999999999 965375 730464 643291 282132 95301 937778 1147192 673900 981791 805200 1010473 945977 463324 907842 225919 727848 244791 924237 1016355 237081 771086 33274 791414 547881 205626 873813 921688 669151 602519 690029 327086 576999 904059 1048528 1141762 289051 1239124 192274 753640 931850 636039 876458 125336 313263 759472 1136071 941604 460951 130554 922268 290733 750137 888688 787974 733084 800985 795061 717184 764889 778924 914896
228528 872608 529262 542200 674210 485891 551123 675953 750463 274126 224105 843620 947925 536705 530212 839832 621444 682990 10937 542961 450300 502100 257588 889599 689224 328320 323726 570384 130411 844429 604414 582891 387821 693431 929217 720525 489272 501999 965375 999999999 396530 398186 707379 870674 719029 381893 361673 19715 161611 603986 116291 544507 328892 897801 246344 731003 50947 405219 765021 494057 984031 597271 755900 770564 689867 489200 403106 396797 357773 694105 738075 438158 254888 363602 772965 497188 853543 792620 455302 382516 217654 840046 679375 528327 344197 406116 507278 952351 47304 717814 619720 78319 560160 443833 337712 564610 712862 401486 265643 51065
168011 1014181 707408 304750 664787 864203 560620 486358 510287 529890 497918 573303 901621 714989 134772 547268 693249 844322 407020 808069 690979 598578 156745 655336 756805 579028 260389 850933 267923 769336 827054 683333 113299 749334 786553 628829 455378 701883 730464 396530 999999999 466045 448537 647896 928576 755838 450966 415986 283408 871813 306362 269905 179667 757026 221411 553070 346183 723174 606943 664600 758030 763739 776800 583836 877794 742692 499344 171265 82873 577505 775404 187104 623521 739807 468212 873233 694092 904966 217831 433851 494315 616502 539420 687790 722786 687720 321172 769001 352368 581132 761215 332917 730910 51778 543386 738427 822962 39120 449445 367246
393671 550125 250140 336832 276040 599336 153375 366174 466151 216063 237410 569554 549785 257136 541280 589865 242322 378559 398630 391196 276427 133852 454384 575713 310776 221771 205657 441280 360551 450877 379389 220976 364546 309639 553870 339040 124320 255607 643291 398186 466045 999999999 452426 550034 470029 504265 37135 407727 282217 448810 443319 376172 552481 523550 269473 398892 378282 383600 413361 208571 653358 300021 362504 437677 415123 327417 38572 316195 383262 328206 348791 627361 408039 498495 550907 600486 492235 445509 656679 32327 241117 524364 330791 225845 492883 315056 274374 596191 370987 360022 295170 341477 269564 512031 160143 277533 362263 499899 146854 350594
539138 844200 664572 166581 427290 1044302 405215 120736 65022 652659 655626 136479 555460 669318 394157 139526 537020 736319 714135 831766 723765 518472 570670 206822 570524 670889 386188 882932 595035 421471 794961 563997 363275 552508 373853 309307 337273 685340 282132 707379 448537 452426 999999999 201202 855526 943197 473354 725146 545797 882916 674605 181669 625716 349829 462696 161341 662530 835165 217384 631545 309515 686847 531039 170287 791470 771930 487121 325679 409134 252620 548533 624669 829671 934364 105657 1046989 281454 725393 653153 433940 656671 170803 206543 632352 925090 767471 203863 331995 661990 228461 656979 629208 670711 453264 610394 678871 662980 483426 562714 658543
725498 804929 709259 352079 411991 1147513 448448 195258 137683 765120 779378 122468 431321 712047 594209 179226 545708 740351 876063 887219 793865 570863 762411 30043 555423 770178 547802 937621 769470 317941 829281 587468 556658 534355 208904 271383 425759 739086 95301 870674 647896 550034 201202 999999999 864962 1054257 580009 886969 710823 928624 853382 378453 823266 196384 634405 151165 829951 925804 153166 685444 114397 712433 485514 113257 800423 835399 576902 512845 602866 241362 512248 825726 954159 1048479 235547 1147702 139589 692284 854308 541870 781801 31858 221906 675865 1042446 851733 367741 139255 827825 204340 673060 794203 706462 654301 708539 713822 648579 683519 684303 820109
824263 207584 221409 786358 452977 528442 451217 740460 841918 447644 496759 936010 585533 213964 1011194 974624 322410 124744 712671 199267 268729 351536 883867 894972 312178 391900 671207 207793 755745 594865 114723 291632 832811 333731 750674 593587 538193 229630 937778 719029 928576 470029 855526 864962 999999999 511538 478847 715959 688640 167044 814650 832375 982251 732650 714547 735579 730488 363597 712930 264155 931956 173602 399541 761873 64808 234104 433283 786095 847005 630511 367284 1072783 535107 523567 961164 517288 746529 225088 1099810 501941 503049 851796 665252 244279 536658 323390 724234 835744 720181 666493 198551 705568 200573 976935 400079 192528 224693 959483 495037 692795
594237 712693 431900 799461 720053 108748 624902 868678 965657 291372 290067 1068543 966078 435393 882236 1082698 605774 545229 371164 314500 312381 514615 634466 1079964 654656 285604 584123 306757 493898 907697 414192 552168 713068 669628 1037251 825867 628583 390609 1147192 381893 755838 504265 943197 1054257 511538 999999999 475688 366381 475120 348841 497723 822284 710756 1009094 553767 903096 424215 161800 914615 425639 1156209 483569 749510 941685 517397 306330 478406 698084 697637 826653 720130 819873 132335 19621 1032745 117434 987928 681721 837169 514793 290142 1028590 834094 454941 40500 234211 744882 1092088 415365 860622 527411 426571 457173 806573 346571 455708 625351 768863 380637 394321
367648 571334 257456 348117 312754 573122 190400 393008 490995 185173 202760 594246 586504 264883 533975 611946 272214 394603 361937 384487 267029 158192 428632 605065 341051 197542 192360 433432 328557 487992 382486 245943 354163 341273 589740 375106 155062 256960 673900 361673 450966 37135 473354 580009 478847 475688 999999999 370946 250506 444364 409864 383942 527401 559271 245865 429140 342928 362139 446207 214797 684931 312847 396979 468356 426863 319294 50951 309536 368778 362337 382045 606215 375275 469033 569279 574989 526552 470170 635026 39522 206150 553594 362596 236826 462506 297206 286948 630265 335403 393304 313263 306467 280027 498529 137317 287623 386801 483349 110545 314497
247975 872962 529929 560263 683699 469472 560983 692059 767624 273683 223719 861289 957449 537275 549770 858044 627439 683288 11012 537097 447406 508175 275899 906179 694840 326801 340722 563052 150119 855633 601247 587721 407394 699619 942668 733085 501837 501500 981791 19715 415986 407727 725146 886969 715959 366381 370946 999999999 179404 597439 131395 563228 345005 911299 264884 746475 70659 395937 779690 495686 1000132 597974 763369 786126 688420 484795 410972 415836 377481 707754 744865 454488 241101 347867 791564 481021 867871 795081 470975 393280 217242 856455 693923 530236 328211 400330 524484 967155 66798 732016 621770 96804 560966 463109 339786 565167 715979 420553 271916 66956
138645 811137 475722 380892 549663 583840 426606 516793 589113 256411 218284 682012 820150 483567 407147 678759 522716 626340 168399 542624 430834 407149 196041 729114 591557 310081 163038 581267 78360 707331 578736 494181 242241 591496 779830 576719 348405 459438 805200 161611 283408 282217 545797 710823 688640 475120 250506 179404 999999999 606748 163664 385342 293707 748300 87545 573756 119210 442355 610753 434699 824589 540354 643717 612938 647048 479608 299932 240654 222714 544798 630948 388743 343371 459928 613039 592149 700449 716364 414004 258141 213994 679948 525943 464858 443968 414087 345946 797123 117112 565755 551270 83711 504003 334973 288728 510253 633376 301626 193773 113205
745393 374095 220604 784765 527041 361441 485110 777535 881523 350945 394515 981719 711900 217095 971210 1012925 390414 239980 596107 64155 181369 365437 801680 957959 408255 296678 628248 42084 663880 695363 106488 342888 788957 428705 846266 662514 547435 197788 1010473 603986 871813 448810 882916 928624 167044 348841 444364 597439 606748 999999999 709803 824982 896689 823987 650797 786792 624518 213526 775811 251372 1009733 222927 506000 818653 191670 129147 410332 750248 794295 687424 472911 995361 390279 362284 986502 350445 825361 371485 1020010 477006 400078 910604 713643 253879 377004 198536 721934 922607 614015 724470 268876 605724 222500 922612 328791 215456 341887 898183 422521 586660
145796 955222 613387 508281 713177 600738 589952 663095 724809 367172 318838 810549 983801 621103 440943 799216 680796 767003 126798 647395 547367 563095 154102 869074 749640 423182 313054 678115 88065 870113 700991 648546 325622 750867 937358 737917 511339 590712 945977 116291 306362 443319 674605 853382 814650 497723 409864 131395 163664 709803 999999999 499813 213884 905851 220911 723621 85299 517236 764602 574960 967774 680489 805728 761797 780233 590192 457480 350239 286954 703367 791826 323492 371166 479251 726878 612378 855095 866934 339588 420787 312742 821848 681271 607614 459605 511274 485727 948792 95800 722115 697303 110335 643386 348834 420262 648736 784918 303666 334108 123227
360419 865388 620060 51620 466111 928188 395161 223247 241170 541397 532666 313820 663716 626322 241955 299403 538767 724739 552326 766953 650594 480861 389374 387259 589787 571942 239589 816602 424598 527468 751878 548959 181950 576365 522860 391634 295745 630559 463324 544507 269905 376172 181669 378453 832375 822284 383942 563228 385342 824982 499813 999999999 444977 494530 298452 289201 496902 736761 345782 580757 489776 658774 580409 316804 772074 702462 414662 149945 227601 334586 588318 451585 699358 810873 228746 933069 429251 747735 481166 348663 532255 346911 290382 591583 798861 678156 108807 499673 497755 329151 640071 466425 634265 281300 516695 642566 673258 306401 447782 498215
160141 1097836 767733 474252 790832 814476 675524 653226 686145 545930 502760 752441 1044672 775576 289179 726935 793488 916239 339668 832831 723507 685084 99216 832108 860934 601087 362538 868809 233370 917280 872398 772821 269525 857221 950443 777262 577295 752870 907842 328892 179667 552481 625716 823266 982251 710756 527401 345005 293707 896689 213884 444977 999999999 920059 283149 719440 288567 717562 770563 726062 934700 831027 897120 752607 939642 771180 578352 321606 224141 730626 890360 109642 582429 692494 647820 825970 859795 997368 127082 522847 497483 791621 696969 754829 673044 700539 478942 940051 298236 739274 838325 296113 795228 194887 582434 801786 913999 151433 487225 322681
797133 640188 615242 453076 299449 1091057 384742 271646 288613 734750 760737 316219 236334 616046 732189 372734 434177 609374 900984 793031 718215 496894 844228 220289 422142 725369 593199 840645 818072 141967 719000 484657 651626 400643 31533 185040 411191 651370 225919 897801 757026 523550 349829 196384 732650 1009094 559271 911299 748300 823987 905851 494530 920059 999999999 686445 205332 864916 863867 150090 601764 209777 601155 334346 181494 670414 751132 539088 598481 696159 203803 365769 942964 927804 1006889 417129 1088594 68387 535765 973162 527145 764592 208070 225956 583287 1004695 786826 441161 104553 860509 184183 556295 827191 604555 774783 666831 610693 508407 795369 669790 846929
126120 817198 495087 296641 515479 662400 396343 442701 508823 309275 280366 599163 778886 502839 333516 593725 510396 638934 253953 586939 470354 402579 185832 651215 578015 357661 93511 629534 135144 658817 609758 490179 159312 574775 717896 523049 304403 485732 727848 246344 221411 269473 462696 634405 714547 553767 245865 264884 87545 650797 220911 298452 283149 686445 999999999 502748 199998 504953 543947 452515 748683 555293 617881 541039 667105 521756 296663 153141 148428 485190 609343 360889 423512 539536 526681 669841 634549 714789 389380 239700 277405 603088 461157 478747 524586 466631 266902 727881 200005 502372 558786 168100 520692 272725 322997 527768 631463 247655 228278 199814
604788 700186 566340 248447 287820 996519 302580 66716 116732 614160 629319 200716 394836 569697 527751 243786 413218 612316 735702 742622 645791 424693 648093 177542 434304 619078 412156 793436 637426 260205 690358 449904 450019 414499 233948 155298 274650 594066 244791 731003 553070 398892 161341 151165 735579 903096 429140 746475 573756 786792 723621 289201 719440 205332 502748 999999999 692791 775422 58403 539998 257425 575553 381247 39994 670775 688764 425857 399042 495328 105980 402499 738355 803767 897366 253757 996832 141022 582924 768420 391252 631903 126852 73306 532981 891448 701839 243335 225472 689822 73069 539324 656096 566140 569626 557419 573816 528392 591130 534352 680048
