NAME : synthetic_000218
TYPE : CTSP-D
DIMENSION : 100
GROUPS : 8
RELAXATION_LEVEL : 1
EDGE_WEIGHT_TYPE : EXPLICIT
EDGE_WEIGHT_FORMAT : FULL_MATRIX
EDGE_WEIGHT_SECTION
999999999 760177 708332 713828 493815 267472 360709 691022 18124 460810 381199 649077 693144 327694 783848 320654 43590 468440 521983 499065 374880 703845 210712 336738 288847 657062 280815 125239 333069 675049 476921 99833 34352 269503 248355 770179 416380 495315 666879 226418 491075 731121 643944 321699 791084 773143 599376 805764 573624 249111 567454 673284 306135 648114 548625 456823 168000 609446 286004 645417 855740 631123 554846 266505 520195 444159 68979 618426 509963 716784 573521 411413 501286 666392 385681 558520 211543 419586 700759 579837 415847 315951 500661 481724 262283 314264 302392 725808 450921 565198 593682 366597 535668 351419 285734 514561 596803 696691 357109 426676
760177 999999999 221587 235467 266952 785147 588026 169235 775387 634104 921717 211961 344155 924355 476297 1076428 803761 693079 475360 606478 718889 414045 876372 576897 1016541 734762 1040194 832277 701375 160890 710856 694383 793190 518118 515022 532840 645752 299439 279350 637710 279964 463879 253416 488707 90377 247061 403941 440429 239696 987640 323436 675825 565497 585830 376431 701587 637012 209844 850150 312336 354027 255535 615537 827745 715152 895023 754997 959466 531597 176664 376828 900616 259216 834561 958776 427959 944388 939877 226760 689563 395102 515790 296040 328998 625497 806151 1021762 321867 355366 485638 232279 611126 511747 941289 1007830 283694 221249 397824 466693 626027
708332 221587 999999999 426657 265639 658948 648317 352146 720069 725150 778894 374499 522620 795712 257430 1027949 750334 515734 291428 421856 778957 192738 773887 628039 989968 525417 974478 749545 557564 79078 532034 668556 742682 523236 493075 311602 722883 216629 451629 532502 238780 242299 415734 392793 161210 68173 201810 227284 356097 902991 155385 462148 446442 372473 501057 527021 627886 111903 869601 475745 179301 79015 734947 704197 527463 734523 683431 771067 346738 371400 511925 748110 263230 629278 819985 557670 859626 790047 413531 489849 293827 409295 372867 226620 509826 840079 999676 101522 419481 616289 119685 462914 631850 808833 984011 197966 121126 573703 509043 459449
713828 235467 426657 999999999 299382 818213 443352 74599 731327 453659 965457 75484 110616 950894 681909 1005662 755192 794579 605714 724046 561359 605896 875796 443433 925951 882106 989484 813021 761771 349382 813012 627293 742415 444980 471768 729890 477715 386522 61357 662218 341683 658532 70126 527680 325729 469675 563512 653934 150677 960343 467617 834382 614586 747680 197184 798919 559334 360679 722935 97820 583189 426843 410911 854550 828958 962341 730283 1062802 656508 58837 183996 957491 291763 970513 995629 231640 919699 991335 16281 822444 462440 560140 218901 419586 662787 667661 926350 526707 263037 280957 377189 685618 314648 971418 914869 380871 365338 163949 363716 719909
493815 266952 265639 299382 999999999 535135 382779 242606 508772 463842 678666 224200 350683 672513 467162 811702 537401 495465 318872 428289 513334 377919 614436 362449 757141 594969 773401 566435 467088 203875 513889 432731 527108 266816 251838 496597 458590 98350 286671 381739 48077 428309 248162 236809 301505 332934 302492 458112 158214 721428 207784 555176 321563 474252 271155 499585 380779 154096 612137 292464 443493 212192 485066 575183 531178 667281 488330 763427 364880 271625 289919 665545 8454 677163 712225 325263 678326 701575 283117 529991 163067 267805 129285 127806 375546 578118 763940 334498 160437 379613 152278 387213 386777 691246 749316 102037 146798 389810 243440 420585
267472 785147 658948 818213 535135 999999999 579423 773208 259266 690918 148659 744198 832073 139317 642966 470717 275132 241395 392952 309297 627125 582423 141601 550368 497394 425075 386436 181771 115095 655909 242777 341622 281641 430352 374139 609419 651093 486039 786488 156000 508477 591927 754189 298939 785584 711741 489923 678585 667547 285552 503563 459722 219905 463328 698846 226315 386823 589794 553188 775980 762603 581466 775517 45545 285691 181421 198565 351309 355001 801966 724936 156262 543585 412143 177645 726948 249555 179506 802716 356460 390187 269836 601915 458260 160179 580377 516811 637949 572082 751323 568551 202646 730267 156454 500546 502700 576564 850964 518568 236125
360709 588026 648317 443352 382779 579423 999999999 454453 378217 114075 718714 403425 382345 676367 831202 590438 390391 690977 617601 671205 132393 740340 567302 30511 497014 853667 596365 484545 587850 582556 706209 261039 376481 173946 238279 847091 84789 454133 384095 453048 415576 785649 378206 411251 654303 715245 646680 830734 350113 599933 567489 839796 471328 779320 247026 686067 197725 536872 279997 351792 826178 591968 197161 596894 741621 758897 409892 913670 639451 471257 264841 735600 385108 902237 732496 229871 567377 754509 435618 775453 439466 434884 293902 465858 477453 224780 494026 713153 236600 216412 533744 562149 181760 700074 484557 467854 529214 368468 140516 622221
691022 169235 352146 74599 242606 773208 454453 999999999 707964 482391 918722 51326 176572 908547 607324 993247 733538 733642 538199 659595 579877 531686 840448 449500 920071 813495 970271 782674 709516 274783 752063 610423 721360 426864 443952 655590 500387 322471 110119 617858 280768 584265 87006 477486 258036 396237 491789 579429 117772 933528 396789 764004 563380 676583 220093 738848 545214 287716 729715 143588 510638 353147 452998 811475 765847 909833 700803 1002797 590289 29025 215253 907450 234452 904033 950828 266407 891820 942808 61606 755908 404310 509229 190652 355839 615130 678688 922227 452111 244917 321966 305000 629431 351232 928241 909785 314929 293020 229988 354779 659947
18124 775387 720069 731327 508772 259266 378217 707964 999999999 477541 368398 666285 711157 313377 790464 308022 30364 466614 528035 500631 389694 711444 195163 354471 281786 655648 264990 109131 330268 688148 474464 117589 26521 287248 264796 775353 432898 507987 684617 229317 504982 737666 661484 331524 805134 784472 607208 813357 590664 231082 577753 673789 311555 650986 566671 454580 186061 622256 294114 663306 865557 642530 571936 255630 517956 433882 63043 609319 514170 733842 591589 400208 516322 662064 371467 576644 193419 406967 718193 579021 426961 324212 517723 493579 264953 325376 296297 735522 468360 583215 606151 368343 553580 337016 279519 527236 609526 714804 375096 427455
460810 634104 725150 453659 463842 690918 114075 482391 477541 999999999 827976 431588 369621 782964 924742 653730 485769 804493 722736 782360 127043 834014 670570 144529 550442 965020 673057 585973 701864 654137 819868 363098 472132 286277 351058 945148 46448 545243 392305 566989 502296 881316 397879 521865 709259 790070 744612 920249 395550 689749 660355 948853 584561 885525 262321 799790 305488 616021 313388 356099 904421 676008 98409 706548 854891 871129 515182 1027386 747634 493227 270335 846818 464575 1015544 839811 222183 660524 864354 449792 887239 542100 546679 355095 560942 591528 247747 543297 798283 305699 181239 616049 675512 143227 806766 536772 556962 609991 340643 235818 735122
381199 921717 778894 965457 678666 148659 718714 918722 368398 827976 999999999 891089 980714 69737 723443 492675 374805 295434 496306 385938 754182 676334 184827 690502 549761 443777 399070 265703 222380 784796 287259 469209 385009 576352 521774 679312 786345 622506 934700 303878 649128 675896 902047 441877 915146 825969 594793 765103 814795 291009 624978 496790 358280 525902 847300 279851 522493 720434 656325 924543 862634 704001 915751 121961 320347 97582 317014 269036 448685 947601 873400 55413 687083 394245 44261 874615 273005 38884 949846 394001 527482 411097 749953 592797 303594 693153 571103 744560 720729 897511 698485 316482 875282 57058 556505 638030 707471 999508 665603 325838
649077 211961 374499 75484 224200 744198 403425 51326 666285 431588 891089 999999999 148386 877690 625015 947603 691147 719606 533713 650188 528561 545379 805062 398991 872442 810586 927080 744453 686444 295582 738035 565962 678703 382452 403882 669571 449127 313121 77215 588264 267268 598186 42694 452486 297742 424306 496196 600649 77539 893649 399338 764649 539320 678983 169476 723784 499654 297138 679389 103550 540636 364931 404903 781080 754535 887026 662046 987598 583592 69850 166243 882487 216689 897467 921745 217554 852430 916602 59352 749533 387196 484881 149171 345930 588086 627829 874148 471790 199482 274307 311744 610146 302156 897976 861941 308522 300266 199258 307048 644785
693144 344155 522620 110616 350683 832073 382345 176572 711157 369621 980714 148386 999999999 958472 773239 965661 731986 839739 668719 777995 487011 692825 872372 389345 877627 945401 959513 802368 789737 443816 858000 599624 718533 425822 466089 816936 400361 446641 71199 677600 397659 745622 109211 556749 433913 570762 639286 749004 193004 942239 541902 903340 643235 819607 144926 842150 529546 444055 660396 58889 686195 512255 313104 864521 878656 988478 719646 1103624 715561 168199 121277 978950 344520 1027397 1007102 153439 903717 1009643 117449 880550 508203 589575 237909 477928 683975 600599 875629 620176 259997 189118 457503 722393 226472 980243 865576 445172 446343 53675 336107 763895
327694 924355 795712 950894 672513 139317 676367 908547 313377 782964 69737 877690 958472 999999999 761468 423155 316240 338554 522136 422756 702554 707984 121563 649198 480571 500401 329752 206500 240774 794754 333320 420709 327428 544034 493972 721480 740044 625334 916398 291031 647124 712184 885456 437259 924593 846703 620391 800602 800527 221542 640461 548867 359221 569821 821296 322625 478734 728837 595304 903687 891736 718844 873408 97330 370438 165132 267906 338773 478920 937129 847390 122455 680966 458346 58136 844792 203460 105909 935655 444672 529475 408770 732996 597558 298999 635203 501990 769726 699114 863745 707486 334549 839383 23826 487552 642017 715631 973859 634910 355958
783848 476297 257430 681909 467162 642966 831202 607324 790464 924742 723443 625015 773239 761468 999999999 1083711 819941 428410 263039 338784 953325 90882 779818 805831 1072231 347545 1012811 783986 528065 332649 438411 775877 816312 676323 627280 67185 913011 379528 702058 566608 424208 52863 664559 471519 402575 235398 190669 51864 594358 922230 264423 275109 479626 205863 731832 443777 755728 331953 1004491 722810 179080 263608 952127 686859 413472 652241 738719 629108 288977 627842 746768 678951 468538 454540 767641 787840 881895 721790 668169 349240 401041 469806 593066 365347 533600 989557 1086232 155959 627061 844335 322822 445264 853632 767516 1069552 368606 332397 822539 692103 407566
320654 1076428 1027949 1005662 811702 470717 590438 993247 308022 653730 492675 947603 965661 423155 1083711 999999999 277896 711471 821043 769305 531566 1009427 332524 578080 114194 895478 94337 301619 577789 995698 713479 384006 286453 566744 561418 1061243 608183 815879 952722 517552 811236 1030930 935767 637648 1110852 1092013 906661 1110823 875690 201671 883999 929474 606047 924490 822407 696683 448060 930069 350535 925927 1170335 950194 751281 438501 756374 587613 348451 761280 798372 1017046 844606 545138 818889 872357 466677 817327 225355 526395 994259 826917 734502 627228 803395 801548 550113 416072 131207 1040252 748481 806475 914135 643433 770559 437588 128574 835128 917396 957542 642047 693790
43590 803761 750334 755192 537401 275132 390391 733538 30364 485769 374805 691147 731986 316240 819941 277896 999999999 489986 557322 527102 391805 741300 195451 368121 252567 679235 237504 109766 352910 718012 497144 133515 13936 310327 291540 804133 440397 538004 707424 257211 534419 767120 685205 361871 834492 814795 637151 843201 616010 211848 608114 699224 340683 678348 587197 477527 203629 652232 282297 685219 895885 672841 581552 266854 540809 445311 86459 622479 542487 759112 611798 409946 544875 682281 374308 594924 177123 413638 742304 603283 457295 354332 543030 523812 292598 319004 267614 765842 492540 598981 636239 395118 568254 339503 250790 557253 639532 733939 396442 453360
468440 693079 515734 794579 495465 241395 690977 733642 466614 804493 295434 719606 839739 338554 428410 711471 489986 999999999 224394 96103 773869 386844 382598 660489 730510 189275 627824 415447 137560 539757 18436 510443 492437 518651 453760 384149 773189 411854 780049 254417 453329 381863 742390 294320 666945 552714 317780 471268 651539 525864 372535 218327 220253 231444 730512 15938 529324 483283 745622 780853 574641 448886 872018 278764 52781 226827 404084 269438 169217 762220 754810 250761 502917 211652 339690 772922 490868 293739 778298 115634 332929 264120 602709 378509 221801 757702 748762 464223 595830 812507 460812 129199 801970 341913 732112 421701 471863 871991 587391 75956
521983 475360 291428 605714 318872 392952 617601 538199 528035 722736 496306 533713 668719 522136 263039 821043 557322 224394 999999999 132130 728043 191097 524113 589189 809802 277040 751751 522304 281597 318199 240949 521085 554043 448837 391157 249895 702236 222109 602573 303656 271261 210178 563419 220463 443483 331413 98558 290800 475716 664302 151929 237354 216719 163380 583647 235603 509557 266622 755446 610936 369963 225484 769625 438221 240292 444679 475695 485062 56525 565506 604759 461049 324540 366137 539020 634198 622989 503680 589662 218209 182086 212074 443700 191076 271073 747643 824161 248343 455958 683408 244775 190397 682450 532186 807429 225195 256554 708683 487644 171121
499065 606478 421856 724046 428289 309297 671205 659595 500631 782360 385938 650188 777995 422756 338784 769305 527102 96103 132130 999999999 766915 291777 449732 641189 776041 182694 690800 468145 194772 450206 110953 523456 527121 497306 433629 300590 755420 337613 714960 273223 383109 290188 676395 260557 575513 457054 222332 379242 586412 593766 283433 177016 209164 155326 679129 109628 529671 396980 762101 719322 479335 357591 841449 351520 108703 322401 440906 353165 75660 687633 702193 344271 435074 249729 429957 725521 555726 387361 707814 106513 271244 236574 544663 304465 237348 765861 792842 368135 546049 769698 374792 132476 763318 428798 776006 344745 386302 814018 554720 75522
374880 718889 778957 561359 513334 627125 132393 579877 389694 127043 754182 528561 487011 702554 953325 531566 391805 773869 728043 766915 999999999 862740 584765 150967 425739 947102 557608 498497 657518 714328 787493 286026 379015 279694 337633 965143 87296 580065 500526 523611 544000 906221 499814 512750 786432 846215 765944 955626 479910 584952 691442 940454 559869 886597 364566 766848 246408 667230 186786 465853 956067 720482 221212 635637 826059 808448 437170 974351 743837 594562 377988 779719 516040 985093 760493 334717 559816 792021 555360 867745 555631 531735 425946 589054 553197 120774 417673 840750 368963 302646 663151 648056 264136 726293 411844 594765 659132 462783 269917 710496
703845 414045 192738 605896 377919 582423 740340 531686 711444 834014 676334 545379 692825 707984 90882 1009427 741300 386844 191097 291777 862740 999999999 715090 715032 992686 348122 941996 712330 469237 260285 399693 690808 736901 586260 538312 124203 822131 288897 621876 492085 334189 52808 583687 386999 350413 193259 104774 101922 509925 855381 173659 279641 403389 193765 644745 401101 668061 248912 916978 640728 187855 180571 862464 627370 382652 613670 662140 615343 229064 553952 660512 635983 379651 455334 720024 700417 813986 679071 591520 329008 311956 388103 504921 274482 460722 900579 1005976 98301 537317 756349 237372 380599 764679 716318 989408 278415 247732 740897 601224 352193
210712 876372 773887 875796 614436 141601 567302 840448 195163 670570 184827 805062 872372 121563 779818 332524 195451 382598 524113 449732 584765 715090 999999999 541504 372152 563693 245636 86342 254960 760997 383080 307551 207126 449179 406884 748871 626601 583276 836187 242648 596419 728098 808026 390238 887989 830999 618484 813305 727544 144115 619794 600854 327516 604364 731229 367325 370141 693700 473747 819965 890761 695084 763297 106013 425328 268044 158270 447201 490867 868276 757070 228050 622761 541014 179306 749456 108500 223476 861248 497157 489238 367473 656957 559605 264228 514088 392867 763448 616729 763323 673841 335078 736558 144409 377489 601452 680363 883047 540709 375504
336738 576897 628039 443433 362449 550368 30511 449500 354471 144529 690502 398991 389345 649198 805831 578080 368121 660489 589189 641189 150967 715032 541504 999999999 488292 823580 579695 459608 557517 564036 675707 236908 354185 143884 207997 820458 114295 430219 385513 422785 393222 759731 376534 381462 640325 695372 620279 806488 341350 578863 542705 810253 440889 750525 249622 655560 171369 516283 280510 354793 805108 569736 225336 568597 711165 729471 383626 883529 610196 467819 269556 706604 365272 871773 705018 239276 545240 726055 434723 745280 412017 404771 281160 440670 447015 230171 486604 690324 222479 232824 512220 531684 200446 672851 476307 444506 508166 379485 119010 591832
288847 1016541 989968 925951 757141 497394 497014 920071 281786 550442 549761 872442 877627 480571 1072231 114194 252567 730510 809802 776041 425739 992686 372152 488292 999999999 918884 181599 316262 593232 950167 735334 324686 255944 499167 505543 1056632 505847 774139 870544 509255 762906 1019441 856830 609448 1058610 1056103 888222 1094606 803785 270100 853792 944826 593227 928926 736845 716840 379669 886660 240988 841639 1142644 914259 646781 473545 779076 639202 336550 817499 794660 942282 757642 598079 763704 908824 531006 726515 277518 586436 915586 845695 700805 604772 733048 764026 544301 307423 21843 1013021 675779 710705 872709 645157 673758 498686 14515 793206 874561 865468 565437 701278
657062 734762 525417 882106 594969 425075 853667 813495 655648 965020 443777 810586 945401 500401 347545 895478 679235 189275 277040 182694 947102 348122 563693 823580 918884 999999999 809159 603070 326728 573885 183555 694167 681559 679728 615793 285189 937746 499014 879579 438391 547744 317895 840443 443250 686531 540067 330863 398644 752446 704345 418784 72495 387300 154706 854897 202248 706709 533382 931323 887393 521996 479310 1023716 457873 139869 353260 593249 285354 230994 840286 877097 390316 600929 107814 486098 903124 672102 428822 866128 79589 446362 418812 717252 467474 403872 939961 937379 444417 723533 949081 513042 301363 944070 497819 920781 502144 525168 984464 737059 238115
280815 1040194 974478 989484 773401 386436 596365 970271 264990 673057 399070 927080 959513 329752 1012811 94337 237504 627824 751751 690800 557608 941996 245636 579695 181599 809159 999999999 229725 497044 948160 628666 362288 249161 544878 529043 986710 626674 767185 939760 451034 767777 960308 919366 581725 1067851 1036624 840978 1042525 852587 108341 826202 846151 540473 846086 814740 612679 431215 881454 389156 915643 1108891 895844 771465 351287 670963 494606 291317 667352 725023 995500 838354 452022 781028 781964 372423 816185 137136 432374 977044 742675 680904 567540 779632 749858 481319 450542 202716 979239 727855 812134 864156 568780 778122 343636 193698 786347 868457 956638 627356 615582
125239 832277 749545 813021 566435 181771 484545 782674 109131 585973 265703 744453 802368 206500 783986 301619 109766 415447 522304 468145 498497 712330 86342 459608 316262 603070 229725 999999999 279074 728300 419546 223699 121004 376713 341265 759901 541616 547708 770235 221540 554184 731357 744123 357537 851788 810259 611275 812996 667359 155714 599046 631738 310989 623148 659395 401411 288759 661032 390625 751781 879775 670599 679605 163812 463203 340328 82945 519047 497269 809780 684923 303210 574522 593904 264594 674144 112237 304583 799030 530989 457639 340584 595358 527649 251616 428768 335351 750363 551089 684853 642594 341884 656772 229827 318986 566581 647827 810004 467573 392633
333069 701375 557564 761771 467088 115095 587850 709516 330268 701864 222380 686444 789737 240774 528065 577789 352910 137560 281597 194772 657518 469237 254960 557517 593232 326728 497044 279074 999999999 562470 144261 383256 355813 422200 359053 494440 666627 403193 737231 135131 433480 477234 702144 234433 692823 606716 379686 564324 612367 399013 403058 352670 147344 349559 666260 124652 411110 498383 614127 731726 651487 481998 777599 158847 187899 200585 267429 327730 240812 738540 691838 199805 475351 335058 262550 701828 361304 238502 745763 252463 309714 201752 553048 372501 112256 630643 611346 528953 533405 734248 476341 94663 718453 251995 594674 417916 485491 815069 501798 121041
675049 160890 79078 349382 203875 655909 582556 274783 688148 654137 784796 295582 443816 794754 332649 995698 718012 539757 318199 450206 714328 260285 760997 564036 950167 573885 948160 728300 562470 999999999 557102 626006 709252 469210 446538 382928 654378 181021 372756 518401 187672 312097 336696 371830 130353 136937 243108 305377 278157 883555 167239 515187 437424 425248 423927 549338 579628 67390 815461 396668 253773 94864 659730 700251 558485 749591 657205 803262 374716 295284 434001 758888 199833 674069 824070 480441 839977 799608 335866 529788 271952 393565 299650 201506 500201 781982 958488 177352 349508 539273 87493 469191 556043 809769 943293 161932 80696 494724 445335 476319
476921 710856 532034 813012 513889 242777 706209 752063 474464 819868 287259 738035 858000 333320 438411 713479 497144 18436 240949 110953 787493 399693 383080 675707 735334 183555 628666 419546 144261 557102 999999999 521750 500062 534300 469427 392203 788115 430234 798410 266327 471763 392822 760773 311613 683970 568008 333243 482219 669915 525583 389863 218480 236214 238646 748338 20749 542401 501029 755881 799116 587547 465875 888195 278204 43806 214593 411673 251090 185304 780636 772694 240704 521346 197601 331485 790494 491552 283431 796732 114199 351325 281118 620893 396884 234606 769246 753868 478773 613633 829746 478577 145341 818894 335452 737284 440013 489679 890104 603992 94122
99833 694383 668556 627293 432731 341622 261039 610423 117589 363098 469209 565962 599624 420709 775877 384006 133515 510443 521085 523456 286026 690808 307551 236908 324686 694167 362288 223699 383256 626006 521750 999999999 119737 183601 180938 770770 319525 451988 577577 256239 438501 724108 557168 304359 734081 735534 586350 791722 492675 345346 539251 700452 316623 663009 454712 501050 70256 563253 238690 554074 827406 594507 455970 349790 563211 522713 152929 690901 519868 634915 479047 493696 439430 717456 478059 461426 309706 506698 615000 614958 385690 309019 420036 444582 290304 247606 332489 699290 366484 466077 550150 393839 436083 444535 317389 470840 551406 600594 265329 456875
34352 793190 742682 742415 527108 281641 376481 721360 26521 472132 385009 678703 718533 327428 816312 286453 13936 492437 554043 527121 379015 736901 207126 354185 255944 681559 249161 121004 355813 709252 500062 119737 999999999 297463 280092 801602 426828 529612 694372 255814 525017 763534 672397 355684 824923 807472 632551 838822 603762 225687 601603 700146 337695 677503 573711 480264 189908 643715 273411 671970 889771 665457 567803 275286 543620 453810 88392 630349 540574 746810 598261 419054 534512 686739 385546 581163 191058 423783 729604 605113 450141 349298 530783 516075 291465 308243 270146 759801 479910 585068 628001 394851 554320 350811 253396 548857 631087 720254 383140 453875
269503 518118 523236 444980 266816 430352 173946 426864 287248 286277 576352 382452 425822 544034 676323 566744 310327 518651 448837 497306 279694 586260 449179 143884 499167 679728 544878 376713 422200 469210 534300 183601 297463 999999999 64892 685900 258148 311928 397377 289847 284632 628198 374940 237739 565766 591408 487505 681682 309145 517791 417841 666775 298487 608759 282733 514404 119738 412453 346656 376448 694339 456592 355744 455351 568753 604087 294211 749857 467362 451321 308362 585450 272191 729409 596665 301093 478460 609506 432290 601520 276526 260939 236665 315616 310196 318493 503791 572696 183032 321169 403808 389524 300210 566920 490075 328724 402255 433978 91550 448849
248355 515022 493075 471768 251838 374139 238279 443952 264796 351058 521774 403882 466089 493972 627280 561418 291540 453760 391157 433629 337633 538312 406884 207997 505543 615793 529043 341265 359053 446538 469427 180938 280092 64892 999999999 632786 321996 277082 429711 228465 258877 577806 402892 175530 553143 560817 436995 636120 327296 489849 374849 604475 233602 548964 327331 449555 134966 385257 381323 413106 658305 421861 419985 402252 503887 544401 258520 686774 406397 470343 353420 527656 258620 664545 544642 352864 448548 553643 457849 537345 226363 197058 254727 274794 246826 362300 512846 533137 210216 378566 373636 324633 360291 516277 497989 295307 373893 479891 144992 384085
770179 532840 311602 729890 496597 609419 847091 655590 775353 945148 679312 669571 816936 721480 67185 1061243 804133 384149 249895 300590 965143 124203 748871 820458 1056632 285189 986710 759901 494440 382928 392203 770770 801602 685900 632786 999999999 930324 403524 746024 547691 451160 71415 707772 468239 462988 297480 200619 118678 633071 892503 289095 212784 464045 153956 765787 399917 756602 372919 1003944 764573 246167 304700 978731 652053 363242 603426 720701 569134 263028 677525 782308 632522 498999 391104 723566 821005 853388 674920 715590 295026 409515 461862 624972 384535 513236 993412 1071631 211083 654092 876130 360676 418155 882817 725860 1054835 395287 371315 864800 710178 373474
416380 645752 722883 477715 458590 651093 84789 500387 432898 46448 786345 449127 400361 740044 913011 608183 440397 773189 702236 755420 87296 822131 626601 114295 505847 937746 626674 541616 666627 654378 788115 319525 426828 258148 321996 930324 999999999 534592 416557 531507 494102 868135 418206 495756 717368 788957 729765 911072 406065 643582 648815 924482 554169 864072 282171 767832 264475 612297 270720 381273 901673 669751 144820 665288 824209 831885 472138 990606 724227 513474 293775 806579 460160 984701 797154 248863 614670 823060 472494 859340 523591 518940 358545 547821 557445 206139 499252 791591 304986 215351 610629 644715 176840 763864 492306 547538 605384 375492 220908 705329
495315 299439 216629 386522 98350 486039 454133 322471 507987 545243 622506 313121 446641 625334 379528 815879 538004 411854 222109 337613 580065 288897 583276 430219 774139 499014 767185 547708 403193 181021 430234 451988 529612 311928 277082 403524 534592 999999999 380601 341608 50294 337218 341517 193038 304928 283987 206099 376631 253641 703167 115346 457384 266200 375927 368740 417745 412044 114363 656183 389000 382653 145146 575216 529068 443390 599690 476184 681272 270555 350807 388028 602922 103193 584348 659346 422074 659588 641483 370312 436453 95865 217730 226902 33389 326944 630411 783485 261429 250726 475162 98641 315413 479877 641993 767925 19249 101543 487272 313976 339252
666879 279350 451629 61357 286671 786488 384095 110119 684617 392305 934700 77215 71199 916398 702058 952722 707424 780049 602573 714960 500526 621876 836187 385513 870544 879579 939760 770235 737231 372756 798410 577577 694372 397377 429711 746024 416557 380601 999999999 630823 332561 674680 39294 502954 367976 500594 569926 677863 128704 914883 472670 835879 589990 751315 137169 783222 508641 373235 664015 36919 616479 441324 351223 821012 817313 937193 687297 1046041 650714 108485 122782 929871 279974 963704 963063 170338 874994 962150 59177 816279 447275 535766 184966 412570 634359 607889 870318 548996 219519 220654 387067 665841 253682 937545 859193 377965 375795 122453 312435 704510
226418 637710 532502 662218 381739 156000 453048 617858 229317 566989 303878 588264 677600 291031 566608 517552 257211 254417 303656 273223 523611 492085 242648 422785 509255 438391 451034 221540 135131 518401 266327 256239 255814 289847 228465 547691 531507 341608 630823 999999999 358401 513766 598275 149103 645808 591281 390134 593321 511556 371431 379701 448807 89454 421797 546879 245580 277408 451142 492946 621034 658281 453531 644076 193762 307197 316473 173009 461026 285405 646534 572864 302346 390188 463268 333481 578106 328417 332044 646732 359498 246866 124839 446093 317120 35911 503297 524767 529006 417857 606683 431200 140897 588723 310399 507931 359489 437802 698251 373119 202626
491075 279964 238780 341683 48077 508477 415576 280768 504982 502296 649128 267268 397659 647124 424208 811236 534419 453329 271261 383109 544000 334189 596419 393222 762906 547744 767777 554184 433480 187672 471763 438501 525017 284632 258877 451160 494102 50294 332561 358401 999999999 383726 293701 209960 300194 306940 255396 417954 204751 709858 162074 507248 290848 426175 318664 458214 392335 127870 631221 339709 412754 176517 528352 550033 487312 632500 478905 722209 318192 309556 337781 633019 53288 631256 684266 372299 666420 670269 325409 483725 124465 238750 176774 80272 348300 601370 770986 297649 203237 425911 119972 349822 431659 664931 755867 55925 117680 437531 275084 379260
731121 463879 242299 658532 428309 591927 785649 584265 737666 881316 675896 598186 745622 712184 52863 1030930 767120 381863 210178 290188 906221 52808 728098 759731 1019441 317895 960308 731357 477234 312097 392822 724108 763534 628198 577806 71415 868135 337218 674680 513766 383726 999999999 636477 419794 396960 234610 140866 89415 562359 870224 221978 246719 426768 168002 696308 396947 705149 301669 953716 693441 204650 233367 912016 636081 370521 607313 685856 593966 237280 606341 712399 632618 430352 425706 719997 751796 829722 675602 644205 310000 352057 417417 556011 320509 480817 939879 1033493 143521 586957 807392 289826 393259 815015 718849 1016805 327809 300314 793632 647393 357209
643944 253416 415734 70126 248162 754189 378206 87006 661484 397879 902047 42694 109211 885456 664559 935767 685205 742390 563419 676395 499814 583687 808026 376534 856830 840443 919366 744123 702144 336696 760773 557168 672397 374940 402892 707772 418206 341517 39294 598275 293701 636477 999999999 467717 340009 466505 530758 641260 90914 890781 433470 796593 554808 712028 136119 745801 489235 334869 656784 60908 583013 403118 366007 789565 779157 902407 661295 1008945 611767 95413 128821 895961 241322 924938 931219 179736 850304 928858 58756 777415 409482 500454 152473 373600 600587 602968 857539 512164 193425 234961 348326 629308 264574 906307 845878 338721 337141 158213 293743 666987
321699 488707 392793 527680 236809 298939 411251 477486 331524 521865 441877 452486 556749 437259 471519 637648 361871 294320 220463 260557 512750 386999 390238 381462 609448 443250 581725 357537 234433 371830 311613 304359 355684 237739 175530 468239 495756 193038 502954 149103 209960 419794 467717 999999999 497841 455176 282319 488384 377985 512192 246404 429132 87091 374345 438825 293432 289101 304441 535707 498391 534093 314120 582075 340104 340733 434831 290959 549017 231100 506451 463746 430243 245234 500034 475587 479284 468648 465327 511738 365990 100173 32850 319270 170465 138908 527242 621619 404119 304281 518189 285406 168525 508179 455339 605260 211279 291149 584426 295566 219897
791084 90377 161210 325729 301505 785584 654303 258036 805134 709259 915146 297742 433913 924593 402575 1110852 834492 666945 443483 575513 786432 350413 887989 640325 1058610 686531 1067851 851788 692823 130353 683970 734081 824923 565766 553143 462988 717368 304928 367976 645808 300194 396960 340009 497841 999999999 167737 360187 362563 314064 1007436 295168 623296 566521 533673 456825 677090 681814 195798 906549 399919 267095 218100 697226 829718 682911 879269 778257 927497 499857 266899 459654 889072 295111 789969 954359 510247 963879 929884 316681 649095 398948 521196 360489 328870 628930 866712 1065436 253489 418037 568719 217147 599497 592775 939825 1050821 286562 209052 487542 525492 605307
773143 247061 68173 469675 332934 711741 715245 396237 784472 790070 825969 424306 570762 846703 235398 1092013 814795 552714 331413 457054 846215 193259 830999 695372 1056103 540067 1036624 810259 606716 136937 568008 735534 807472 591408 560817 297480 788957 283987 500594 591281 306940 234610 466505 455176 167737 999999999 234974 194915 413981 962601 211581 472626 503738 385361 560282 565123 695698 179777 937749 527239 117410 142040 796652 757221 558743 775911 746135 799002 384018 412284 569569 792280 330203 646540 867963 616680 919421 834775 457783 513769 357536 469690 436237 292099 566831 908196 1066113 95653 484732 675627 187768 512298 692892 858702 1050356 265534 189270 623040 576362 502317
599376 403941 201810 563512 302492 489923 646680 491789 607208 744612 594793 496196 639286 620391 190669 906661 637151 317780 98558 222332 765944 104774 618484 620279 888222 330863 840978 611275 379686 243108 333243 586350 632551 487505 436995 200619 729765 206099 569926 390134 255396 140866 530758 282319 360187 234974 999999999 206535 449044 756866 97426 274300 300908 185363 573621 330153 565065 205464 813858 583874 272785 148448 779976 535347 326137 541322 558779 569295 149111 517123 591892 558910 305966 431326 637563 627644 714906 601664 548071 288916 211209 283497 431777 184606 359924 799157 901382 149791 456478 681200 186875 287342 685791 630661 884835 200500 198934 683876 509560 269284
805764 440429 227284 653934 458112 678585 830734 579429 813357 920249 765103 600649 749004 800602 51864 1110823 843201 471268 290800 379242 955626 101922 813305 806488 1094606 398644 1042525 812996 564324 305377 482219 791722 838822 681682 636120 118678 911072 376631 677863 593321 417954 89415 641260 488384 362563 194915 206535 999999999 575695 954540 264291 326308 504892 254151 716647 486330 767259 314475 1016120 700590 127551 247987 942400 723079 459408 696678 763835 679057 323600 598424 730103 722017 458562 505875 809169 773090 913511 765007 640803 397286 410278 489988 580562 366791 561519 997908 1107873 129351 618535 830548 308630 478243 842058 807627 1091311 363617 316933 799465 690600 445035
573624 239696 356097 150677 158214 667547 350113 117772 590664 395550 814795 77539 193004 800527 594358 875690 616010 651539 475716 586412 479910 509925 727544 341350 803785 752446 852587 667359 612367 278157 669915 492675 603762 309145 327296 633071 406065 253641 128704 511556 204751 562359 90914 377985 314064 413981 449044 575695 999999999 817142 351687 710573 465040 627458 146765 654897 427743 262437 619436 135596 531349 330764 386209 704046 688610 812816 585086 918037 522862 143184 155860 807245 151760 835377 844990 202847 775724 840816 135197 688161 318669 410616 72981 284994 512283 571518 806448 446533 128007 261905 272555 538566 281590 820932 793733 252553 262322 234990 239562 576098
249111 987640 902991 960343 721428 285552 599933 933528 231082 689749 291009 893649 942239 221542 922230 201671 211848 525864 664302 593766 584952 855381 144115 578863 270100 704345 108341 155714 399013 883555 525583 345346 225687 517791 489849 892503 643582 703167 914883 371431 709858 870224 890781 512192 1007436 962601 756866 954540 817142 999999999 751047 743848 459967 748473 797734 510433 415360 816231 436980 894152 1027903 823978 787126 247379 567202 386284 233763 559661 633302 960134 822602 343719 729455 674343 265860 806677 43581 324899 946847 639781 612365 493705 744539 682575 398040 491032 291943 899375 697367 810508 797545 476980 779271 236050 279464 721981 802994 945426 606166 519346
567454 323436 155385 467617 207784 503563 567489 396789 577753 660355 624978 399338 541902 640461 264423 883999 608114 372535 151929 283433 691442 173659 619794 542705 853792 418784 826202 599046 403058 167239 389863 539251 601603 417841 374849 289095 648815 115346 472670 379701 162074 221978 433470 246404 295168 211581 97426 264291 351687 751047 999999999 367230 292338 280064 478228 382247 508191 115489 756119 486449 288935 79056 690106 548817 391978 584673 536618 636599 208248 422809 495854 596010 210594 514277 665607 532865 707897 637466 452014 367596 153678 258709 336720 102504 355566 735125 865079 160044 365161 587387 94415 308549 593724 653818 848950 106193 106496 586468 427932 310216
673284 675825 462148 834382 555176 459722 839796 764004 673789 948853 496790 764649 903340 548867 275109 929474 699224 218327 237354 177016 940454 279641 600854 810253 944826 72495 846151 631738 352670 515187 218480 700452 700146 666775 604475 212784 924482 457384 835879 448807 507248 246719 796593 429132 623296 472626 274300 326308 710573 743848 367230 999999999 385714 90030 820990 233530 705800 479516 939073 846132 450225 421619 1001792 496511 178597 410854 612765 356874 201797 790005 842095 445240 560478 179628 540190 871307 709177 485577 818638 104557 416322 408720 680961 427527 413115 942597 962436 377094 692612 919827 460235 308016 917567 548684 945671 458174 472368 944656 716625 246640
306135 565497 446442 614586 321563 219905 471328 563380 311555 584561 358280 539320 643235 359221 479626 606047 340683 220253 216719 209164 559869 403389 327516 440889 593227 387300 540473 310989 147344 437424 236214 316623 337695 298487 233602 464045 554169 266200 589990 89454 290848 426768 554808 87091 566521 503738 300908 504892 465040 459967 292338 385714 999999999 346854 522715 216658 320557 370791 555122 585019 568895 367740 651994 263394 270333 347798 259206 465166 205135 592385 547971 344083 329917 430984 393796 560984 417187 380094 598610 307884 170401 54447 406066 238450 63405 556885 607830 439752 388766 597029 349933 91062 584371 375805 591064 282795 357501 669890 368499 151307
648114 585830 372473 747680 474252 463328 779320 676583 650986 885525 525902 678983 819607 569821 205863 924490 678348 231444 163380 155326 886597 193765 604364 750525 928926 154706 846086 623148 349559 425248 238646 663009 677503 608759 548964 153956 864072 375927 751315 421797 426175 168002 712028 374345 533673 385361 185363 254151 627458 748473 280064 90030 346854 999999999 743048 247331 660135 390827 900951 763014 372413 331905 932972 504472 209413 449519 592733 425963 144163 702208 763260 478651 479043 261592 570131 794773 710809 520993 732074 143381 345456 359085 601860 347713 386051 898673 945249 289711 617670 845139 372022 283781 845146 573334 928400 375025 384121 862238 650780 230757
548625 376431 501057 197184 271155 698846 247026 220093 566671 262321 847300 169476 144926 821296 731832 822407 587197 730512 583647 679129 364566 644745 731229 249622 736845 854897 814740 659395 666260 423927 748338 454712 573711 282733 327331 765787 282171 368740 137169 546879 318664 696308 136119 438825 456825 560282 573621 716647 146765 797734 478228 820990 522715 743048 999999999 731017 384621 402177 527010 105181 677547 469235 240523 728990 773461 861784 576944 987582 624143 231503 26116 849222 267744 928166 871568 56641 759524 877809 190794 784669 408761 471009 141903 395418 557032 470735 735833 588271 134734 115354 409179 607250 135960 843548 725161 373123 400107 152564 192023 654764
456823 701587 527021 798919 499585 226315 686067 738848 454580 799790 279851 723784 842150 322625 443777 696683 477527 15938 235603 109628 766848 401101 367325 655560 716840 202248 612679 401411 124652 549338 20749 501050 480264 514404 449555 399917 767832 417745 783222 245580 458214 396947 745801 293432 677090 565123 330153 486330 654897 510433 382247 233530 216658 247331 731017 999999999 521691 491950 735343 783285 588807 459179 868625 263227 63385 212776 391874 264001 181177 767523 755514 235720 507156 218263 324099 772621 475666 278752 782645 130234 336668 262544 604725 384487 213892 748529 735226 477324 596283 811316 469440 126112 800052 326062 718607 428165 480343 873605 584828 79012
